Typical Measured Spectrum of Semrock FF01-578/21 Optical Filter	
For wavelengths between 320 and 1120 nm, values near or below 3e-7 (Optical Density 6.5) are measurement noise limited.
For wavelengths < 320 nm and > 1120 nm, values near or below 3e-6 (Optical Density 5.5) are measurement noise limited. 
Data format:  Wavelength (nm) <tab> Transmission (0 to 1)
265.0	1.6096e-06
265.2	1.5957e-06
265.4	1.582e-06
265.6	1.5684e-06
265.8	1.5549e-06
266.0	1.5416e-06
266.2	1.5283e-06
266.4	1.5152e-06
266.6	1.5021e-06
266.8	1.4892e-06
267.0	1.4764e-06
267.2	1.4637e-06
267.4	1.4511e-06
267.6	1.4387e-06
267.8	1.4263e-06
268.0	1.414e-06
268.2	1.4019e-06
268.4	1.3898e-06
268.6	1.3779e-06
268.8	1.366e-06
269.0	1.3543e-06
269.2	1.3427e-06
269.4	1.3311e-06
269.6	1.3175e-06
269.8	1.304e-06
270.0	1.2907e-06
270.2	1.2774e-06
270.4	1.2643e-06
270.6	1.2514e-06
270.8	1.2385e-06
271.0	1.2258e-06
271.2	1.2133e-06
271.4	1.2008e-06
271.6	1.1885e-06
271.8	1.1763e-06
272.0	1.1643e-06
272.2	1.1523e-06
272.4	1.1405e-06
272.6	1.1288e-06
272.8	1.1172e-06
273.0	1.1058e-06
273.2	1.0945e-06
273.4	1.0832e-06
273.6	1.0721e-06
273.8	1.0611e-06
274.0	1.0502e-06
274.2	1.0411e-06
274.4	1.033e-06
274.6	1.0251e-06
274.8	1.0172e-06
275.0	1.0094e-06
275.2	9.9969e-07
275.4	9.901e-07
275.6	9.8059e-07
275.8	9.7117e-07
276.0	9.6185e-07
276.2	9.5261e-07
276.4	9.4347e-07
276.6	9.3441e-07
276.8	9.2543e-07
277.0	9.1655e-07
277.2	9.0775e-07
277.4	8.9903e-07
277.6	8.904e-07
277.8	8.8185e-07
278.0	9.2025e-07
278.2	1.0006e-06
278.4	1.0879e-06
278.6	1.1829e-06
278.8	1.2861e-06
279.0	1.3984e-06
279.2	1.5205e-06
279.4	1.6532e-06
279.6	1.7975e-06
279.8	1.9544e-06
280.0	2.125e-06
280.2	2.3105e-06
280.4	2.5122e-06
280.6	2.7315e-06
280.8	2.97e-06
281.0	3.2292e-06
281.2	3.5111e-06
281.4	3.8176e-06
281.6	4.1508e-06
281.8	4.5131e-06
282.0	4.9071e-06
282.2	5.3355e-06
282.4	5.8012e-06
282.6	6.0647e-06
282.8	5.3915e-06
283.0	4.7929e-06
283.2	4.2609e-06
283.4	3.7878e-06
283.6	3.3673e-06
283.8	2.9935e-06
284.0	2.6612e-06
284.2	2.3658e-06
284.4	2.1031e-06
284.6	1.8697e-06
284.8	1.6621e-06
285.0	1.4776e-06
285.2	1.5265e-06
285.4	1.5771e-06
285.6	1.6293e-06
285.8	1.6832e-06
286.0	1.7389e-06
286.2	1.7965e-06
286.4	1.856e-06
286.6	1.9174e-06
286.8	1.9809e-06
287.0	2.0465e-06
287.2	2.1143e-06
287.4	2.1843e-06
287.6	2.2566e-06
287.8	2.3313e-06
288.0	2.208e-06
288.2	2.0036e-06
288.4	1.8181e-06
288.6	1.6498e-06
288.8	1.4971e-06
289.0	1.3585e-06
289.2	1.2327e-06
289.4	1.1186e-06
289.6	1.015e-06
289.8	9.2106e-07
290.0	8.3579e-07
290.2	7.5841e-07
290.4	6.882e-07
290.6	6.2449e-07
290.8	5.6668e-07
291.0	5.1421e-07
291.2	4.6661e-07
291.4	4.2341e-07
291.6	3.8421e-07
291.8	3.4864e-07
292.0	3.1637e-07
292.2	2.8708e-07
292.4	2.605e-07
292.6	2.6486e-07
292.8	3.429e-07
293.0	4.4394e-07
293.2	5.7476e-07
293.4	7.4412e-07
293.6	9.6339e-07
293.8	1.2473e-06
294.0	1.6148e-06
294.2	2.0906e-06
294.4	2.7067e-06
294.6	3.5042e-06
294.8	4.5368e-06
295.0	5.8737e-06
295.2	6.0667e-06
295.4	6.2662e-06
295.6	6.4722e-06
295.8	6.2762e-06
296.0	5.8602e-06
296.2	5.4717e-06
296.4	5.109e-06
296.6	4.7704e-06
296.8	4.4541e-06
297.0	4.1589e-06
297.2	3.8832e-06
297.4	3.6258e-06
297.6	3.3854e-06
297.8	3.161e-06
298.0	2.9515e-06
298.2	2.7558e-06
298.4	2.5732e-06
298.6	2.4026e-06
298.8	2.2433e-06
299.0	2.0946e-06
299.2	1.9558e-06
299.4	1.8261e-06
299.6	1.7051e-06
299.8	1.592e-06
300.0	1.4865e-06
300.2	1.388e-06
300.4	1.2978e-06
300.6	1.2178e-06
300.8	1.1428e-06
301.0	1.0724e-06
301.2	1.0063e-06
301.4	9.443e-07
301.6	8.8613e-07
301.8	8.3154e-07
302.0	7.8031e-07
302.2	7.3223e-07
302.4	6.8712e-07
302.6	6.4479e-07
302.8	6.0506e-07
303.0	5.6779e-07
303.2	5.3281e-07
303.4	4.9998e-07
303.6	4.6918e-07
303.8	4.4027e-07
304.0	4.1315e-07
304.2	3.877e-07
304.4	3.6381e-07
304.6	3.414e-07
304.8	3.2036e-07
305.0	3.0063e-07
305.2	3.1692e-07
305.4	3.3409e-07
305.6	3.5219e-07
305.8	3.7128e-07
306.0	3.914e-07
306.2	4.1261e-07
306.4	4.3497e-07
306.6	4.5854e-07
306.8	4.8338e-07
307.0	4.9997e-07
307.2	4.7555e-07
307.4	4.5232e-07
307.6	4.3022e-07
307.8	4.092e-07
308.0	3.8921e-07
308.2	3.702e-07
308.4	3.5211e-07
308.6	3.3491e-07
308.8	3.1855e-07
309.0	3.0299e-07
309.2	2.8819e-07
309.4	2.7411e-07
309.6	2.6072e-07
309.8	2.4798e-07
310.0	2.3586e-07
310.2	2.2434e-07
310.4	2.1338e-07
310.6	2.0296e-07
310.8	1.9304e-07
311.0	1.8361e-07
311.2	1.7464e-07
311.4	1.6611e-07
311.6	1.58e-07
311.8	1.5583e-07
312.0	1.5485e-07
312.2	1.5387e-07
312.4	1.529e-07
312.6	1.5193e-07
312.8	1.5097e-07
313.0	1.5001e-07
313.2	1.4906e-07
313.4	1.4812e-07
313.6	1.4719e-07
313.8	1.4625e-07
314.0	1.4533e-07
314.2	1.4441e-07
314.4	1.435e-07
314.6	1.4259e-07
314.8	1.4169e-07
315.0	1.4079e-07
315.2	1.399e-07
315.4	1.3902e-07
315.6	1.3814e-07
315.8	1.3726e-07
316.0	1.364e-07
316.2	1.3553e-07
316.4	1.3484e-07
316.6	1.3432e-07
316.8	1.338e-07
317.0	1.3328e-07
317.2	1.3277e-07
317.4	1.3225e-07
317.6	1.3174e-07
317.8	1.3123e-07
318.0	1.3072e-07
318.2	1.3022e-07
318.4	1.2972e-07
318.6	1.2921e-07
318.8	1.2871e-07
319.0	1.2822e-07
319.2	1.2772e-07
319.4	1.2723e-07
319.6	1.2673e-07
319.8	1.2624e-07
320.0	1.2576e-07
320.2	1.2527e-07
320.4	1.2479e-07
320.6	1.243e-07
320.8	1.2382e-07
321.0	1.2447e-07
321.2	1.3121e-07
321.4	1.3831e-07
321.6	1.458e-07
321.8	1.5369e-07
322.0	1.6202e-07
322.2	1.7079e-07
322.4	1.8004e-07
322.6	1.8978e-07
322.8	2.0006e-07
323.0	2.1089e-07
323.2	2.2231e-07
323.4	2.3435e-07
323.6	2.4704e-07
323.8	2.6042e-07
324.0	2.7452e-07
324.2	2.8938e-07
324.4	3.0505e-07
324.6	3.2157e-07
324.8	3.3898e-07
325.0	3.5733e-07
325.2	3.7668e-07
325.4	3.9708e-07
325.6	4.1858e-07
325.8	4.3018e-07
326.0	4.4005e-07
326.2	4.5014e-07
326.4	4.6046e-07
326.6	4.7103e-07
326.8	4.8183e-07
327.0	4.9288e-07
327.2	5.0419e-07
327.4	5.1575e-07
327.6	5.2758e-07
327.8	5.3968e-07
328.0	5.5206e-07
328.2	5.6472e-07
328.4	5.7768e-07
328.6	5.9093e-07
328.8	6.0448e-07
329.0	6.1834e-07
329.2	6.3253e-07
329.4	6.4704e-07
329.6	6.6188e-07
329.8	6.7706e-07
330.0	6.9259e-07
330.2	7.0847e-07
330.4	6.8935e-07
330.6	6.4276e-07
330.8	5.9931e-07
331.0	5.5881e-07
331.2	5.2104e-07
331.4	4.8582e-07
331.6	4.5298e-07
331.8	4.2237e-07
332.0	3.9382e-07
332.2	3.672e-07
332.4	3.4238e-07
332.6	3.1924e-07
332.8	2.9766e-07
333.0	2.7754e-07
333.2	2.5878e-07
333.4	2.4129e-07
333.6	2.2498e-07
333.8	2.0978e-07
334.0	1.956e-07
334.2	1.8238e-07
334.4	1.7005e-07
334.6	1.5856e-07
334.8	1.4784e-07
335.0	1.4032e-07
335.2	1.5081e-07
335.4	1.6208e-07
335.6	1.742e-07
335.8	1.8722e-07
336.0	2.0122e-07
336.2	2.1626e-07
336.4	2.3243e-07
336.6	2.498e-07
336.8	2.6848e-07
337.0	2.8705e-07
337.2	3.0201e-07
337.4	3.1775e-07
337.6	3.3432e-07
337.8	3.5174e-07
338.0	3.7008e-07
338.2	3.8937e-07
338.4	4.0967e-07
338.6	4.3102e-07
338.8	4.5349e-07
339.0	4.7713e-07
339.2	5.02e-07
339.4	5.2817e-07
339.6	5.557e-07
339.8	5.8467e-07
340.0	6.1514e-07
340.2	6.4721e-07
340.4	6.8095e-07
340.6	7.1644e-07
340.8	7.5379e-07
341.0	7.9308e-07
341.2	8.3442e-07
341.4	8.7792e-07
341.6	9.2369e-07
341.8	8.4753e-07
342.0	7.7029e-07
342.2	7.0009e-07
342.4	6.3629e-07
342.6	5.783e-07
342.8	5.256e-07
343.0	4.777e-07
343.2	4.3416e-07
343.4	3.946e-07
343.6	3.5863e-07
343.8	3.2595e-07
344.0	2.9625e-07
344.2	2.6925e-07
344.4	2.4471e-07
344.6	2.2241e-07
344.8	2.0214e-07
345.0	1.8372e-07
345.2	1.6697e-07
345.4	1.5176e-07
345.6	1.3793e-07
345.8	1.2536e-07
346.0	1.1393e-07
346.2	1.0355e-07
346.4	1.0e-07
346.6	1.0e-07
346.8	1.0e-07
347.0	1.0e-07
347.2	1.0e-07
347.4	1.0e-07
347.6	1.0e-07
347.8	1.0e-07
348.0	1.0e-07
348.2	1.0e-07
348.4	1.0e-07
348.6	1.0e-07
348.8	1.0e-07
349.0	1.0e-07
349.2	1.0e-07
349.4	1.0e-07
349.6	1.0e-07
349.8	1.0e-07
350.0	1.0e-07
350.2	1.0e-07
350.4	1.0e-07
350.6	1.0e-07
350.8	1.0e-07
351.0	1.0182e-07
351.2	1.0722e-07
351.4	1.1291e-07
351.6	1.1889e-07
351.8	1.2519e-07
352.0	1.3183e-07
352.2	1.3882e-07
352.4	1.4617e-07
352.6	1.5392e-07
352.8	1.6208e-07
353.0	1.7067e-07
353.2	1.7972e-07
353.4	1.8925e-07
353.6	1.9928e-07
353.8	2.0984e-07
354.0	2.2097e-07
354.2	2.3268e-07
354.4	2.4501e-07
354.6	2.58e-07
354.8	2.7168e-07
355.0	2.8608e-07
355.2	3.0124e-07
355.4	3.1721e-07
355.6	3.3211e-07
355.8	3.2389e-07
356.0	3.1588e-07
356.2	3.0807e-07
356.4	3.0045e-07
356.6	2.9302e-07
356.8	2.8577e-07
357.0	2.787e-07
357.2	2.7181e-07
357.4	2.6508e-07
357.6	2.5852e-07
357.8	2.5213e-07
358.0	2.4589e-07
358.2	2.3981e-07
358.4	2.3388e-07
358.6	2.2809e-07
358.8	2.2245e-07
359.0	2.1695e-07
359.2	2.1158e-07
359.4	2.0635e-07
359.6	2.0124e-07
359.8	1.9627e-07
360.0	1.9141e-07
360.2	1.8668e-07
360.4	1.8337e-07
360.6	1.8041e-07
360.8	1.7749e-07
361.0	1.7463e-07
361.2	1.7181e-07
361.4	1.6903e-07
361.6	1.6631e-07
361.8	1.6362e-07
362.0	1.6098e-07
362.2	1.5838e-07
362.4	1.5582e-07
362.6	1.5331e-07
362.8	1.5083e-07
363.0	1.484e-07
363.2	1.46e-07
363.4	1.4365e-07
363.6	1.4133e-07
363.8	1.3905e-07
364.0	1.368e-07
364.2	1.3459e-07
364.4	1.3242e-07
364.6	1.3028e-07
364.8	1.2818e-07
365.0	1.292e-07
365.2	1.386e-07
365.4	1.4867e-07
365.6	1.5949e-07
365.8	1.7109e-07
366.0	1.8353e-07
366.2	1.9687e-07
366.4	2.1119e-07
366.6	2.2655e-07
366.8	2.4302e-07
367.0	2.4832e-07
367.2	2.3623e-07
367.4	2.2473e-07
367.6	2.1379e-07
367.8	2.0338e-07
368.0	1.9348e-07
368.2	1.8406e-07
368.4	1.751e-07
368.6	1.6658e-07
368.8	1.5847e-07
369.0	1.5075e-07
369.2	1.4342e-07
369.4	1.3643e-07
369.6	1.2979e-07
369.8	1.2347e-07
370.0	1.1746e-07
370.2	1.1174e-07
370.4	1.063e-07
370.6	1.0113e-07
370.8	1.0353e-07
371.0	1.0827e-07
371.2	1.1323e-07
371.4	1.1841e-07
371.6	1.2384e-07
371.8	1.2951e-07
372.0	1.3544e-07
372.2	1.4164e-07
372.4	1.4812e-07
372.6	1.5491e-07
372.8	1.62e-07
373.0	1.6942e-07
373.2	1.7718e-07
373.4	1.8529e-07
373.6	1.9377e-07
373.8	2.0265e-07
374.0	2.1193e-07
374.2	2.2163e-07
374.4	2.3215e-07
374.6	2.455e-07
374.8	2.5962e-07
375.0	2.7454e-07
375.2	2.9032e-07
375.4	3.0702e-07
375.6	3.2467e-07
375.8	3.4333e-07
376.0	3.6307e-07
376.2	3.8394e-07
376.4	4.0602e-07
376.6	4.2936e-07
376.8	4.5404e-07
377.0	4.8014e-07
377.2	5.0775e-07
377.4	5.3694e-07
377.6	5.6781e-07
377.8	6.0045e-07
378.0	6.3497e-07
378.2	6.4287e-07
378.4	6.2623e-07
378.6	6.1001e-07
378.8	5.9422e-07
379.0	5.7883e-07
379.2	5.6384e-07
379.4	5.4924e-07
379.6	5.3502e-07
379.8	5.2117e-07
380.0	5.0767e-07
380.2	4.9453e-07
380.4	4.8172e-07
380.6	4.6925e-07
380.8	4.571e-07
381.0	4.4526e-07
381.2	4.3373e-07
381.4	4.225e-07
381.6	4.1156e-07
381.8	4.009e-07
382.0	4.0052e-07
382.2	4.0101e-07
382.4	4.015e-07
382.6	4.02e-07
382.8	4.0249e-07
383.0	4.0298e-07
383.2	4.0348e-07
383.4	4.0398e-07
383.6	4.0447e-07
383.8	4.0497e-07
384.0	4.0547e-07
384.2	4.0597e-07
384.4	4.0646e-07
384.6	4.0696e-07
384.8	4.0746e-07
385.0	4.0796e-07
385.2	4.0847e-07
385.4	4.0897e-07
385.6	3.9966e-07
385.8	3.7049e-07
386.0	3.4344e-07
386.2	3.1838e-07
386.4	2.9514e-07
386.6	2.736e-07
386.8	2.5363e-07
387.0	2.3512e-07
387.2	2.1795e-07
387.4	2.0205e-07
387.6	1.873e-07
387.8	1.7363e-07
388.0	1.6096e-07
388.2	1.4921e-07
388.4	1.3832e-07
388.6	1.2822e-07
388.8	1.1886e-07
389.0	1.1019e-07
389.2	1.0214e-07
389.4	1.0e-07
389.6	1.0e-07
389.8	1.0e-07
390.0	1.0e-07
390.2	1.0e-07
390.4	1.0e-07
390.6	1.0e-07
390.8	1.0e-07
391.0	1.0e-07
391.2	1.0e-07
391.4	1.0e-07
391.6	1.0e-07
391.8	1.0e-07
392.0	1.0e-07
392.2	1.0e-07
392.4	1.0e-07
392.6	1.0e-07
392.8	1.0e-07
393.0	1.041e-07
393.2	1.1011e-07
393.4	1.1646e-07
393.6	1.2319e-07
393.8	1.303e-07
394.0	1.3783e-07
394.2	1.4578e-07
394.4	1.542e-07
394.6	1.6311e-07
394.8	1.7252e-07
395.0	1.8249e-07
395.2	1.9302e-07
395.4	2.0417e-07
395.6	2.1596e-07
395.8	2.2843e-07
396.0	2.4162e-07
396.2	2.5557e-07
396.4	2.7033e-07
396.6	2.8195e-07
396.8	2.6655e-07
397.0	2.5199e-07
397.2	2.3823e-07
397.4	2.2522e-07
397.6	2.1291e-07
397.8	2.0129e-07
398.0	1.9029e-07
398.2	1.799e-07
398.4	1.7007e-07
398.6	1.6078e-07
398.8	1.52e-07
399.0	1.437e-07
399.2	1.3585e-07
399.4	1.2843e-07
399.6	1.2142e-07
399.8	1.1478e-07
400.0	1.0852e-07
400.2	1.0259e-07
400.4	1.0001e-07
400.6	1.0002e-07
400.8	1.0004e-07
401.0	1.0005e-07
401.2	1.0007e-07
401.4	1.0008e-07
401.6	1.001e-07
401.8	1.0011e-07
402.0	1.0013e-07
402.2	1.0014e-07
402.4	1.0016e-07
402.6	1.0017e-07
402.8	1.0019e-07
403.0	1.002e-07
403.2	1.0022e-07
403.4	1.0023e-07
403.6	1.0025e-07
403.8	1.0026e-07
404.0	1.0028e-07
404.2	1.0064e-07
404.4	1.0101e-07
404.6	1.0139e-07
404.8	1.0176e-07
405.0	1.0214e-07
405.2	1.0251e-07
405.4	1.0289e-07
405.6	1.0327e-07
405.8	1.0366e-07
406.0	1.0404e-07
406.2	1.0442e-07
406.4	1.0481e-07
406.6	1.052e-07
406.8	1.0559e-07
407.0	1.0598e-07
407.2	1.0637e-07
407.4	1.0676e-07
407.6	1.0716e-07
407.8	1.0722e-07
408.0	1.0681e-07
408.2	1.064e-07
408.4	1.0599e-07
408.6	1.0558e-07
408.8	1.0518e-07
409.0	1.0478e-07
409.2	1.0437e-07
409.4	1.0397e-07
409.6	1.0357e-07
409.8	1.0318e-07
410.0	1.0278e-07
410.2	1.0239e-07
410.4	1.0199e-07
410.6	1.016e-07
410.8	1.0121e-07
411.0	1.0083e-07
411.2	1.0044e-07
411.4	1.0005e-07
411.6	1.0e-07
411.8	1.0e-07
412.0	1.0e-07
412.2	1.0e-07
412.4	1.0e-07
412.6	1.0e-07
412.8	1.0e-07
413.0	1.0e-07
413.2	1.0e-07
413.4	1.0e-07
413.6	1.0e-07
413.8	1.0e-07
414.0	1.0e-07
414.2	1.0e-07
414.4	1.0e-07
414.6	1.0e-07
414.8	1.0e-07
415.0	1.0e-07
415.2	1.0e-07
415.4	1.0e-07
415.6	1.0e-07
415.8	1.0e-07
416.0	1.0e-07
416.2	1.0e-07
416.4	1.0e-07
416.6	1.0e-07
416.8	1.0e-07
417.0	1.0e-07
417.2	1.0e-07
417.4	1.0e-07
417.6	1.0e-07
417.8	1.0e-07
418.0	1.0e-07
418.2	1.0e-07
418.4	1.0e-07
418.6	1.0e-07
418.8	1.0e-07
419.0	1.0e-07
419.2	1.0e-07
419.4	1.0e-07
419.6	1.0e-07
419.8	1.0e-07
420.0	1.0e-07
420.2	1.0e-07
420.4	1.0e-07
420.6	1.0e-07
420.8	1.0e-07
421.0	1.0e-07
421.2	1.0e-07
421.4	1.0e-07
421.6	1.0e-07
421.8	1.0e-07
422.0	1.0e-07
422.2	1.0e-07
422.4	1.0e-07
422.6	1.0e-07
422.8	1.0e-07
423.0	1.0e-07
423.2	1.0e-07
423.4	1.0e-07
423.6	1.0e-07
423.8	1.0e-07
424.0	1.0e-07
424.2	1.0e-07
424.4	1.0e-07
424.6	1.0e-07
424.8	1.0e-07
425.0	1.0e-07
425.2	1.0e-07
425.4	1.0e-07
425.6	1.0e-07
425.8	1.0e-07
426.0	1.0e-07
426.2	1.0e-07
426.4	1.0e-07
426.6	1.0e-07
426.8	1.0e-07
427.0	1.0e-07
427.2	1.0e-07
427.4	1.0e-07
427.6	1.0e-07
427.8	1.0e-07
428.0	1.0e-07
428.2	1.0e-07
428.4	1.0e-07
428.6	1.0e-07
428.8	1.0e-07
429.0	1.0e-07
429.2	1.0e-07
429.4	1.0e-07
429.6	1.0e-07
429.8	1.0e-07
430.0	1.0e-07
430.2	1.0e-07
430.4	1.0e-07
430.6	1.0e-07
430.8	1.0e-07
431.0	1.0e-07
431.2	1.0e-07
431.4	1.0e-07
431.6	1.0e-07
431.8	1.0e-07
432.0	1.0e-07
432.2	1.0e-07
432.4	1.0e-07
432.6	1.0e-07
432.8	1.0e-07
433.0	1.0e-07
433.2	1.0e-07
433.4	1.0e-07
433.6	1.0e-07
433.8	1.0e-07
434.0	1.0e-07
434.2	1.0e-07
434.4	1.0e-07
434.6	1.0e-07
434.8	1.0e-07
435.0	1.0e-07
435.2	1.0e-07
435.4	1.0e-07
435.6	1.0e-07
435.8	1.0e-07
436.0	1.0e-07
436.2	1.0e-07
436.4	1.0e-07
436.6	1.0e-07
436.8	1.0e-07
437.0	1.0e-07
437.2	1.0e-07
437.4	1.0e-07
437.6	1.0e-07
437.8	1.0e-07
438.0	1.0e-07
438.2	1.0e-07
438.4	1.0e-07
438.6	1.0e-07
438.8	1.0e-07
439.0	1.0e-07
439.2	1.0e-07
439.4	1.0e-07
439.6	1.0e-07
439.8	1.0e-07
440.0	1.0e-07
440.2	1.0e-07
440.4	1.0e-07
440.6	1.0e-07
440.8	1.0e-07
441.0	1.0e-07
441.2	1.0e-07
441.4	1.0e-07
441.6	1.0e-07
441.8	1.0e-07
442.0	1.0e-07
442.2	1.0e-07
442.4	1.0e-07
442.6	1.0e-07
442.8	1.0e-07
443.0	1.0e-07
443.2	1.0e-07
443.4	1.0e-07
443.6	1.0e-07
443.8	1.0e-07
444.0	1.0e-07
444.2	1.0e-07
444.4	1.0e-07
444.6	1.0e-07
444.8	1.0e-07
445.0	1.0e-07
445.2	1.0e-07
445.4	1.0e-07
445.6	1.0e-07
445.8	1.0e-07
446.0	1.0e-07
446.2	1.0e-07
446.4	1.0e-07
446.6	1.0e-07
446.8	1.0e-07
447.0	1.0e-07
447.2	1.0e-07
447.4	1.0e-07
447.6	1.0e-07
447.8	1.0e-07
448.0	1.0e-07
448.2	1.0e-07
448.4	1.0e-07
448.6	1.0e-07
448.8	1.0e-07
449.0	1.0e-07
449.2	1.0e-07
449.4	1.0e-07
449.6	1.0e-07
449.8	1.0e-07
450.0	1.0e-07
450.2	1.0e-07
450.4	1.0e-07
450.6	1.0e-07
450.8	1.0e-07
451.0	1.0e-07
451.2	1.0e-07
451.4	1.0e-07
451.6	1.0e-07
451.8	1.0e-07
452.0	1.0e-07
452.2	1.0e-07
452.4	1.0e-07
452.6	1.0e-07
452.8	1.0e-07
453.0	1.0e-07
453.2	1.0e-07
453.4	1.0e-07
453.6	1.0e-07
453.8	1.0e-07
454.0	1.0e-07
454.2	1.0e-07
454.4	1.0e-07
454.6	1.0e-07
454.8	1.0e-07
455.0	1.0e-07
455.2	1.0e-07
455.4	1.0e-07
455.6	1.0e-07
455.8	1.0e-07
456.0	1.0e-07
456.2	1.0e-07
456.4	1.0e-07
456.6	1.0e-07
456.8	1.0e-07
457.0	1.0e-07
457.2	1.0e-07
457.4	1.0e-07
457.6	1.0e-07
457.8	1.0e-07
458.0	1.0e-07
458.2	1.0e-07
458.4	1.0e-07
458.6	1.0e-07
458.8	1.0e-07
459.0	1.0e-07
459.2	1.0e-07
459.4	1.0e-07
459.6	1.0e-07
459.8	1.0e-07
460.0	1.0e-07
460.2	1.0e-07
460.4	1.0e-07
460.6	1.0e-07
460.8	1.0e-07
461.0	1.0e-07
461.2	1.0e-07
461.4	1.0e-07
461.6	1.0e-07
461.8	1.0e-07
462.0	1.0e-07
462.2	1.0e-07
462.4	1.0e-07
462.6	1.0e-07
462.8	1.0e-07
463.0	1.0e-07
463.2	1.0e-07
463.4	1.0e-07
463.6	1.0271e-07
463.8	1.0686e-07
464.0	1.1117e-07
464.2	1.1566e-07
464.4	1.2034e-07
464.6	1.252e-07
464.8	1.3025e-07
465.0	1.3552e-07
465.2	1.4099e-07
465.4	1.4668e-07
465.6	1.5261e-07
465.8	1.5877e-07
466.0	1.6519e-07
466.2	1.7186e-07
466.4	1.788e-07
466.6	1.8602e-07
466.8	1.9354e-07
467.0	2.0135e-07
467.2	2.0949e-07
467.4	2.1795e-07
467.6	2.2702e-07
467.8	2.389e-07
468.0	2.514e-07
468.2	2.6456e-07
468.4	2.784e-07
468.6	2.9297e-07
468.8	3.083e-07
469.0	3.2443e-07
469.2	3.414e-07
469.4	3.5926e-07
469.6	3.7806e-07
469.8	3.9784e-07
470.0	4.1866e-07
470.2	4.4057e-07
470.4	4.6362e-07
470.6	4.8274e-07
470.8	4.8849e-07
471.0	4.943e-07
471.2	5.0018e-07
471.4	5.0613e-07
471.6	5.1216e-07
471.8	5.1825e-07
472.0	5.2442e-07
472.2	5.3066e-07
472.4	5.3697e-07
472.6	5.4336e-07
472.8	5.4983e-07
473.0	5.5637e-07
473.2	5.6299e-07
473.4	5.6969e-07
473.6	5.7647e-07
473.8	5.8333e-07
474.0	5.9027e-07
474.2	5.973e-07
474.4	6.0238e-07
474.6	6.0691e-07
474.8	6.1147e-07
475.0	6.1606e-07
475.2	6.2069e-07
475.4	6.2535e-07
475.6	6.3005e-07
475.8	6.3478e-07
476.0	6.3955e-07
476.2	6.4435e-07
476.4	6.4919e-07
476.6	6.5407e-07
476.8	6.5898e-07
477.0	6.6393e-07
477.2	6.6892e-07
477.4	6.7395e-07
477.6	6.7901e-07
477.8	6.8411e-07
478.0	6.8895e-07
478.2	6.9302e-07
478.4	6.9712e-07
478.6	7.0124e-07
478.8	7.0539e-07
479.0	7.0956e-07
479.2	7.1375e-07
479.4	7.1797e-07
479.6	7.2222e-07
479.8	7.2649e-07
480.0	7.3078e-07
480.2	7.351e-07
480.4	7.3945e-07
480.6	7.4382e-07
480.8	7.4822e-07
481.0	7.5264e-07
481.2	7.5709e-07
481.4	7.6157e-07
481.6	7.6607e-07
481.8	7.7227e-07
482.0	7.7896e-07
482.2	7.857e-07
482.4	7.925e-07
482.6	7.9936e-07
482.8	8.0628e-07
483.0	8.1326e-07
483.2	8.203e-07
483.4	8.274e-07
483.6	8.3456e-07
483.8	8.4179e-07
484.0	8.4907e-07
484.2	8.5642e-07
484.4	8.6383e-07
484.6	8.7131e-07
484.8	8.7885e-07
485.0	8.8646e-07
485.2	8.9413e-07
485.4	8.6387e-07
485.6	7.6325e-07
485.8	6.7435e-07
486.0	5.9581e-07
486.2	5.2641e-07
486.4	4.651e-07
486.6	4.1092e-07
486.8	3.6306e-07
487.0	3.2077e-07
487.2	2.8341e-07
487.4	2.504e-07
487.6	2.2123e-07
487.8	1.9547e-07
488.0	1.727e-07
488.2	1.5258e-07
488.4	1.3481e-07
488.6	1.1911e-07
488.8	1.0524e-07
489.0	1.0311e-07
489.2	1.063e-07
489.4	1.0958e-07
489.6	1.1297e-07
489.8	1.1647e-07
490.0	1.2007e-07
490.2	1.2379e-07
490.4	1.2762e-07
490.6	1.3157e-07
490.8	1.3564e-07
491.0	1.3983e-07
491.2	1.4416e-07
491.4	1.4862e-07
491.6	1.5322e-07
491.8	1.5796e-07
492.0	1.6285e-07
492.2	1.6789e-07
492.4	1.7298e-07
492.6	1.7158e-07
492.8	1.702e-07
493.0	1.6882e-07
493.2	1.6746e-07
493.4	1.661e-07
493.6	1.6476e-07
493.8	1.6343e-07
494.0	1.6211e-07
494.2	1.608e-07
494.4	1.595e-07
494.6	1.5821e-07
494.8	1.5693e-07
495.0	1.5566e-07
495.2	1.5441e-07
495.4	1.5316e-07
495.6	1.5192e-07
495.8	1.5069e-07
496.0	1.4948e-07
496.2	1.4827e-07
496.4	1.4707e-07
496.6	1.4588e-07
496.8	1.447e-07
497.0	1.4353e-07
497.2	1.4237e-07
497.4	1.4121e-07
497.6	1.3927e-07
497.8	1.3736e-07
498.0	1.3547e-07
498.2	1.3361e-07
498.4	1.3178e-07
498.6	1.2997e-07
498.8	1.2819e-07
499.0	1.2643e-07
499.2	1.2469e-07
499.4	1.2298e-07
499.6	1.2129e-07
499.8	1.1963e-07
500.0	1.1799e-07
500.2	1.1637e-07
500.4	1.1477e-07
500.6	1.132e-07
500.8	1.1164e-07
501.0	1.1011e-07
501.2	1.086e-07
501.4	1.0711e-07
501.6	1.0564e-07
501.8	1.0419e-07
502.0	1.0276e-07
502.2	1.0135e-07
502.4	1.0e-07
502.6	1.0e-07
502.8	1.0e-07
503.0	1.0e-07
503.2	1.0e-07
503.4	1.0e-07
503.6	1.0e-07
503.8	1.0e-07
504.0	1.0e-07
504.2	1.0e-07
504.4	1.0e-07
504.6	1.0e-07
504.8	1.0e-07
505.0	1.0e-07
505.2	1.0e-07
505.4	1.0e-07
505.6	1.0e-07
505.8	1.0e-07
506.0	1.0e-07
506.2	1.0e-07
506.4	1.0e-07
506.6	1.0e-07
506.8	1.0e-07
507.0	1.0e-07
507.2	1.0e-07
507.4	1.0e-07
507.6	1.0e-07
507.8	1.0e-07
508.0	1.0e-07
508.2	1.0e-07
508.4	1.0e-07
508.6	1.0e-07
508.8	1.0e-07
509.0	1.0e-07
509.2	1.0e-07
509.4	1.0e-07
509.6	1.0e-07
509.8	1.0e-07
510.0	1.0e-07
510.2	1.0e-07
510.4	1.0e-07
510.6	1.0e-07
510.8	1.0e-07
511.0	1.0e-07
511.2	1.0e-07
511.4	1.0e-07
511.6	1.0e-07
511.8	1.0e-07
512.0	1.0e-07
512.2	1.0e-07
512.4	1.0e-07
512.6	1.0e-07
512.8	1.0e-07
513.0	1.0e-07
513.2	1.0e-07
513.4	1.0e-07
513.6	1.0e-07
513.8	1.0e-07
514.0	1.0e-07
514.2	1.0e-07
514.4	1.0e-07
514.6	1.0e-07
514.8	1.0e-07
515.0	1.0e-07
515.2	1.0e-07
515.4	1.0e-07
515.6	1.0e-07
515.8	1.0e-07
516.0	1.0e-07
516.2	1.0e-07
516.4	1.0e-07
516.6	1.0e-07
516.8	1.0e-07
517.0	1.0e-07
517.2	1.0e-07
517.4	1.0e-07
517.6	1.0e-07
517.8	1.0e-07
518.0	1.0e-07
518.2	1.0e-07
518.4	1.0e-07
518.6	1.0e-07
518.8	1.0e-07
519.0	1.0e-07
519.2	1.0e-07
519.4	1.0e-07
519.6	1.0e-07
519.8	1.0e-07
520.0	1.0e-07
520.2	1.0e-07
520.4	1.0e-07
520.6	1.0e-07
520.8	1.0e-07
521.0	1.0e-07
521.2	1.0e-07
521.4	1.0e-07
521.6	1.0e-07
521.8	1.0e-07
522.0	1.0e-07
522.2	1.0e-07
522.4	1.0e-07
522.6	1.0e-07
522.8	1.0e-07
523.0	1.0e-07
523.2	1.0e-07
523.4	1.0e-07
523.6	1.0e-07
523.8	1.0e-07
524.0	1.0e-07
524.2	1.0e-07
524.4	1.0e-07
524.6	1.0e-07
524.8	1.0e-07
525.0	1.0e-07
525.2	1.0e-07
525.4	1.0e-07
525.6	1.0e-07
525.8	1.0e-07
526.0	1.0e-07
526.2	1.0e-07
526.4	1.0e-07
526.6	1.0e-07
526.8	1.0e-07
527.0	1.0e-07
527.2	1.0e-07
527.4	1.0e-07
527.6	1.0e-07
527.8	1.0e-07
528.0	1.0e-07
528.2	1.0e-07
528.4	1.0e-07
528.6	1.0e-07
528.8	1.0e-07
529.0	1.0e-07
529.2	1.0e-07
529.4	1.0e-07
529.6	1.0e-07
529.8	1.0e-07
530.0	1.0e-07
530.2	1.0e-07
530.4	1.0e-07
530.6	1.0e-07
530.8	1.0e-07
531.0	1.0e-07
531.2	1.0e-07
531.4	1.0e-07
531.6	1.0e-07
531.8	1.0e-07
532.0	1.0e-07
532.2	1.0e-07
532.4	1.0e-07
532.6	1.0e-07
532.8	1.0e-07
533.0	1.0e-07
533.2	1.0e-07
533.4	1.0e-07
533.6	1.0e-07
533.8	1.0e-07
534.0	1.0e-07
534.2	1.0e-07
534.4	1.0e-07
534.6	1.0e-07
534.8	1.0e-07
535.0	1.0e-07
535.2	1.0e-07
535.4	1.0e-07
535.6	1.0e-07
535.8	1.0e-07
536.0	1.0e-07
536.2	1.0e-07
536.4	1.0e-07
536.6	1.0e-07
536.8	1.0e-07
537.0	1.0e-07
537.2	1.0e-07
537.4	1.0e-07
537.6	1.0e-07
537.8	1.0e-07
538.0	1.0e-07
538.2	1.0e-07
538.4	1.0e-07
538.6	1.0e-07
538.8	1.0e-07
539.0	1.0e-07
539.2	1.0e-07
539.4	1.0e-07
539.6	1.0e-07
539.8	1.0e-07
540.0	1.0e-07
540.2	1.0e-07
540.4	1.0033e-07
540.6	1.0135e-07
540.8	1.0238e-07
541.0	1.0343e-07
541.2	1.0448e-07
541.4	1.0555e-07
541.6	1.0663e-07
541.8	1.0772e-07
542.0	1.0881e-07
542.2	1.0993e-07
542.4	1.1105e-07
542.6	1.1218e-07
542.8	1.1333e-07
543.0	1.1448e-07
543.2	1.1565e-07
543.4	1.1683e-07
543.6	1.1802e-07
543.8	1.1923e-07
544.0	1.1912e-07
544.2	1.1851e-07
544.4	1.179e-07
544.6	1.1729e-07
544.8	1.1669e-07
545.0	1.1609e-07
545.2	1.1549e-07
545.4	1.1489e-07
545.6	1.143e-07
545.8	1.1371e-07
546.0	1.1313e-07
546.2	1.1142e-07
546.4	1.0963e-07
546.6	1.0788e-07
546.8	1.0615e-07
547.0	1.0445e-07
547.2	1.0278e-07
547.4	1.0114e-07
547.6	1.0e-07
547.8	1.0e-07
548.0	1.0e-07
548.2	1.0e-07
548.4	1.0e-07
548.6	1.0e-07
548.8	1.0e-07
549.0	1.0e-07
549.2	1.0e-07
549.4	1.0e-07
549.6	1.0e-07
549.8	1.0e-07
550.0	1.0e-07
550.2	1.0e-07
550.4	1.0e-07
550.6	1.0e-07
550.8	1.0e-07
551.0	1.0e-07
551.2	1.0e-07
551.4	1.0e-07
551.6	1.0e-07
551.8	1.0e-07
552.0	1.0e-07
552.2	1.0e-07
552.4	1.0e-07
552.6	1.0e-07
552.8	1.0e-07
553.0	1.0e-07
553.2	1.0e-07
553.4	1.0083e-07
553.6	1.0189e-07
553.8	1.0216e-07
554.0	1.0037e-07
554.2	1.0e-07
554.4	1.0e-07
554.6	1.0e-07
554.8	1.0e-07
555.0	1.0e-07
555.2	1.079e-07
555.4	1.1352e-07
555.6	1.0718e-07
555.8	1.0119e-07
556.0	1.0e-07
556.2	1.0e-07
556.4	1.0e-07
556.6	1.0e-07
556.8	1.0e-07
557.0	1.0e-07
557.2	1.0007e-07
557.4	1.0031e-07
557.6	1.0055e-07
557.8	1.0029e-07
558.0	1.0e-07
558.2	1.0e-07
558.4	1.0e-07
558.6	1.1922e-07
558.8	1.4894e-07
559.0	1.6913e-07
559.2	1.5029e-07
559.4	1.5699e-07
559.6	1.7164e-07
559.8	2.0027e-07
560.0	2.786e-07
560.2	3.8756e-07
560.4	5.1677e-07
560.6	7.0456e-07
560.8	1.0447e-06
561.0	1.5491e-06
561.2	2.3985e-06
561.4	3.7563e-06
561.6	5.906e-06
561.8	9.3799e-06
562.0	1.5218e-05
562.2	2.4848e-05
562.4	4.114e-05
562.6	7.0857e-05
562.8	1.2204e-04
563.0	3.1362e-04
563.2	4.5776e-04
563.4	7.7892e-04
563.6	0.00139
563.8	0.00267
564.0	0.00549
564.2	0.01195
564.4	0.02989
564.6	0.0721
564.8	0.18408
565.0	0.42751
565.2	0.74852
565.4	0.93826
565.6	0.96459
565.8	0.94946
566.0	0.95044
566.2	0.96035
566.4	0.96953
566.6	0.97476
566.8	0.97488
567.0	0.97259
567.2	0.97113
567.4	0.97015
567.6	0.9708
567.8	0.97197
568.0	0.97329
568.2	0.97457
568.4	0.97474
568.6	0.9743
568.8	0.97405
569.0	0.97329
569.2	0.97325
569.4	0.97408
569.6	0.97512
569.8	0.97683
570.0	0.97854
570.2	0.97991
570.4	0.98124
570.6	0.98184
570.8	0.98142
571.0	0.98042
571.2	0.97812
571.4	0.97597
571.6	0.97391
571.8	0.97233
572.0	0.97086
572.2	0.97026
572.4	0.97104
572.6	0.97193
572.8	0.97373
573.0	0.97591
573.2	0.97845
573.4	0.98023
573.6	0.98172
573.8	0.98299
574.0	0.98274
574.2	0.98168
574.4	0.9799
574.6	0.97754
574.8	0.97528
575.0	0.97306
575.2	0.9708
575.4	0.9692
575.6	0.96845
575.8	0.96827
576.0	0.96914
576.2	0.97041
576.4	0.97258
576.6	0.97438
576.8	0.97671
577.0	0.97859
577.2	0.97972
577.4	0.98032
577.6	0.9804
577.8	0.98008
578.0	0.97892
578.2	0.97731
578.4	0.97628
578.6	0.97529
578.8	0.97449
579.0	0.9739
579.2	0.97383
579.4	0.97395
579.6	0.97434
579.8	0.9747
580.0	0.97505
580.2	0.97509
580.4	0.97515
580.6	0.97503
580.8	0.97475
581.0	0.97462
581.2	0.97421
581.4	0.975
581.6	0.97547
581.8	0.97639
582.0	0.97821
582.2	0.97945
582.4	0.98071
582.6	0.98107
582.8	0.98055
583.0	0.97956
583.2	0.97764
583.4	0.97497
583.6	0.9722
583.8	0.96934
584.0	0.9676
584.2	0.96629
584.4	0.96638
584.6	0.96717
584.8	0.96888
585.0	0.9708
585.2	0.97253
585.4	0.97311
585.6	0.97273
585.8	0.97115
586.0	0.96888
586.2	0.96629
586.4	0.96427
586.6	0.96286
586.8	0.96296
587.0	0.96493
587.2	0.96692
587.4	0.96995
587.6	0.97274
587.8	0.97458
588.0	0.97528
588.2	0.97473
588.4	0.97401
588.6	0.97229
588.8	0.97071
589.0	0.9669
589.2	0.96152
589.4	0.95331
589.6	0.94265
589.8	0.9313
590.0	0.92255
590.2	0.91849
590.4	0.91727
590.6	0.9155
590.8	0.90512
591.0	0.88577
591.2	0.84352
591.4	0.70414
591.6	0.41603
591.8	0.2032
592.0	0.06073
592.2	0.01917
592.4	0.00654
592.6	0.0025
592.8	0.00107
593.0	5.1804e-04
593.2	1.6359e-04
593.4	7.3595e-05
593.6	4.1574e-05
593.8	2.3483e-05
594.0	1.3261e-05
594.2	7.4888e-06
594.4	3.4972e-06
594.6	1.7554e-06
594.8	1.2328e-06
595.0	8.6584e-07
595.2	6.2769e-07
595.4	4.5963e-07
595.6	3.01e-07
595.8	1.4224e-07
596.0	1.1378e-07
596.2	1.0557e-07
596.4	1.0e-07
596.6	1.0e-07
596.8	1.0e-07
597.0	1.0e-07
597.2	1.0e-07
597.4	1.0e-07
597.6	1.0e-07
597.8	1.1524e-07
598.0	1.3808e-07
598.2	1.3875e-07
598.4	1.0296e-07
598.6	1.0e-07
598.8	1.0e-07
599.0	1.0e-07
599.2	1.1374e-07
599.4	1.0602e-07
599.6	1.0e-07
599.8	1.0e-07
600.0	1.0e-07
600.2	1.0e-07
600.4	1.0e-07
600.6	1.0e-07
600.8	1.0e-07
601.0	1.0e-07
601.2	1.0e-07
601.4	1.0e-07
601.6	1.066e-07
601.8	1.3447e-07
602.0	1.6963e-07
602.2	1.322e-07
602.4	1.0e-07
602.6	1.0e-07
602.8	1.0e-07
603.0	1.0e-07
603.2	1.0e-07
603.4	1.0e-07
603.6	1.0e-07
603.8	1.0e-07
604.0	1.0e-07
604.2	1.0e-07
604.4	1.0e-07
604.6	1.0e-07
604.8	1.0e-07
605.0	1.0e-07
605.2	1.0e-07
605.4	1.0e-07
605.6	1.0e-07
605.8	1.0e-07
606.0	1.0e-07
606.2	1.0e-07
606.4	1.0e-07
606.6	1.0e-07
606.8	1.0e-07
607.0	1.0e-07
607.2	1.0138e-07
607.4	1.0697e-07
607.6	1.1287e-07
607.8	1.191e-07
608.0	1.2567e-07
608.2	1.3261e-07
608.4	1.3992e-07
608.6	1.4764e-07
608.8	1.493e-07
609.0	1.4582e-07
609.2	1.4242e-07
609.4	1.3909e-07
609.6	1.3585e-07
609.8	1.3268e-07
610.0	1.2958e-07
610.2	1.2656e-07
610.4	1.236e-07
610.6	1.2072e-07
610.8	1.179e-07
611.0	1.1515e-07
611.2	1.1246e-07
611.4	1.0984e-07
611.6	1.0728e-07
611.8	1.0477e-07
612.0	1.0233e-07
612.2	1.0e-07
612.4	1.0e-07
612.6	1.0e-07
612.8	1.0e-07
613.0	1.0e-07
613.2	1.0e-07
613.4	1.0e-07
613.6	1.0e-07
613.8	1.0e-07
614.0	1.0e-07
614.2	1.0e-07
614.4	1.0e-07
614.6	1.0e-07
614.8	1.0e-07
615.0	1.0e-07
615.2	1.0e-07
615.4	1.0e-07
615.6	1.0e-07
615.8	1.0e-07
616.0	1.0e-07
616.2	1.0e-07
616.4	1.0e-07
616.6	1.0e-07
616.8	1.0e-07
617.0	1.0e-07
617.2	1.0e-07
617.4	1.0e-07
617.6	1.0e-07
617.8	1.0e-07
618.0	1.0e-07
618.2	1.0e-07
618.4	1.0e-07
618.6	1.0e-07
618.8	1.0e-07
619.0	1.0e-07
619.2	1.0e-07
619.4	1.0e-07
619.6	1.0e-07
619.8	1.0e-07
620.0	1.0e-07
620.2	1.0e-07
620.4	1.0e-07
620.6	1.0e-07
620.8	1.0e-07
621.0	1.0e-07
621.2	1.0e-07
621.4	1.0e-07
621.6	1.0e-07
621.8	1.0e-07
622.0	1.0e-07
622.2	1.0e-07
622.4	1.0e-07
622.6	1.0e-07
622.8	1.0e-07
623.0	1.0e-07
623.2	1.0e-07
623.4	1.0e-07
623.6	1.0e-07
623.8	1.0e-07
624.0	1.0e-07
624.2	1.0e-07
624.4	1.0e-07
624.6	1.0e-07
624.8	1.0e-07
625.0	1.0e-07
625.2	1.0e-07
625.4	1.0e-07
625.6	1.0e-07
625.8	1.0e-07
626.0	1.0e-07
626.2	1.0e-07
626.4	1.0e-07
626.6	1.0e-07
626.8	1.0e-07
627.0	1.0e-07
627.2	1.0e-07
627.4	1.0e-07
627.6	1.0e-07
627.8	1.0e-07
628.0	1.0e-07
628.2	1.0e-07
628.4	1.0e-07
628.6	1.0e-07
628.8	1.0e-07
629.0	1.0e-07
629.2	1.0e-07
629.4	1.0e-07
629.6	1.0e-07
629.8	1.0e-07
630.0	1.0e-07
630.2	1.0e-07
630.4	1.0e-07
630.6	1.0e-07
630.8	1.0e-07
631.0	1.0e-07
631.2	1.0e-07
631.4	1.0e-07
631.6	1.0e-07
631.8	1.0e-07
632.0	1.0e-07
632.2	1.0e-07
632.4	1.0e-07
632.6	1.0e-07
632.8	1.0e-07
633.0	1.0e-07
633.2	1.0e-07
633.4	1.0e-07
633.6	1.0e-07
633.8	1.0e-07
634.0	1.0e-07
634.2	1.0e-07
634.4	1.0e-07
634.6	1.0e-07
634.8	1.0e-07
635.0	1.0e-07
635.2	1.0e-07
635.4	1.0e-07
635.6	1.0e-07
635.8	1.0e-07
636.0	1.0e-07
636.2	1.0e-07
636.4	1.0e-07
636.6	1.0e-07
636.8	1.0e-07
637.0	1.0e-07
637.2	1.0e-07
637.4	1.0e-07
637.6	1.0e-07
637.8	1.0e-07
638.0	1.0e-07
638.2	1.0e-07
638.4	1.0e-07
638.6	1.0e-07
638.8	1.0e-07
639.0	1.0e-07
639.2	1.0e-07
639.4	1.0e-07
639.6	1.0e-07
639.8	1.0e-07
640.0	1.0e-07
640.2	1.0e-07
640.4	1.0e-07
640.6	1.0e-07
640.8	1.0e-07
641.0	1.0e-07
641.2	1.0e-07
641.4	1.0e-07
641.6	1.0e-07
641.8	1.0e-07
642.0	1.0e-07
642.2	1.0e-07
642.4	1.0e-07
642.6	1.0e-07
642.8	1.0e-07
643.0	1.0e-07
643.2	1.0e-07
643.4	1.0e-07
643.6	1.0e-07
643.8	1.0e-07
644.0	1.0e-07
644.2	1.0e-07
644.4	1.0e-07
644.6	1.0e-07
644.8	1.0e-07
645.0	1.0e-07
645.2	1.0e-07
645.4	1.0e-07
645.6	1.0e-07
645.8	1.0e-07
646.0	1.0e-07
646.2	1.0e-07
646.4	1.0e-07
646.6	1.0e-07
646.8	1.0e-07
647.0	1.0e-07
647.2	1.0e-07
647.4	1.0e-07
647.6	1.0e-07
647.8	1.0e-07
648.0	1.0e-07
648.2	1.0e-07
648.4	1.0e-07
648.6	1.0e-07
648.8	1.0e-07
649.0	1.0e-07
649.2	1.0e-07
649.4	1.0e-07
649.6	1.0e-07
649.8	1.0e-07
650.0	1.0e-07
650.2	1.0e-07
650.4	1.0e-07
650.6	1.0e-07
650.8	1.0e-07
651.0	1.0e-07
651.2	1.0e-07
651.4	1.0e-07
651.6	1.0e-07
651.8	1.0e-07
652.0	1.0e-07
652.2	1.0e-07
652.4	1.0e-07
652.6	1.0e-07
652.8	1.0e-07
653.0	1.0e-07
653.2	1.0e-07
653.4	1.0e-07
653.6	1.0e-07
653.8	1.0e-07
654.0	1.0e-07
654.2	1.0e-07
654.4	1.0e-07
654.6	1.0e-07
654.8	1.0e-07
655.0	1.0e-07
655.2	1.0e-07
655.4	1.0e-07
655.6	1.0e-07
655.8	1.0e-07
656.0	1.0e-07
656.2	1.0e-07
656.4	1.0e-07
656.6	1.0e-07
656.8	1.0e-07
657.0	1.0e-07
657.2	1.0e-07
657.4	1.0e-07
657.6	1.0e-07
657.8	1.0e-07
658.0	1.0e-07
658.2	1.0e-07
658.4	1.0e-07
658.6	1.0e-07
658.8	1.0e-07
659.0	1.0e-07
659.2	1.0e-07
659.4	1.0e-07
659.6	1.0e-07
659.8	1.0e-07
660.0	1.0e-07
660.2	1.0e-07
660.4	1.0e-07
660.6	1.0e-07
660.8	1.0e-07
661.0	1.0e-07
661.2	1.0e-07
661.4	1.0e-07
661.6	1.0e-07
661.8	1.0e-07
662.0	1.0e-07
662.2	1.0e-07
662.4	1.0e-07
662.6	1.0e-07
662.8	1.0e-07
663.0	1.0e-07
663.2	1.0e-07
663.4	1.0e-07
663.6	1.0e-07
663.8	1.0e-07
664.0	1.0e-07
664.2	1.0e-07
664.4	1.0e-07
664.6	1.0e-07
664.8	1.0e-07
665.0	1.0e-07
665.2	1.0e-07
665.4	1.0e-07
665.6	1.0e-07
665.8	1.0e-07
666.0	1.0e-07
666.2	1.0e-07
666.4	1.0e-07
666.6	1.0e-07
666.8	1.0e-07
667.0	1.0e-07
667.2	1.0e-07
667.4	1.0e-07
667.6	1.0e-07
667.8	1.0e-07
668.0	1.0097e-07
668.2	1.0275e-07
668.4	1.0455e-07
668.6	1.0639e-07
668.8	1.0826e-07
669.0	1.1016e-07
669.2	1.1209e-07
669.4	1.1406e-07
669.6	1.1607e-07
669.8	1.1811e-07
670.0	1.2018e-07
670.2	1.2184e-07
670.4	1.216e-07
670.6	1.2136e-07
670.8	1.2112e-07
671.0	1.2088e-07
671.2	1.2064e-07
671.4	1.204e-07
671.6	1.2016e-07
671.8	1.1992e-07
672.0	1.194e-07
672.2	1.1524e-07
672.4	1.1123e-07
672.6	1.0735e-07
672.8	1.0361e-07
673.0	1.0e-07
673.2	1.0e-07
673.4	1.0e-07
673.6	1.0e-07
673.8	1.0e-07
674.0	1.0e-07
674.2	1.0e-07
674.4	1.0e-07
674.6	1.0e-07
674.8	1.0e-07
675.0	1.0e-07
675.2	1.0e-07
675.4	1.0e-07
675.6	1.0e-07
675.8	1.0e-07
676.0	1.0e-07
676.2	1.0e-07
676.4	1.0e-07
676.6	1.0e-07
676.8	1.0e-07
677.0	1.0e-07
677.2	1.0e-07
677.4	1.0e-07
677.6	1.0e-07
677.8	1.0e-07
678.0	1.0e-07
678.2	1.0e-07
678.4	1.0e-07
678.6	1.0e-07
678.8	1.0e-07
679.0	1.0e-07
679.2	1.0e-07
679.4	1.0e-07
679.6	1.0e-07
679.8	1.0e-07
680.0	1.0e-07
680.2	1.0e-07
680.4	1.0e-07
680.6	1.0e-07
680.8	1.0e-07
681.0	1.0e-07
681.2	1.0e-07
681.4	1.0e-07
681.6	1.0e-07
681.8	1.0e-07
682.0	1.0e-07
682.2	1.0e-07
682.4	1.0e-07
682.6	1.0e-07
682.8	1.0e-07
683.0	1.0e-07
683.2	1.0e-07
683.4	1.0e-07
683.6	1.0e-07
683.8	1.0e-07
684.0	1.0e-07
684.2	1.0e-07
684.4	1.0e-07
684.6	1.0e-07
684.8	1.0e-07
685.0	1.0e-07
685.2	1.0e-07
685.4	1.0e-07
685.6	1.0e-07
685.8	1.0e-07
686.0	1.0e-07
686.2	1.0e-07
686.4	1.0e-07
686.6	1.0e-07
686.8	1.0e-07
687.0	1.0e-07
687.2	1.0e-07
687.4	1.0e-07
687.6	1.0e-07
687.8	1.0e-07
688.0	1.0e-07
688.2	1.0e-07
688.4	1.0e-07
688.6	1.0e-07
688.8	1.0e-07
689.0	1.0e-07
689.2	1.0e-07
689.4	1.0e-07
689.6	1.0e-07
689.8	1.0e-07
690.0	1.0e-07
690.2	1.0e-07
690.4	1.0e-07
690.6	1.0e-07
690.8	1.0e-07
691.0	1.0e-07
691.2	1.0e-07
691.4	1.0e-07
691.6	1.0e-07
691.8	1.0e-07
692.0	1.0e-07
692.2	1.0e-07
692.4	1.0e-07
692.6	1.0e-07
692.8	1.0e-07
693.0	1.0e-07
693.2	1.0e-07
693.4	1.0e-07
693.6	1.0e-07
693.8	1.0e-07
694.0	1.0e-07
694.2	1.0e-07
694.4	1.0e-07
694.6	1.0e-07
694.8	1.0e-07
695.0	1.0e-07
695.2	1.0e-07
695.4	1.0e-07
695.6	1.0e-07
695.8	1.0e-07
696.0	1.0e-07
696.2	1.0e-07
696.4	1.0e-07
696.6	1.0e-07
696.8	1.0e-07
697.0	1.0e-07
697.2	1.0e-07
697.4	1.0e-07
697.6	1.0e-07
697.8	1.0e-07
698.0	1.0e-07
698.2	1.0e-07
698.4	1.0e-07
698.6	1.0e-07
698.8	1.0e-07
699.0	1.0e-07
699.2	1.0e-07
699.4	1.0e-07
699.6	1.0e-07
699.8	1.0e-07
700.0	1.0e-07
700.2	1.0e-07
700.4	1.0e-07
700.6	1.0e-07
700.8	1.0e-07
701.0	1.0e-07
701.2	1.0e-07
701.4	1.0e-07
701.6	1.0e-07
701.8	1.0e-07
702.0	1.0e-07
702.2	1.0e-07
702.4	1.0e-07
702.6	1.0e-07
702.8	1.0e-07
703.0	1.0e-07
703.2	1.0e-07
703.4	1.0e-07
703.6	1.0e-07
703.8	1.0e-07
704.0	1.0e-07
704.2	1.0e-07
704.4	1.0e-07
704.6	1.0e-07
704.8	1.0e-07
705.0	1.0e-07
705.2	1.0e-07
705.4	1.0e-07
705.6	1.0e-07
705.8	1.0e-07
706.0	1.0e-07
706.2	1.0e-07
706.4	1.0e-07
706.6	1.0e-07
706.8	1.0e-07
707.0	1.0e-07
707.2	1.0e-07
707.4	1.0e-07
707.6	1.0e-07
707.8	1.0e-07
708.0	1.0e-07
708.2	1.0e-07
708.4	1.0e-07
708.6	1.0e-07
708.8	1.0e-07
709.0	1.0e-07
709.2	1.0e-07
709.4	1.0e-07
709.6	1.0e-07
709.8	1.0e-07
710.0	1.0e-07
710.2	1.0e-07
710.4	1.0e-07
710.6	1.0e-07
710.8	1.0e-07
711.0	1.0e-07
711.2	1.0e-07
711.4	1.0e-07
711.6	1.0e-07
711.8	1.0e-07
712.0	1.0e-07
712.2	1.0e-07
712.4	1.0e-07
712.6	1.0e-07
712.8	1.0e-07
713.0	1.0e-07
713.2	1.0e-07
713.4	1.0e-07
713.6	1.0e-07
713.8	1.0e-07
714.0	1.0e-07
714.2	1.0e-07
714.4	1.0e-07
714.6	1.0e-07
714.8	1.0e-07
715.0	1.0e-07
715.2	1.0e-07
715.4	1.0e-07
715.6	1.0e-07
715.8	1.0e-07
716.0	1.0e-07
716.2	1.0e-07
716.4	1.0e-07
716.6	1.0e-07
716.8	1.0e-07
717.0	1.0e-07
717.2	1.0e-07
717.4	1.0e-07
717.6	1.0e-07
717.8	1.0e-07
718.0	1.0e-07
718.2	1.0e-07
718.4	1.0e-07
718.6	1.0e-07
718.8	1.0e-07
719.0	1.0e-07
719.2	1.0e-07
719.4	1.0e-07
719.6	1.0e-07
719.8	1.0e-07
720.0	1.0e-07
720.2	1.0e-07
720.4	1.0e-07
720.6	1.0e-07
720.8	1.0e-07
721.0	1.0e-07
721.2	1.0e-07
721.4	1.0e-07
721.6	1.0e-07
721.8	1.0e-07
722.0	1.0e-07
722.2	1.0e-07
722.4	1.0e-07
722.6	1.0e-07
722.8	1.0e-07
723.0	1.0e-07
723.2	1.0e-07
723.4	1.0e-07
723.6	1.0e-07
723.8	1.0e-07
724.0	1.0e-07
724.2	1.0e-07
724.4	1.0e-07
724.6	1.0e-07
724.8	1.0e-07
725.0	1.0e-07
725.2	1.0e-07
725.4	1.0e-07
725.6	1.0e-07
725.8	1.0e-07
726.0	1.0e-07
726.2	1.0e-07
726.4	1.0e-07
726.6	1.0e-07
726.8	1.0e-07
727.0	1.0e-07
727.2	1.0e-07
727.4	1.0e-07
727.6	1.0e-07
727.8	1.0e-07
728.0	1.0e-07
728.2	1.0e-07
728.4	1.0e-07
728.6	1.0e-07
728.8	1.0e-07
729.0	1.0e-07
729.2	1.0e-07
729.4	1.0e-07
729.6	1.0e-07
729.8	1.0e-07
730.0	1.0e-07
730.2	1.0e-07
730.4	1.0e-07
730.6	1.0e-07
730.8	1.0e-07
731.0	1.0e-07
731.2	1.0e-07
731.4	1.0e-07
731.6	1.0e-07
731.8	1.0e-07
732.0	1.0e-07
732.2	1.0e-07
732.4	1.0e-07
732.6	1.0e-07
732.8	1.0e-07
733.0	1.0e-07
733.2	1.0e-07
733.4	1.0e-07
733.6	1.0e-07
733.8	1.0e-07
734.0	1.0e-07
734.2	1.0e-07
734.4	1.0e-07
734.6	1.0e-07
734.8	1.0e-07
735.0	1.0e-07
735.2	1.0e-07
735.4	1.0e-07
735.6	1.0e-07
735.8	1.0e-07
736.0	1.0e-07
736.2	1.0e-07
736.4	1.0e-07
736.6	1.0e-07
736.8	1.0e-07
737.0	1.0e-07
737.2	1.0e-07
737.4	1.0e-07
737.6	1.0e-07
737.8	1.0e-07
738.0	1.0e-07
738.2	1.0e-07
738.4	1.0e-07
738.6	1.0e-07
738.8	1.0e-07
739.0	1.0e-07
739.2	1.0e-07
739.4	1.0e-07
739.6	1.0e-07
739.8	1.0e-07
740.0	1.0e-07
740.2	1.0e-07
740.4	1.0e-07
740.6	1.0e-07
740.8	1.0e-07
741.0	1.0e-07
741.2	1.0e-07
741.4	1.0e-07
741.6	1.0e-07
741.8	1.0e-07
742.0	1.0e-07
742.2	1.0e-07
742.4	1.0e-07
742.6	1.0e-07
742.8	1.0e-07
743.0	1.0e-07
743.2	1.0e-07
743.4	1.0e-07
743.6	1.0e-07
743.8	1.0e-07
744.0	1.0e-07
744.2	1.0e-07
744.4	1.0e-07
744.6	1.0e-07
744.8	1.0e-07
745.0	1.0e-07
745.2	1.0e-07
745.4	1.0e-07
745.6	1.0e-07
745.8	1.0e-07
746.0	1.0e-07
746.2	1.0e-07
746.4	1.0e-07
746.6	1.0e-07
746.8	1.0e-07
747.0	1.0e-07
747.2	1.0e-07
747.4	1.0e-07
747.6	1.0e-07
747.8	1.0e-07
748.0	1.0e-07
748.2	1.0e-07
748.4	1.0e-07
748.6	1.0e-07
748.8	1.0e-07
749.0	1.0e-07
749.2	1.0e-07
749.4	1.0e-07
749.6	1.0e-07
749.8	1.0e-07
750.0	1.0e-07
750.2	1.0e-07
750.4	1.0e-07
750.6	1.0e-07
750.8	1.0e-07
751.0	1.0e-07
751.2	1.0e-07
751.4	1.0e-07
751.6	1.0e-07
751.8	1.0e-07
752.0	1.0e-07
752.2	1.0e-07
752.4	1.0e-07
752.6	1.0e-07
752.8	1.0e-07
753.0	1.0e-07
753.2	1.0e-07
753.4	1.0e-07
753.6	1.0e-07
753.8	1.0e-07
754.0	1.0e-07
754.2	1.0e-07
754.4	1.0e-07
754.6	1.0e-07
754.8	1.0e-07
755.0	1.0e-07
755.2	1.0e-07
755.4	1.0e-07
755.6	1.0e-07
755.8	1.0e-07
756.0	1.0e-07
756.2	1.0e-07
756.4	1.0e-07
756.6	1.0e-07
756.8	1.0e-07
757.0	1.0e-07
757.2	1.0e-07
757.4	1.0e-07
757.6	1.0e-07
757.8	1.0e-07
758.0	1.0e-07
758.2	1.0e-07
758.4	1.0e-07
758.6	1.0e-07
758.8	1.0e-07
759.0	1.0e-07
759.2	1.0e-07
759.4	1.0e-07
759.6	1.0e-07
759.8	1.0e-07
760.0	1.0e-07
760.2	1.0e-07
760.4	1.0e-07
760.6	1.0e-07
760.8	1.0e-07
761.0	1.0e-07
761.2	1.0e-07
761.4	1.0e-07
761.6	1.0e-07
761.8	1.0e-07
762.0	1.0e-07
762.2	1.0e-07
762.4	1.0e-07
762.6	1.0e-07
762.8	1.0e-07
763.0	1.0e-07
763.2	1.0e-07
763.4	1.0e-07
763.6	1.0e-07
763.8	1.0e-07
764.0	1.0e-07
764.2	1.0e-07
764.4	1.0e-07
764.6	1.0e-07
764.8	1.0e-07
765.0	1.0e-07
765.2	1.0e-07
765.4	1.0e-07
765.6	1.0e-07
765.8	1.0e-07
766.0	1.0e-07
766.2	1.0e-07
766.4	1.0e-07
766.6	1.0e-07
766.8	1.0e-07
767.0	1.0e-07
767.2	1.0e-07
767.4	1.0e-07
767.6	1.0e-07
767.8	1.0e-07
768.0	1.0e-07
768.2	1.0e-07
768.4	1.0e-07
768.6	1.0e-07
768.8	1.0e-07
769.0	1.0e-07
769.2	1.0e-07
769.4	1.0e-07
769.6	1.0e-07
769.8	1.0e-07
770.0	1.0e-07
770.2	1.0e-07
770.4	1.0e-07
770.6	1.0e-07
770.8	1.0e-07
771.0	1.0e-07
771.2	1.0e-07
771.4	1.0e-07
771.6	1.0e-07
771.8	1.0e-07
772.0	1.0e-07
772.2	1.0e-07
772.4	1.0e-07
772.6	1.0e-07
772.8	1.0e-07
773.0	1.0e-07
773.2	1.0e-07
773.4	1.0e-07
773.6	1.0e-07
773.8	1.0e-07
774.0	1.0e-07
774.2	1.0e-07
774.4	1.0e-07
774.6	1.0e-07
774.8	1.0e-07
775.0	1.0e-07
775.2	1.0e-07
775.4	1.0e-07
775.6	1.0e-07
775.8	1.0e-07
776.0	1.0e-07
776.2	1.0e-07
776.4	1.0e-07
776.6	1.0e-07
776.8	1.0e-07
777.0	1.0e-07
777.2	1.0e-07
777.4	1.0e-07
777.6	1.0e-07
777.8	1.0e-07
778.0	1.0e-07
778.2	1.0e-07
778.4	1.0e-07
778.6	1.0e-07
778.8	1.0e-07
779.0	1.0e-07
779.2	1.0e-07
779.4	1.0e-07
779.6	1.0e-07
779.8	1.0e-07
780.0	1.0e-07
780.2	1.0e-07
780.4	1.0e-07
780.6	1.0e-07
780.8	1.0e-07
781.0	1.0e-07
781.2	1.0e-07
781.4	1.0e-07
781.6	1.0e-07
781.8	1.0e-07
782.0	1.0e-07
782.2	1.0e-07
782.4	1.0e-07
782.6	1.0e-07
782.8	1.0e-07
783.0	1.0e-07
783.2	1.0e-07
783.4	1.0e-07
783.6	1.0e-07
783.8	1.0e-07
784.0	1.0e-07
784.2	1.0e-07
784.4	1.0e-07
784.6	1.0e-07
784.8	1.0e-07
785.0	1.0e-07
785.2	1.0e-07
785.4	1.0e-07
785.6	1.0e-07
785.8	1.0e-07
786.0	1.0e-07
786.2	1.0e-07
786.4	1.0e-07
786.6	1.0e-07
786.8	1.0e-07
787.0	1.0e-07
787.2	1.0e-07
787.4	1.0e-07
787.6	1.0e-07
787.8	1.0e-07
788.0	1.0e-07
788.2	1.0e-07
788.4	1.0e-07
788.6	1.0e-07
788.8	1.0e-07
789.0	1.0e-07
789.2	1.0e-07
789.4	1.0e-07
789.6	1.0e-07
789.8	1.0e-07
790.0	1.0e-07
790.2	1.0e-07
790.4	1.0e-07
790.6	1.0e-07
790.8	1.0e-07
791.0	1.0e-07
791.2	1.0e-07
791.4	1.0e-07
791.6	1.0e-07
791.8	1.0e-07
792.0	1.0e-07
792.2	1.0e-07
792.4	1.0e-07
792.6	1.0e-07
792.8	1.0e-07
793.0	1.0e-07
793.2	1.0e-07
793.4	1.0e-07
793.6	1.0e-07
793.8	1.0e-07
794.0	1.0e-07
794.2	1.0e-07
794.4	1.0e-07
794.6	1.0e-07
794.8	1.0e-07
795.0	1.0e-07
795.2	1.0e-07
795.4	1.0e-07
795.6	1.0e-07
795.8	1.0e-07
796.0	1.0e-07
796.2	1.0e-07
796.4	1.0e-07
796.6	1.0e-07
796.8	1.0e-07
797.0	1.0e-07
797.2	1.0e-07
797.4	1.0e-07
797.6	1.0e-07
797.8	1.0e-07
798.0	1.0e-07
798.2	1.0e-07
798.4	1.0e-07
798.6	1.0e-07
798.8	1.0e-07
799.0	1.0e-07
799.2	1.0e-07
799.4	1.0e-07
799.6	1.0e-07
799.8	1.0e-07
800.0	1.0e-07
800.2	1.0e-07
800.4	1.0e-07
800.6	1.0e-07
800.8	1.0e-07
801.0	1.0e-07
801.2	1.0e-07
801.4	1.0e-07
801.6	1.0e-07
801.8	1.0e-07
802.0	1.0e-07
802.2	1.0e-07
802.4	1.0e-07
802.6	1.0e-07
802.8	1.0e-07
803.0	1.0e-07
803.2	1.0e-07
803.4	1.0e-07
803.6	1.0e-07
803.8	1.0e-07
804.0	1.0e-07
804.2	1.0e-07
804.4	1.0e-07
804.6	1.0e-07
804.8	1.0e-07
805.0	1.0e-07
805.2	1.0e-07
805.4	1.0e-07
805.6	1.0e-07
805.8	1.0e-07
806.0	1.0e-07
806.2	1.0e-07
806.4	1.0e-07
806.6	1.0e-07
806.8	1.0e-07
807.0	1.0e-07
807.2	1.0e-07
807.4	1.0e-07
807.6	1.0e-07
807.8	1.0e-07
808.0	1.0e-07
808.2	1.0e-07
808.4	1.0e-07
808.6	1.0e-07
808.8	1.0e-07
809.0	1.0e-07
809.2	1.0e-07
809.4	1.0e-07
809.6	1.0e-07
809.8	1.0e-07
810.0	1.0e-07
810.2	1.0e-07
810.4	1.0e-07
810.6	1.0e-07
810.8	1.0e-07
811.0	1.0e-07
811.2	1.0e-07
811.4	1.0e-07
811.6	1.0e-07
811.8	1.0e-07
812.0	1.0e-07
812.2	1.0e-07
812.4	1.0e-07
812.6	1.0e-07
812.8	1.0e-07
813.0	1.0e-07
813.2	1.0e-07
813.4	1.0e-07
813.6	1.0e-07
813.8	1.0e-07
814.0	1.0e-07
814.2	1.0e-07
814.4	1.0e-07
814.6	1.0e-07
814.8	1.0e-07
815.0	1.0e-07
815.2	1.0e-07
815.4	1.0e-07
815.6	1.0e-07
815.8	1.0e-07
816.0	1.0e-07
816.2	1.0e-07
816.4	1.0e-07
816.6	1.0e-07
816.8	1.0e-07
817.0	1.0e-07
817.2	1.0e-07
817.4	1.0e-07
817.6	1.0e-07
817.8	1.0e-07
818.0	1.0e-07
818.2	1.0e-07
818.4	1.0e-07
818.6	1.0e-07
818.8	1.0e-07
819.0	1.0e-07
819.2	1.0e-07
819.4	1.0e-07
819.6	1.0e-07
819.8	1.0e-07
820.0	1.0e-07
820.2	1.0e-07
820.4	1.0e-07
820.6	1.0e-07
820.8	1.0e-07
821.0	1.0e-07
821.2	1.0e-07
821.4	1.0e-07
821.6	1.0e-07
821.8	1.0e-07
822.0	1.0e-07
822.2	1.0e-07
822.4	1.0e-07
822.6	1.0e-07
822.8	1.0e-07
823.0	1.0e-07
823.2	1.0e-07
823.4	1.0e-07
823.6	1.0e-07
823.8	1.0e-07
824.0	1.0e-07
824.2	1.0e-07
824.4	1.0e-07
824.6	1.0e-07
824.8	1.0e-07
825.0	1.0e-07
825.2	1.0e-07
825.4	1.0e-07
825.6	1.0e-07
825.8	1.0e-07
826.0	1.0e-07
826.2	1.0e-07
826.4	1.0e-07
826.6	1.0e-07
826.8	1.0e-07
827.0	1.0e-07
827.2	1.0e-07
827.4	1.0e-07
827.6	1.0e-07
827.8	1.0e-07
828.0	1.0e-07
828.2	1.0e-07
828.4	1.0e-07
828.6	1.0e-07
828.8	1.0e-07
829.0	1.0e-07
829.2	1.0e-07
829.4	1.0e-07
829.6	1.0e-07
829.8	1.0e-07
830.0	1.0e-07
830.2	1.0e-07
830.4	1.0e-07
830.6	1.0e-07
830.8	1.0e-07
831.0	1.0e-07
831.2	1.0e-07
831.4	1.0e-07
831.6	1.0e-07
831.8	1.0e-07
832.0	1.0e-07
832.2	1.0e-07
832.4	1.0e-07
832.6	1.0e-07
832.8	1.0e-07
833.0	1.0e-07
833.2	1.0e-07
833.4	1.0e-07
833.6	1.0e-07
833.8	1.0e-07
834.0	1.0e-07
834.2	1.0e-07
834.4	1.0e-07
834.6	1.0e-07
834.8	1.0e-07
835.0	1.0e-07
835.2	1.0e-07
835.4	1.0e-07
835.6	1.0e-07
835.8	1.0e-07
836.0	1.0e-07
836.2	1.0e-07
836.4	1.0e-07
836.6	1.0e-07
836.8	1.0e-07
837.0	1.0e-07
837.2	1.0e-07
837.4	1.0e-07
837.6	1.0e-07
837.8	1.0e-07
838.0	1.0e-07
838.2	1.0e-07
838.4	1.0e-07
838.6	1.0e-07
838.8	1.0e-07
839.0	1.0e-07
839.2	1.0e-07
839.4	1.0e-07
839.6	1.0e-07
839.8	1.0e-07
840.0	1.0e-07
840.2	1.0e-07
840.4	1.0e-07
840.6	1.0e-07
840.8	1.0e-07
841.0	1.0e-07
841.2	1.0e-07
841.4	1.0e-07
841.6	1.0e-07
841.8	1.0e-07
842.0	1.0e-07
842.2	1.0e-07
842.4	1.0e-07
842.6	1.0e-07
842.8	1.0e-07
843.0	1.0e-07
843.2	1.0e-07
843.4	1.0e-07
843.6	1.0e-07
843.8	1.0e-07
844.0	1.0e-07
844.2	1.0e-07
844.4	1.0e-07
844.6	1.0e-07
844.8	1.0e-07
845.0	1.0e-07
845.2	1.0e-07
845.4	1.0e-07
845.6	1.0e-07
845.8	1.0e-07
846.0	1.0e-07
846.2	1.0e-07
846.4	1.0e-07
846.6	1.0e-07
846.8	1.0e-07
847.0	1.0e-07
847.2	1.0e-07
847.4	1.0e-07
847.6	1.0e-07
847.8	1.0e-07
848.0	1.0e-07
848.2	1.0e-07
848.4	1.0e-07
848.6	1.0e-07
848.8	1.0e-07
849.0	1.0e-07
849.2	1.0e-07
849.4	1.0e-07
849.6	1.0e-07
849.8	1.0e-07
850.0	1.0e-07
850.2	1.0e-07
850.4	1.0e-07
850.6	1.0e-07
850.8	1.0e-07
851.0	1.0e-07
851.2	1.0e-07
851.4	1.0e-07
851.6	1.0e-07
851.8	1.0e-07
852.0	1.0e-07
852.2	1.0e-07
852.4	1.0e-07
852.6	1.0e-07
852.8	1.0e-07
853.0	1.0e-07
853.2	1.0e-07
853.4	1.0e-07
853.6	1.0e-07
853.8	1.0e-07
854.0	1.0e-07
854.2	1.0e-07
854.4	1.0e-07
854.6	1.0e-07
854.8	1.0e-07
855.0	1.0e-07
855.2	1.0e-07
855.4	1.0e-07
855.6	1.0e-07
855.8	1.0e-07
856.0	1.0e-07
856.2	1.0e-07
856.4	1.0e-07
856.6	1.0e-07
856.8	1.0e-07
857.0	1.0e-07
857.2	1.0e-07
857.4	1.0e-07
857.6	1.0e-07
857.8	1.0e-07
858.0	1.0e-07
858.2	1.0e-07
858.4	1.0e-07
858.6	1.0e-07
858.8	1.0e-07
859.0	1.0e-07
859.2	1.0e-07
859.4	1.0e-07
859.6	1.0e-07
859.8	1.0e-07
860.0	1.0e-07
860.2	1.0e-07
860.4	1.0e-07
860.6	1.0e-07
860.8	1.0e-07
861.0	1.0e-07
861.2	1.0e-07
861.4	1.0e-07
861.6	1.0e-07
861.8	1.0e-07
862.0	1.0e-07
862.2	1.0e-07
862.4	1.0e-07
862.6	1.0e-07
862.8	1.0e-07
863.0	1.0e-07
863.2	1.0e-07
863.4	1.0e-07
863.6	1.0e-07
863.8	1.0e-07
864.0	1.0e-07
864.2	1.0e-07
864.4	1.0e-07
864.6	1.0e-07
864.8	1.0e-07
865.0	1.0e-07
865.2	1.0e-07
865.4	1.0e-07
865.6	1.0e-07
865.8	1.0e-07
866.0	1.0e-07
866.2	1.0e-07
866.4	1.0e-07
866.6	1.0e-07
866.8	1.0e-07
867.0	1.0e-07
867.2	1.0e-07
867.4	1.0e-07
867.6	1.0e-07
867.8	1.0e-07
868.0	1.0e-07
868.2	1.0e-07
868.4	1.0e-07
868.6	1.0e-07
868.8	1.0e-07
869.0	1.0e-07
869.2	1.0e-07
869.4	1.0e-07
869.6	1.0e-07
869.8	1.0e-07
870.0	1.0e-07
870.2	1.0e-07
870.4	1.0e-07
870.6	1.0e-07
870.8	1.0e-07
871.0	1.0e-07
871.2	1.0e-07
871.4	1.0e-07
871.6	1.0e-07
871.8	1.0e-07
872.0	1.0e-07
872.2	1.0e-07
872.4	1.0e-07
872.6	1.0e-07
872.8	1.0e-07
873.0	1.0e-07
873.2	1.0e-07
873.4	1.0e-07
873.6	1.0e-07
873.8	1.0e-07
874.0	1.0e-07
874.2	1.0e-07
874.4	1.0e-07
874.6	1.0e-07
874.8	1.0e-07
875.0	1.0e-07
875.2	1.0e-07
875.4	1.0e-07
875.6	1.0e-07
875.8	1.0e-07
876.0	1.0e-07
876.2	1.0e-07
876.4	1.0e-07
876.6	1.0e-07
876.8	1.0e-07
877.0	1.0e-07
877.2	1.0e-07
877.4	1.0e-07
877.6	1.0e-07
877.8	1.0e-07
878.0	1.0e-07
878.2	1.0e-07
878.4	1.0e-07
878.6	1.0e-07
878.8	1.0e-07
879.0	1.0e-07
879.2	1.0e-07
879.4	1.0e-07
879.6	1.0e-07
879.8	1.0e-07
880.0	1.0e-07
880.2	1.0e-07
880.4	1.0e-07
880.6	1.0e-07
880.8	1.0e-07
881.0	1.0e-07
881.2	1.0e-07
881.4	1.0e-07
881.6	1.0e-07
881.8	1.0e-07
882.0	1.0e-07
882.2	1.0e-07
882.4	1.0e-07
882.6	1.0e-07
882.8	1.0e-07
883.0	1.0e-07
883.2	1.0e-07
883.4	1.0e-07
883.6	1.0e-07
883.8	1.0e-07
884.0	1.0e-07
884.2	1.0e-07
884.4	1.0e-07
884.6	1.0e-07
884.8	1.0e-07
885.0	1.0e-07
885.2	1.0e-07
885.4	1.0e-07
885.6	1.0e-07
885.8	1.0e-07
886.0	1.0e-07
886.2	1.0e-07
886.4	1.0e-07
886.6	1.0e-07
886.8	1.0e-07
887.0	1.0e-07
887.2	1.0e-07
887.4	1.0e-07
887.6	1.0e-07
887.8	1.0e-07
888.0	1.0e-07
888.2	1.0e-07
888.4	1.0e-07
888.6	1.0e-07
888.8	1.0e-07
889.0	1.0e-07
889.2	1.0e-07
889.4	1.0e-07
889.6	1.0e-07
889.8	1.0e-07
890.0	1.0e-07
890.2	1.0e-07
890.4	1.0e-07
890.6	1.0e-07
890.8	1.0e-07
891.0	1.0e-07
891.2	1.0e-07
891.4	1.0e-07
891.6	1.0e-07
891.8	1.0e-07
892.0	1.0e-07
892.2	1.0e-07
892.4	1.0e-07
892.6	1.0e-07
892.8	1.0e-07
893.0	1.0e-07
893.2	1.0e-07
893.4	1.0e-07
893.6	1.0e-07
893.8	1.0e-07
894.0	1.0e-07
894.2	1.0e-07
894.4	1.0e-07
894.6	1.0e-07
894.8	1.0e-07
895.0	1.0e-07
895.2	1.0e-07
895.4	1.0e-07
895.6	1.0e-07
895.8	1.0e-07
896.0	1.0e-07
896.2	1.0e-07
896.4	1.0e-07
896.6	1.0e-07
896.8	1.0e-07
897.0	1.0e-07
897.2	1.0e-07
897.4	1.0e-07
897.6	1.0e-07
897.8	1.0e-07
898.0	1.0e-07
898.2	1.0e-07
898.4	1.0e-07
898.6	1.0e-07
898.8	1.0e-07
899.0	1.0e-07
899.2	1.0e-07
899.4	1.0e-07
899.6	1.0e-07
899.8	1.0e-07
900.0	1.0e-07
900.2	1.0e-07
900.4	1.0e-07
900.6	1.0e-07
900.8	1.0e-07
901.0	1.0e-07
901.2	1.0e-07
901.4	1.0e-07
901.6	1.0e-07
901.8	1.0e-07
902.0	1.0e-07
902.2	1.0e-07
902.4	1.0e-07
902.6	1.0e-07
902.8	1.0e-07
903.0	1.0e-07
903.2	1.0e-07
903.4	1.0e-07
903.6	1.0e-07
903.8	1.0e-07
904.0	1.0e-07
904.2	1.0e-07
904.4	1.0e-07
904.6	1.0e-07
904.8	1.0e-07
905.0	1.0e-07
905.2	1.0e-07
905.4	1.0009e-07
905.6	1.0298e-07
905.8	1.0597e-07
906.0	1.0904e-07
906.2	1.122e-07
906.4	1.1545e-07
906.6	1.1879e-07
906.8	1.2223e-07
907.0	1.2577e-07
907.2	1.2941e-07
907.4	1.3316e-07
907.6	1.3702e-07
907.8	1.4099e-07
908.0	1.4507e-07
908.2	1.4927e-07
908.4	1.536e-07
908.6	1.5805e-07
908.8	1.6263e-07
909.0	1.6709e-07
909.2	1.6687e-07
909.4	1.6666e-07
909.6	1.6645e-07
909.8	1.6623e-07
910.0	1.6602e-07
910.2	1.6581e-07
910.4	1.6559e-07
910.6	1.6538e-07
910.8	1.6517e-07
911.0	1.6496e-07
911.2	1.6475e-07
911.4	1.6454e-07
911.6	1.6433e-07
911.8	1.6412e-07
912.0	1.6391e-07
912.2	1.637e-07
912.4	1.6349e-07
912.6	1.6345e-07
912.8	1.6562e-07
913.0	1.6782e-07
913.2	1.7004e-07
913.4	1.7229e-07
913.6	1.7458e-07
913.8	1.7689e-07
914.0	1.7924e-07
914.2	1.8161e-07
914.4	1.8402e-07
914.6	1.8646e-07
914.8	1.8893e-07
915.0	1.9144e-07
915.2	1.9398e-07
915.4	1.9655e-07
915.6	1.9915e-07
915.8	2.0179e-07
916.0	2.0447e-07
916.2	2.0751e-07
916.4	2.1333e-07
916.6	2.1932e-07
916.8	2.2547e-07
917.0	2.3179e-07
917.2	2.383e-07
917.4	2.4498e-07
917.6	2.5185e-07
917.8	2.5892e-07
918.0	2.6618e-07
918.2	2.7365e-07
918.4	2.8133e-07
918.6	2.8922e-07
918.8	2.9733e-07
919.0	3.0567e-07
919.2	3.1425e-07
919.4	3.2306e-07
919.6	3.3213e-07
919.8	3.4147e-07
920.0	3.5118e-07
920.2	3.6118e-07
920.4	3.7146e-07
920.6	3.8203e-07
920.8	3.929e-07
921.0	4.0408e-07
921.2	4.1558e-07
921.4	4.2741e-07
921.6	4.3957e-07
921.8	4.5208e-07
922.0	4.6495e-07
922.2	4.7818e-07
922.4	4.9179e-07
922.6	5.0579e-07
922.8	5.2018e-07
923.0	5.3499e-07
923.2	5.5021e-07
923.4	5.6319e-07
923.6	5.6624e-07
923.8	5.693e-07
924.0	5.7239e-07
924.2	5.7549e-07
924.4	5.7861e-07
924.6	5.8174e-07
924.8	5.8489e-07
925.0	5.8806e-07
925.2	5.9125e-07
925.4	5.9445e-07
925.6	5.9767e-07
925.8	6.0091e-07
926.0	6.0416e-07
926.2	6.0744e-07
926.4	6.1073e-07
926.6	6.1404e-07
926.8	6.1736e-07
927.0	6.2092e-07
927.2	6.2507e-07
927.4	6.2925e-07
927.6	6.3345e-07
927.8	6.3768e-07
928.0	6.4194e-07
928.2	6.4623e-07
928.4	6.5055e-07
928.6	6.5489e-07
928.8	6.5927e-07
929.0	6.6367e-07
929.2	6.681e-07
929.4	6.7257e-07
929.6	6.7706e-07
929.8	6.8158e-07
930.0	6.8613e-07
930.2	6.9072e-07
930.4	6.9533e-07
930.6	7.0718e-07
930.8	7.3303e-07
931.0	7.5983e-07
931.2	7.876e-07
931.4	8.164e-07
931.6	8.4624e-07
931.8	8.7718e-07
932.0	9.0924e-07
932.2	1.1092e-06
932.4	1.2854e-06
932.6	1.3722e-06
932.8	1.3622e-06
933.0	1.3268e-06
933.2	1.3434e-06
933.4	1.3058e-06
933.6	1.2152e-06
933.8	1.4439e-06
934.0	1.7174e-06
934.2	1.7516e-06
934.4	1.7285e-06
934.6	1.6662e-06
934.8	1.7748e-06
935.0	1.9237e-06
935.2	2.1411e-06
935.4	2.2885e-06
935.6	2.3872e-06
935.8	2.2348e-06
936.0	2.2148e-06
936.2	2.3748e-06
936.4	2.7022e-06
936.6	3.0543e-06
936.8	3.0317e-06
937.0	3.202e-06
937.2	3.5814e-06
937.4	3.5736e-06
937.6	3.5983e-06
937.8	3.8856e-06
938.0	4.1876e-06
938.2	4.5078e-06
938.4	4.9587e-06
938.6	5.5752e-06
938.8	6.5141e-06
939.0	6.7298e-06
939.2	6.6796e-06
939.4	7.059e-06
939.6	7.86e-06
939.8	9.3052e-06
940.0	1.0128e-05
940.2	1.091e-05
940.4	1.2077e-05
940.6	1.312e-05
940.8	1.4048e-05
941.0	1.5353e-05
941.2	1.6902e-05
941.4	1.8858e-05
941.6	2.1004e-05
941.8	2.331e-05
942.0	2.4202e-05
942.2	2.5616e-05
942.4	2.7872e-05
942.6	2.9813e-05
942.8	3.1787e-05
943.0	3.4245e-05
943.2	3.7222e-05
943.4	4.0796e-05
943.6	4.2905e-05
943.8	4.4727e-05
944.0	4.6157e-05
944.2	4.9703e-05
944.4	5.4935e-05
944.6	5.5518e-05
944.8	5.7003e-05
945.0	6.0295e-05
945.2	6.3506e-05
945.4	6.6593e-05
945.6	6.8061e-05
945.8	7.0064e-05
946.0	7.2713e-05
946.2	7.5432e-05
946.4	7.8332e-05
946.6	8.1683e-05
946.8	8.4092e-05
947.0	8.5756e-05
947.2	8.956e-05
947.4	9.2934e-05
947.6	9.4811e-05
947.8	9.8573e-05
948.0	1.0339e-04
948.2	1.0869e-04
948.4	1.1391e-04
948.6	1.1888e-04
948.8	1.2342e-04
949.0	1.2789e-04
949.2	1.3222e-04
949.4	1.3854e-04
949.6	1.4684e-04
949.8	1.5503e-04
950.0	1.6352e-04
950.2	1.7227e-04
950.4	1.839e-04
950.6	1.977e-04
950.8	2.1121e-04
951.0	2.2658e-04
951.2	2.4467e-04
951.4	2.6502e-04
951.6	2.8786e-04
951.8	3.1645e-04
952.0	3.4802e-04
952.2	3.8292e-04
952.4	4.2752e-04
952.6	4.7905e-04
952.8	5.3937e-04
953.0	6.1627e-04
953.2	7.1064e-04
953.4	8.2404e-04
953.6	9.6028e-04
953.8	0.00113
954.0	0.00134
954.2	0.00159
954.4	0.00189
954.6	0.00222
954.8	0.00259
955.0	0.00289
955.2	0.00314
955.4	0.00323
955.6	0.00318
955.8	0.00303
956.0	0.00273
956.2	0.00243
956.4	0.00213
956.6	0.00185
956.8	0.0016
957.0	0.0014
957.2	0.00124
957.4	0.00111
957.6	9.8942e-04
957.8	8.8861e-04
958.0	8.1228e-04
958.2	7.4552e-04
958.4	6.8639e-04
958.6	6.4652e-04
958.8	6.1042e-04
959.0	5.7754e-04
959.2	5.463e-04
959.4	5.1741e-04
959.6	5.0193e-04
959.8	4.8726e-04
960.0	4.7346e-04
960.2	4.6541e-04
960.4	4.5939e-04
960.6	4.5635e-04
960.8	4.5436e-04
961.0	4.5322e-04
961.2	4.5157e-04
961.4	4.5287e-04
961.6	4.6143e-04
961.8	4.7049e-04
962.0	4.7996e-04
962.2	4.9138e-04
962.4	5.0521e-04
962.6	5.2254e-04
962.8	5.4312e-04
963.0	5.6629e-04
963.2	5.9588e-04
963.4	6.291e-04
963.6	6.6608e-04
963.8	7.069e-04
964.0	7.5088e-04
964.2	7.9887e-04
964.4	8.5666e-04
964.6	9.2238e-04
964.8	9.9331e-04
965.0	0.00107
965.2	0.00116
965.4	0.00125
965.6	0.00134
965.8	0.00144
966.0	0.00153
966.2	0.00162
966.4	0.0017
966.6	0.00177
966.8	0.00182
967.0	0.00184
967.2	0.00185
967.4	0.00183
967.6	0.0018
967.8	0.00174
968.0	0.00167
968.2	0.0016
968.4	0.00152
968.6	0.00145
968.8	0.00138
969.0	0.0013
969.2	0.00123
969.4	0.00117
969.6	0.00112
969.8	0.00107
970.0	0.00103
970.2	9.8561e-04
970.4	9.4777e-04
970.6	9.2139e-04
970.8	8.9866e-04
971.0	8.7692e-04
971.2	8.6253e-04
971.4	8.5439e-04
971.6	8.454e-04
971.8	8.3803e-04
972.0	8.3489e-04
972.2	8.3904e-04
972.4	8.5555e-04
972.6	8.6608e-04
972.8	8.8016e-04
973.0	9.1013e-04
973.2	9.4751e-04
973.4	9.7503e-04
973.6	0.00102
973.8	0.00108
974.0	0.00114
974.2	0.00121
974.4	0.00131
974.6	0.00141
974.8	0.00153
975.0	0.00168
975.2	0.00186
975.4	0.00207
975.6	0.00233
975.8	0.00264
976.0	0.00299
976.2	0.00343
976.4	0.00392
976.6	0.00446
976.8	0.00498
977.0	0.00545
977.2	0.00577
977.4	0.00588
977.6	0.0057
977.8	0.00529
978.0	0.00474
978.2	0.00415
978.4	0.00358
978.6	0.00306
978.8	0.00261
979.0	0.00223
979.2	0.00193
979.4	0.00168
979.6	0.00147
979.8	0.00128
980.0	0.00114
980.2	0.00103
980.4	9.1551e-04
980.6	8.3115e-04
980.8	7.5762e-04
981.0	6.9797e-04
981.2	6.369e-04
981.4	5.8892e-04
981.6	5.4788e-04
981.8	5.191e-04
982.0	4.7999e-04
982.2	4.6094e-04
982.4	4.3834e-04
982.6	4.198e-04
982.8	3.9309e-04
983.0	3.8393e-04
983.2	3.6821e-04
983.4	3.5677e-04
983.6	3.4797e-04
983.8	3.3883e-04
984.0	3.2781e-04
984.2	3.2469e-04
984.4	3.1884e-04
984.6	3.1911e-04
984.8	3.1017e-04
985.0	3.0863e-04
985.2	3.0955e-04
985.4	3.0832e-04
985.6	3.0776e-04
985.8	3.1037e-04
986.0	3.1498e-04
986.2	3.1672e-04
986.4	3.2083e-04
986.6	3.2319e-04
986.8	3.3349e-04
987.0	3.417e-04
987.2	3.5148e-04
987.4	3.6011e-04
987.6	3.6753e-04
987.8	3.8491e-04
988.0	3.9672e-04
988.2	4.15e-04
988.4	4.361e-04
988.6	4.5828e-04
988.8	4.8238e-04
989.0	5.0728e-04
989.2	5.4227e-04
989.4	5.7388e-04
989.6	6.1751e-04
989.8	6.6194e-04
990.0	7.1629e-04
990.2	7.7383e-04
990.4	8.4266e-04
990.6	9.1563e-04
990.8	9.9545e-04
991.0	0.0011
991.2	0.00122
991.4	0.00134
991.6	0.00149
991.8	0.00165
992.0	0.00184
992.2	0.00203
992.4	0.00224
992.6	0.00246
992.8	0.00268
993.0	0.00287
993.2	0.00306
993.4	0.00319
993.6	0.00323
993.8	0.00323
994.0	0.00318
994.2	0.00309
994.4	0.00293
994.6	0.00276
994.8	0.00259
995.0	0.00242
995.2	0.00223
995.4	0.00208
995.6	0.00194
995.8	0.0018
996.0	0.00166
996.2	0.00157
996.4	0.00148
996.6	0.0014
996.8	0.00132
997.0	0.00126
997.2	0.0012
997.4	0.00114
997.6	0.00111
997.8	0.00107
998.0	0.00104
998.2	0.00102
998.4	9.9981e-04
998.6	9.8182e-04
998.8	9.7905e-04
999.0	9.7065e-04
999.2	9.7052e-04
999.4	9.6844e-04
999.6	9.7344e-04
999.8	9.7993e-04
1000.0	9.7977e-04
1000.2	9.7221e-04
1000.4	9.8918e-04
1000.6	0.00101
1000.8	0.00105
1001.0	0.00109
1001.2	0.00113
1001.4	0.00119
1001.6	0.00124
1001.8	0.00132
1002.0	0.00141
1002.2	0.0015
1002.4	0.0016
1002.6	0.00173
1002.8	0.00187
1003.0	0.00205
1003.2	0.00225
1003.4	0.00247
1003.6	0.00275
1003.8	0.00306
1004.0	0.0034
1004.2	0.00378
1004.4	0.00424
1004.6	0.00469
1004.8	0.00513
1005.0	0.00555
1005.2	0.00586
1005.4	0.00599
1005.6	0.00594
1005.8	0.00577
1006.0	0.00543
1006.2	0.00498
1006.4	0.00448
1006.6	0.00398
1006.8	0.00354
1007.0	0.00312
1007.2	0.00276
1007.4	0.00243
1007.6	0.00216
1007.8	0.00191
1008.0	0.00172
1008.2	0.00154
1008.4	0.00139
1008.6	0.00127
1008.8	0.00116
1009.0	0.00107
1009.2	9.9167e-04
1009.4	9.0458e-04
1009.6	8.514e-04
1009.8	7.8992e-04
1010.0	7.3897e-04
1010.2	7.0699e-04
1010.4	6.5551e-04
1010.6	6.2141e-04
1010.8	5.9291e-04
1011.0	5.8134e-04
1011.2	5.5084e-04
1011.4	5.257e-04
1011.6	5.0554e-04
1011.8	4.8709e-04
1012.0	4.8167e-04
1012.2	4.662e-04
1012.4	4.5273e-04
1012.6	4.409e-04
1012.8	4.3368e-04
1013.0	4.1889e-04
1013.2	4.2504e-04
1013.4	4.2156e-04
1013.6	4.126e-04
1013.8	4.0308e-04
1014.0	4.102e-04
1014.2	4.0634e-04
1014.4	4.0393e-04
1014.6	4.0945e-04
1014.8	4.1525e-04
1015.0	4.1407e-04
1015.2	4.2175e-04
1015.4	4.2004e-04
1015.6	4.1949e-04
1015.8	4.2856e-04
1016.0	4.4131e-04
1016.2	4.438e-04
1016.4	4.5877e-04
1016.6	4.6786e-04
1016.8	4.9187e-04
1017.0	4.8897e-04
1017.2	5.0818e-04
1017.4	5.2546e-04
1017.6	5.494e-04
1017.8	5.6894e-04
1018.0	5.9904e-04
1018.2	6.1548e-04
1018.4	6.4773e-04
1018.6	6.7835e-04
1018.8	7.1776e-04
1019.0	7.6098e-04
1019.2	7.8786e-04
1019.4	8.3954e-04
1019.6	8.9058e-04
1019.8	9.4667e-04
1020.0	0.00101
1020.2	0.00107
1020.4	0.00114
1020.6	0.00124
1020.8	0.00131
1021.0	0.00141
1021.2	0.00151
1021.4	0.00163
1021.6	0.00176
1021.8	0.00188
1022.0	0.00202
1022.2	0.00216
1022.4	0.00227
1022.6	0.00242
1022.8	0.00255
1023.0	0.00269
1023.2	0.00276
1023.4	0.00286
1023.6	0.00293
1023.8	0.00298
1024.0	0.00302
1024.2	0.003
1024.4	0.00301
1024.6	0.00293
1024.8	0.00287
1025.0	0.00288
1025.2	0.0029
1025.4	0.00278
1025.6	0.0027
1025.8	0.0026
1026.0	0.0025
1026.2	0.00242
1026.4	0.0023
1026.6	0.00222
1026.8	0.00214
1027.0	0.00207
1027.2	0.00201
1027.4	0.00194
1027.6	0.00188
1027.8	0.00183
1028.0	0.00179
1028.2	0.00175
1028.4	0.00172
1028.6	0.00169
1028.8	0.00166
1029.0	0.00163
1029.2	0.00161
1029.4	0.00161
1029.6	0.00159
1029.8	0.00159
1030.0	0.00159
1030.2	0.00162
1030.4	0.0016
1030.6	0.00163
1030.8	0.00165
1031.0	0.00167
1031.2	0.00171
1031.4	0.00174
1031.6	0.00179
1031.8	0.00183
1032.0	0.00187
1032.2	0.00195
1032.4	0.00202
1032.6	0.00209
1032.8	0.00217
1033.0	0.00227
1033.2	0.00238
1033.4	0.00249
1033.6	0.00264
1033.8	0.00279
1034.0	0.00295
1034.2	0.0031
1034.4	0.00331
1034.6	0.00353
1034.8	0.00372
1035.0	0.004
1035.2	0.00423
1035.4	0.00454
1035.6	0.00483
1035.8	0.00515
1036.0	0.00541
1036.2	0.00569
1036.4	0.00593
1036.6	0.00614
1036.8	0.00627
1037.0	0.00639
1037.2	0.0064
1037.4	0.00633
1037.6	0.00621
1037.8	0.00601
1038.0	0.00583
1038.2	0.00556
1038.4	0.00527
1038.6	0.00496
1038.8	0.00463
1039.0	0.00431
1039.2	0.00403
1039.4	0.00376
1039.6	0.00351
1039.8	0.00325
1040.0	0.00304
1040.2	0.00285
1040.4	0.00267
1040.6	0.00251
1040.8	0.00236
1041.0	0.0022
1041.2	0.00209
1041.4	0.00197
1041.6	0.00186
1041.8	0.00178
1042.0	0.00169
1042.2	0.00162
1042.4	0.00154
1042.6	0.00148
1042.8	0.00144
1043.0	0.00137
1043.2	0.00131
1043.4	0.00126
1043.6	0.00122
1043.8	0.00121
1044.0	0.00118
1044.2	0.00113
1044.4	0.00111
1044.6	0.0011
1044.8	0.00107
1045.0	0.00104
1045.2	0.00102
1045.4	0.001
1045.6	9.9398e-04
1045.8	9.8634e-04
1046.0	9.7943e-04
1046.2	9.7257e-04
1046.4	9.636e-04
1046.6	9.5472e-04
1046.8	9.5352e-04
1047.0	9.5255e-04
1047.2	9.5732e-04
1047.4	9.6246e-04
1047.6	9.6281e-04
1047.8	9.6271e-04
1048.0	9.7054e-04
1048.2	9.7947e-04
1048.4	9.8596e-04
1048.6	9.9208e-04
1048.8	0.001
1049.0	0.00102
1049.2	0.00103
1049.4	0.00105
1049.6	0.00106
1049.8	0.00107
1050.0	0.00109
1050.2	0.00111
1050.4	0.00114
1050.6	0.00116
1050.8	0.00119
1051.0	0.00122
1051.2	0.00124
1051.4	0.00126
1051.6	0.00129
1051.8	0.00132
1052.0	0.00136
1052.2	0.00138
1052.4	0.00142
1052.6	0.00147
1052.8	0.00151
1053.0	0.00154
1053.2	0.00157
1053.4	0.0016
1053.6	0.00164
1053.8	0.00169
1054.0	0.00174
1054.2	0.00177
1054.4	0.00181
1054.6	0.00184
1054.8	0.00188
1055.0	0.00192
1055.2	0.00196
1055.4	0.00199
1055.6	0.00202
1055.8	0.00207
1056.0	0.0021
1056.2	0.00212
1056.4	0.00214
1056.6	0.00216
1056.8	0.00219
1057.0	0.0022
1057.2	0.00222
1057.4	0.00224
1057.6	0.00225
1057.8	0.00227
1058.0	0.00228
1058.2	0.00229
1058.4	0.00229
1058.6	0.0023
1058.8	0.00231
1059.0	0.00231
1059.2	0.0023
1059.4	0.00232
1059.6	0.00232
1059.8	0.00232
1060.0	0.00231
1060.2	0.00231
1060.4	0.00232
1060.6	0.00233
1060.8	0.00235
1061.0	0.00235
1061.2	0.00235
1061.4	0.00237
1061.6	0.00238
1061.8	0.00238
1062.0	0.00239
1062.2	0.0024
1062.4	0.00242
1062.6	0.00245
1062.8	0.00249
1063.0	0.00252
1063.2	0.00253
1063.4	0.00256
1063.6	0.00259
1063.8	0.00262
1064.0	0.00265
1064.2	0.00268
1064.4	0.00272
1064.6	0.00276
1064.8	0.0028
1065.0	0.00316
1065.2	0.00344
1065.4	0.00355
1065.6	0.00362
1065.8	0.00369
1066.0	0.00378
1066.2	0.0039
1066.4	0.00399
1066.6	0.00409
1066.8	0.0042
1067.0	0.00431
1067.2	0.00441
1067.4	0.00453
1067.6	0.00466
1067.8	0.0048
1068.0	0.00493
1068.2	0.00506
1068.4	0.0052
1068.6	0.00536
1068.8	0.00553
1069.0	0.00569
1069.2	0.00584
1069.4	0.006
1069.6	0.00616
1069.8	0.00632
1070.0	0.00648
1070.2	0.00666
1070.4	0.00685
1070.6	0.00699
1070.8	0.00713
1071.0	0.00728
1071.2	0.00741
1071.4	0.00753
1071.6	0.0077
1071.8	0.00786
1072.0	0.00802
1072.2	0.00806
1072.4	0.00807
1072.6	0.00816
1072.8	0.00823
1073.0	0.00828
1073.2	0.00833
1073.4	0.00838
1073.6	0.00841
1073.8	0.00838
1074.0	0.00833
1074.2	0.00834
1074.4	0.00833
1074.6	0.00828
1074.8	0.00824
1075.0	0.00779
1075.2	0.00738
1075.4	0.00735
1075.6	0.00732
1075.8	0.00729
1076.0	0.00726
1076.2	0.00722
1076.4	0.00714
1076.6	0.00706
1076.8	0.00699
1077.0	0.00696
1077.2	0.00692
1077.4	0.00689
1077.6	0.00685
1077.8	0.00682
1078.0	0.00679
1078.2	0.00676
1078.4	0.00673
1078.6	0.0067
1078.8	0.00667
1079.0	0.00664
1079.2	0.00659
1079.4	0.00654
1079.6	0.00649
1079.8	0.0065
1080.0	0.0065
1080.2	0.0065
1080.4	0.00648
1080.6	0.00647
1080.8	0.00647
1081.0	0.00648
1081.2	0.00649
1081.4	0.00648
1081.6	0.00647
1081.8	0.00646
1082.0	0.00645
1082.2	0.00644
1082.4	0.00643
1082.6	0.00642
1082.8	0.0064
1083.0	0.00639
1083.2	0.0064
1083.4	0.00642
1083.6	0.00642
1083.8	0.00641
1084.0	0.0064
1084.2	0.00636
1084.4	0.00631
1084.6	0.00625
1084.8	0.0062
1085.0	0.00616
1085.2	0.00612
1085.4	0.00608
1085.6	0.00604
1085.8	0.006
1086.0	0.00595
1086.2	0.00591
1086.4	0.00586
1086.6	0.00581
1086.8	0.00576
1087.0	0.00571
1087.2	0.00566
1087.4	0.00561
1087.6	0.00556
1087.8	0.0055
1088.0	0.00542
1088.2	0.00535
1088.4	0.00528
1088.6	0.00521
1088.8	0.00515
1089.0	0.00509
1089.2	0.00503
1089.4	0.00497
1089.6	0.00491
1089.8	0.00485
1090.0	0.0048
1090.2	0.00476
1090.4	0.00472
1090.6	0.00467
1090.8	0.00463
1091.0	0.00458
1091.2	0.00453
1091.4	0.00449
1091.6	0.00444
1091.8	0.00439
1092.0	0.00435
1092.2	0.00431
1092.4	0.00429
1092.6	0.00427
1092.8	0.00424
1093.0	0.00422
1093.2	0.0042
1093.4	0.00418
1093.6	0.00415
1093.8	0.00413
1094.0	0.00411
1094.2	0.00409
1094.4	0.0041
1094.6	0.00412
1094.8	0.00415
1095.0	0.00417
1095.2	0.00419
1095.4	0.00422
1095.6	0.00424
1095.8	0.00426
1096.0	0.00428
1096.2	0.00431
1096.4	0.00433
1096.6	0.00437
1096.8	0.00441
1097.0	0.00445
1097.2	0.00449
1097.4	0.00453
1097.6	0.00456
1097.8	0.00461
1098.0	0.00467
1098.2	0.00474
1098.4	0.00481
1098.6	0.00488
1098.8	0.00496
1099.0	0.00503
1099.2	0.0051
1099.4	0.0052
1099.6	0.0053
1099.8	0.0054
1100.0	0.00551
1100.2	0.00561
1100.4	0.00572
1100.6	0.00583
1100.8	0.00595
1101.0	0.00608
1101.2	0.00622
1101.4	0.00637
1101.6	0.00652
1101.8	0.00667
1102.0	0.00682
1102.2	0.00698
1102.4	0.00714
1102.6	0.00729
1102.8	0.00744
1103.0	0.0076
1103.2	0.00775
1103.4	0.00791
1103.6	0.00808
1103.8	0.00838
1104.0	0.00868
1104.2	0.00899
1104.4	0.00928
1104.6	0.00955
1104.8	0.00982
1105.0	0.0101
1105.2	0.01039
1105.4	0.01068
1105.6	0.01099
1105.8	0.0113
1106.0	0.01162
1106.2	0.01194
1106.4	0.01227
1106.6	0.01261
1106.8	0.01295
1107.0	0.01331
1107.2	0.01368
1107.4	0.01405
1107.6	0.01444
1107.8	0.01479
1108.0	0.01513
1108.2	0.01547
1108.4	0.01582
1108.6	0.01618
1108.8	0.01654
1109.0	0.01692