380.00	0.015535700134933
381.00	0.059593800455332
382.00	0.11666499823332
383.00	0.29149299860001
384.00	0.35563200712204
385.00	0.18535099923611
386.00	0.039805799722672
387.00	0.0032542000990361
388.00	0.00128158996813
389.00	0.0016139500075951
390.00	0.0017457699868828
391.00	0.0041967900469899
392.00	0.0080269696190953
393.00	0.0067997202277184
394.00	0.0059925499372184
395.00	0.012207900173962
396.00	0.023465700447559
397.00	0.030934700742364
398.00	0.025290699675679
399.00	0.0099599501118064
400.00	0.001074849977158
401.00	0.0007425689836964
402.00	0.0015956199495122
403.00	0.0008574670064263
404.00	0.0012746000429615
405.00	0.0010949600255117
406.00	0.0011402099626139
407.00	0.0043530501425266
408.00	0.025579599663615
409.00	0.048631899058819
410.00	0.069626800715923
411.00	0.15655800700188
412.00	0.3040579855442
413.00	0.40299800038338
414.00	0.42719799280167
415.00	0.48528799414635
416.00	0.69047200679779
417.00	0.88927602767944
418.00	0.95765101909637
419.00	0.95922297239304
420.00	0.96256899833679
421.00	0.97064799070358
422.00	0.97429901361465
423.00	0.97498202323914
424.00	0.97629797458649
425.00	0.97021198272705
426.00	0.96067899465561
427.00	0.96486401557922
428.00	0.96963798999786
429.00	0.97350400686264
430.00	0.98029202222824
431.00	0.97947001457214
432.00	0.96751302480698
433.00	0.95424902439117
434.00	0.94656699895859
435.00	0.94923400878906
436.00	0.96356201171875
437.00	0.97762501239777
438.00	0.98280799388885
439.00	0.97946602106094
440.00	0.96746999025345
441.00	0.95963901281357
442.00	0.95853000879288
443.00	0.9675549864769
444.00	0.9695680141449
445.00	0.95881897211075
446.00	0.94529002904892
447.00	0.943971991539
448.00	0.95001298189163
449.00	0.96276199817657
450.00	0.97292697429657
451.00	0.976538002491
452.00	0.97274100780487
453.00	0.96913397312164
454.00	0.97187501192093
455.00	0.9753509759903
456.00	0.97475397586823
457.00	0.97175997495651
458.00	0.97496098279953
459.00	0.98109000921249
460.00	0.98315799236298
461.00	0.97864401340485
462.00	0.97581100463867
463.00	0.98010897636414
464.00	0.98458498716354
465.00	0.98564600944519
466.00	0.98374897241592
467.00	0.98408597707748
468.00	0.98445701599121
469.00	0.98468101024628
470.00	0.98361802101135
471.00	0.98260098695755
472.00	0.98022001981735
473.00	0.97644299268723
474.00	0.97523599863052
475.00	0.97617000341415
476.00	0.96956300735474
477.00	0.96432101726532
478.00	0.92778599262238
479.00	0.79141199588776
480.00	0.54371201992035
481.00	0.30265998840332
482.00	0.14865200221539
483.00	0.076797902584076
484.00	0.046870499849319
485.00	0.033658899366856
486.00	0.026459300890565
487.00	0.023106999695301
488.00	0.022036200389266
489.00	0.022668600082397
490.00	0.024982800707221
491.00	0.030045399442315
492.00	0.0386375002563
493.00	0.053661901503801
494.00	0.084268599748611
495.00	0.15261699259281
496.00	0.25578200817108
497.00	0.38503900170326
498.00	0.48665800690651
499.00	0.55276799201965
500.00	0.6605389714241
501.00	0.81855601072311
502.00	0.9334579706192
503.00	0.97383397817612
504.00	0.97466999292374
505.00	0.96891099214554
506.00	0.96528798341751
507.00	0.96820098161697
508.00	0.97772002220154
509.00	0.97974002361298
510.00	0.97381597757339
511.00	0.96492302417755
512.00	0.96389001607895
513.00	0.97094798088074
514.00	0.97635900974274
515.00	0.97503501176834
516.00	0.96643000841141
517.00	0.9600870013237
518.00	0.96253699064255
519.00	0.97064298391342
520.00	0.98154699802399
521.00	0.98418700695038
522.00	0.98189699649811
523.00	0.9772589802742
524.00	0.97450602054596
525.00	0.97634798288345
526.00	0.97920697927475
527.00	0.97851699590683
528.00	0.97822898626328
529.00	0.97797101736069
530.00	0.97828298807144
531.00	0.98145097494125
532.00	0.98258298635483
533.00	0.98092800378799
534.00	0.97453099489212
535.00	0.97015702724457
536.00	0.96778899431229
537.00	0.96925497055054
538.00	0.97388601303101
539.00	0.97814500331879
540.00	0.97951900959015
541.00	0.97235500812531
542.00	0.96553897857666
543.00	0.95872801542282
544.00	0.95648002624512
545.00	0.96263700723648
546.00	0.96529000997543
547.00	0.91142302751541
548.00	0.76012700796127
549.00	0.49141600728035
550.00	0.28861799836159
551.00	0.14256599545479
552.00	0.0826435983181
553.00	0.052694801241159
554.00	0.037675000727177
555.00	0.028697999194264
556.00	0.023856399580836
557.00	0.021679000928998
558.00	0.021009599789977
559.00	0.021892100572586
560.00	0.024307200685143
561.00	0.028709599748254
562.00	0.036373700946569
563.00	0.049335598945618
564.00	0.073281198740005
565.00	0.11691799759865
566.00	0.18286600708961
567.00	0.28498700261116
568.00	0.40080100297928
569.00	0.49951601028442
570.00	0.57465100288391
571.00	0.6596559882164
572.00	0.76171100139618
573.00	0.86434501409531
574.00	0.9307159781456
575.00	0.9628250002861
576.00	0.9742379784584
577.00	0.97572100162506
578.00	0.97137302160263
579.00	0.96728700399399
580.00	0.96926897764206
581.00	0.97441297769547
582.00	0.97697198390961
583.00	0.97326797246933
584.00	0.96313399076462
585.00	0.94946700334549
586.00	0.94279402494431
587.00	0.94260501861572
588.00	0.95087498426437
589.00	0.96272599697113
590.00	0.9741929769516
591.00	0.98010301589966
592.00	0.97745800018311
593.00	0.97201198339462
594.00	0.96626698970795
595.00	0.9667249917984
596.00	0.97059398889542
597.00	0.97646200656891
598.00	0.98163497447968
599.00	0.98436802625656
600.00	0.9811919927597
601.00	0.97817701101303
602.00	0.98376697301865
603.00	0.9836699962616
604.00	0.98479402065277
605.00	0.98366701602936
606.00	0.98129099607468
607.00	0.97519499063492
608.00	0.96921002864838
609.00	0.96418702602386
610.00	0.96199202537537
611.00	0.9640240073204
612.00	0.96773397922516
613.00	0.97135901451111
614.00	0.9750189781189
615.00	0.97630697488785
616.00	0.97548198699951
617.00	0.97219800949097
618.00	0.96448302268982
619.00	0.94256401062012
620.00	0.88980501890182
621.00	0.78676199913025
622.00	0.63255202770233
623.00	0.45606699585915
624.00	0.30435198545456
625.00	0.19395099580288
626.00	0.12456200271845
627.00	0.082926899194717
628.00	0.058081701397896
629.00	0.040314100682735
630.00	0.031061699613929
631.00	0.024991100654006
632.00	0.021119000390172
633.00	0.01850170083344
634.00	0.017085099592805
635.00	0.016323199495673
636.00	0.016401600092649
637.00	0.016680799424648
638.00	0.017950100824237
639.00	0.020096000283957
640.00	0.023150300607085
641.00	0.027637699618936
642.00	0.034810498356819
643.00	0.045775800943375
644.00	0.062094200402498
645.00	0.090842500329018
646.00	0.1306390017271
647.00	0.19329300522804
648.00	0.27151599526405
649.00	0.36465299129486
650.00	0.43915900588036
651.00	0.49361699819565
652.00	0.52313101291656
653.00	0.55739402770996
654.00	0.62757301330566
655.00	0.73850297927856
656.00	0.85079598426819
657.00	0.903568983078
658.00	0.91634899377823
659.00	0.92556500434875
660.00	0.94241499900818
661.00	0.96407401561737
662.00	0.97669798135757
663.00	0.97546499967575
664.00	0.96461099386215
665.00	0.95147001743317
666.00	0.94269299507141
667.00	0.94215798377991
668.00	0.94884997606277
669.00	0.95854198932648
670.00	0.96705597639084
671.00	0.97035598754883
672.00	0.96828800439835
673.00	0.96109199523926
674.00	0.95080399513245
675.00	0.94484102725983
676.00	0.9431419968605
677.00	0.94533002376556
678.00	0.95188802480698
679.00	0.9587180018425
680.00	0.96369099617004
681.00	0.96532398462296
682.00	0.96305900812149
683.00	0.95840102434158
684.00	0.95278000831604
685.00	0.9476529955864
686.00	0.94489198923111
687.00	0.94567900896072
688.00	0.9490339756012
689.00	0.95515698194504
690.00	0.96341502666473
691.00	0.97042298316956
692.00	0.9755499958992
693.00	0.97898501157761
694.00	0.98024398088455
695.00	0.97711199522018
696.00	0.97535699605942
697.00	0.97390598058701
698.00	0.97228097915649
699.00	0.97311002016068
700.00	0.97413998842239
701.00	0.97477698326111
702.00	0.97475898265839
703.00	0.97439301013947
704.00	0.97277402877808
705.00	0.9699530005455
706.00	0.96755200624466
707.00	0.96504098176956
708.00	0.96441501379013
709.00	0.96492302417755
710.00	0.96682500839233
711.00	0.97092097997665
712.00	0.97550398111343
713.00	0.97953999042511
714.00	0.98311197757721
715.00	0.98487198352814
716.00	0.98464602231979
717.00	0.98320001363754
718.00	0.98061501979828
719.00	0.97784101963043
720.00	0.97448897361755
721.00	0.97029197216034
722.00	0.96690899133682
723.00	0.96361601352692
724.00	0.96030801534653
725.00	0.95769000053406
726.00	0.95529502630234
727.00	0.95373201370239
728.00	0.95275098085403
729.00	0.95305097103119
730.00	0.95477300882339
731.00	0.95771199464798
732.00	0.96155202388763
733.00	0.96609300374985
734.00	0.97025501728058
735.00	0.97410100698471
736.00	0.97757399082184
737.00	0.97947400808334
738.00	0.98152500391006
739.00	0.98303699493408
740.00	0.98329198360443
741.00	0.98256599903107
742.00	0.98106598854065
743.00	0.97693502902985
744.00	0.97086501121521
745.00	0.96240097284317
746.00	0.95471900701523
747.00	0.94513899087906
748.00	0.93770200014114
749.00	0.93492299318314
750.00	0.93871301412582
751.00	0.94656997919083
752.00	0.95562398433685
753.00	0.96026200056076
754.00	0.94835698604584
755.00	0.90591198205948
756.00	0.82283002138138
757.00	0.71014100313187
758.00	0.57426798343658
759.00	0.44762799143791
760.00	0.3505029976368
761.00	0.27187699079514
762.00	0.21793399751186
763.00	0.17901900410652
764.00	0.15184299647808
765.00	0.13332299888134
766.00	0.12146700173616
767.00	0.11356399953365
768.00	0.10992100089788
769.00	0.10980500280857
770.00	0.11363500356674
771.00	0.12092000246048
772.00	0.13374200463295
773.00	0.1533890068531
774.00	0.18072499334812
775.00	0.2217759937048
776.00	0.27931401133537
777.00	0.35136100649834
778.00	0.42701101303101
779.00	0.4872280061245
780.00	0.52008301019669
781.00	0.54052501916885
782.00	0.5670480132103
783.00	0.59164297580719
784.00	0.56645500659943
785.00	0.4853749871254
786.00	0.39677000045776
787.00	0.33460700511932
788.00	0.30000901222229
789.00	0.28519800305367
790.00	0.28330999612808
791.00	0.29216399788857
792.00	0.30901300907135
793.00	0.33149901032448
794.00	0.35567200183868
795.00	0.37551298737526
796.00	0.38659301400185
797.00	0.38461199402809
798.00	0.36492401361465
799.00	0.32879799604416
800.00	0.28396600484848
