Typical Measured Spectrum of Semrock FF01-593/46 Optical Filter	
For wavelengths between 320 and 1120 nm, values near or below 3e-7 (Optical Density 6.5) are measurement noise limited.
For wavelengths < 320 nm and > 1120 nm, values near or below 3e-6 (Optical Density 5.5) are measurement noise limited. 
Data format:  Wavelength (nm) <tab> Transmission (0 to 1)
265.0	1.7483e-05
265.2	1.8544e-05
265.4	1.9671e-05
265.6	2.0865e-05
265.8	2.2132e-05
266.0	2.3477e-05
266.2	2.4902e-05
266.4	2.6415e-05
266.6	2.8019e-05
266.8	2.972e-05
267.0	3.1525e-05
267.2	2.7431e-05
267.4	2.3349e-05
267.6	1.9875e-05
267.8	1.6918e-05
268.0	1.44e-05
268.2	1.2257e-05
268.4	1.0433e-05
268.6	8.8809e-06
268.8	7.5594e-06
269.0	6.4346e-06
269.2	5.4771e-06
269.4	4.6621e-06
269.6	3.9683e-06
269.8	3.3778e-06
270.0	2.8752e-06
270.2	2.4474e-06
270.4	2.0832e-06
270.6	1.7732e-06
270.8	1.5609e-06
271.0	1.5478e-06
271.2	1.5348e-06
271.4	1.5219e-06
271.6	1.5091e-06
271.8	1.4964e-06
272.0	1.4838e-06
272.2	1.4713e-06
272.4	1.459e-06
272.6	1.4467e-06
272.8	1.4345e-06
273.0	1.4225e-06
273.2	1.4105e-06
273.4	1.3987e-06
273.6	1.3869e-06
273.8	1.3752e-06
274.0	1.3637e-06
274.2	1.3522e-06
274.4	1.3409e-06
274.6	1.574e-06
274.8	2.1272e-06
275.0	2.8749e-06
275.2	2.0825e-06
275.4	1.5085e-06
275.6	1.2637e-06
275.8	1.2513e-06
276.0	1.239e-06
276.2	1.2269e-06
276.4	1.2148e-06
276.6	1.2029e-06
276.8	1.1911e-06
277.0	1.1794e-06
277.2	1.1679e-06
277.4	1.1564e-06
277.6	1.1451e-06
277.8	1.1338e-06
278.0	1.1227e-06
278.2	1.1117e-06
278.4	1.1008e-06
278.6	1.09e-06
278.8	1.0793e-06
279.0	1.0687e-06
279.2	1.0582e-06
279.4	1.1645e-06
279.6	1.3167e-06
279.8	1.4888e-06
280.0	1.6835e-06
280.2	1.9035e-06
280.4	2.1524e-06
280.6	2.4338e-06
280.8	2.7519e-06
281.0	3.1117e-06
281.2	3.5184e-06
281.4	3.9784e-06
281.6	4.4985e-06
281.8	5.0866e-06
282.0	5.7515e-06
282.2	6.5034e-06
282.4	7.3536e-06
282.6	8.3149e-06
282.8	9.4019e-06
283.0	1.0101e-05
283.2	7.7102e-06
283.4	5.885e-06
283.6	4.4919e-06
283.8	3.4286e-06
284.0	2.6169e-06
284.2	1.9974e-06
284.4	1.5246e-06
284.6	1.1637e-06
284.8	8.8822e-07
285.0	6.7796e-07
285.2	6.6432e-07
285.4	6.5096e-07
285.6	6.3887e-07
285.8	6.2795e-07
286.0	6.1721e-07
286.2	6.0666e-07
286.4	5.9629e-07
286.6	5.861e-07
286.8	5.7608e-07
287.0	5.6623e-07
287.2	5.5655e-07
287.4	5.4704e-07
287.6	5.3769e-07
287.8	5.285e-07
288.0	5.1947e-07
288.2	5.1059e-07
288.4	5.0186e-07
288.6	4.9328e-07
288.8	4.8485e-07
289.0	4.7656e-07
289.2	4.6841e-07
289.4	5.3542e-07
289.6	6.2854e-07
289.8	7.3785e-07
290.0	8.6617e-07
290.2	1.0168e-06
290.4	1.1937e-06
290.6	1.4012e-06
290.8	1.6449e-06
291.0	1.931e-06
291.2	2.2668e-06
291.4	2.6611e-06
291.6	3.1239e-06
291.8	3.6672e-06
292.0	4.3049e-06
292.2	5.0536e-06
292.4	5.9325e-06
292.6	6.9643e-06
292.8	8.1754e-06
293.0	8.6768e-06
293.2	6.0737e-06
293.4	4.2515e-06
293.6	2.976e-06
293.8	2.0832e-06
294.0	1.4582e-06
294.2	1.0207e-06
294.4	7.1448e-07
294.6	5.0013e-07
294.8	3.5008e-07
295.0	2.4505e-07
295.2	2.5452e-07
295.4	2.6434e-07
295.6	2.7455e-07
295.8	2.8515e-07
296.0	2.9616e-07
296.2	3.0759e-07
296.4	3.1947e-07
296.6	3.3181e-07
296.8	3.4462e-07
297.0	3.5792e-07
297.2	3.7174e-07
297.4	3.861e-07
297.6	4.01e-07
297.8	4.1649e-07
298.0	4.3054e-07
298.2	4.2561e-07
298.4	4.2074e-07
298.6	4.1593e-07
298.8	4.1116e-07
299.0	4.0646e-07
299.2	4.0181e-07
299.4	3.9721e-07
299.6	3.9266e-07
299.8	3.8816e-07
300.0	3.8372e-07
300.2	3.7933e-07
300.4	3.7499e-07
300.6	3.7069e-07
300.8	3.6645e-07
301.0	3.6226e-07
301.2	3.5811e-07
301.4	3.5401e-07
301.6	3.4996e-07
301.8	3.5214e-07
302.0	3.6224e-07
302.2	3.7264e-07
302.4	3.8334e-07
302.6	3.9435e-07
302.8	4.0567e-07
303.0	4.1731e-07
303.2	4.2929e-07
303.4	4.4162e-07
303.6	4.5429e-07
303.8	4.6733e-07
304.0	4.8075e-07
304.2	4.9455e-07
304.4	5.0875e-07
304.6	5.2335e-07
304.8	5.3838e-07
305.0	5.5383e-07
305.2	4.2353e-07
305.4	3.2389e-07
305.6	2.6183e-07
305.8	2.6082e-07
306.0	2.5981e-07
306.2	2.588e-07
306.4	2.578e-07
306.6	2.568e-07
306.8	2.558e-07
307.0	2.5481e-07
307.2	2.5383e-07
307.4	2.5284e-07
307.6	2.5186e-07
307.8	2.5089e-07
308.0	2.4992e-07
308.2	2.4895e-07
308.4	2.4798e-07
308.6	2.4702e-07
308.8	2.4607e-07
309.0	2.4511e-07
309.2	2.4416e-07
309.4	2.4313e-07
309.6	2.4202e-07
309.8	2.4091e-07
310.0	2.3981e-07
310.2	2.3872e-07
310.4	2.3763e-07
310.6	2.3655e-07
310.8	2.3547e-07
311.0	2.3439e-07
311.2	2.3332e-07
311.4	2.3226e-07
311.6	2.312e-07
311.8	2.3014e-07
312.0	2.2909e-07
312.2	2.2805e-07
312.4	2.2701e-07
312.6	2.2597e-07
312.8	2.2494e-07
313.0	2.2391e-07
313.2	2.2279e-07
313.4	2.2166e-07
313.6	2.2053e-07
313.8	2.1941e-07
314.0	2.1829e-07
314.2	2.1718e-07
314.4	2.1608e-07
314.6	2.1498e-07
314.8	2.1389e-07
315.0	2.128e-07
315.2	2.1172e-07
315.4	2.1064e-07
315.6	2.0957e-07
315.8	2.085e-07
316.0	2.0744e-07
316.2	2.0639e-07
316.4	2.0534e-07
316.6	2.0429e-07
316.8	2.0964e-07
317.0	2.3861e-07
317.2	2.7157e-07
317.4	3.0909e-07
317.6	3.5179e-07
317.8	4.004e-07
318.0	4.5572e-07
318.2	5.1868e-07
318.4	5.9034e-07
318.6	6.719e-07
318.8	7.6472e-07
319.0	8.7038e-07
319.2	9.9063e-07
319.4	1.1275e-06
319.6	1.2833e-06
319.8	1.4606e-06
320.0	1.6623e-06
320.2	1.892e-06
320.4	2.1534e-06
320.6	2.2186e-06
320.8	2.1299e-06
321.0	2.0447e-06
321.2	1.9629e-06
321.4	1.8844e-06
321.6	1.809e-06
321.8	1.7367e-06
322.0	1.6672e-06
322.2	1.6005e-06
322.4	1.5365e-06
322.6	1.475e-06
322.8	1.416e-06
323.0	1.3594e-06
323.2	1.305e-06
323.4	1.2528e-06
323.6	1.2027e-06
323.8	1.1546e-06
324.0	1.1084e-06
324.2	1.0641e-06
324.4	9.5772e-07
324.6	8.5906e-07
324.8	7.7056e-07
325.0	6.9118e-07
325.2	6.1997e-07
325.4	5.561e-07
325.6	4.9881e-07
325.8	4.4742e-07
326.0	4.0133e-07
326.2	3.5998e-07
326.4	3.229e-07
326.6	2.8963e-07
326.8	2.598e-07
327.0	2.3303e-07
327.2	2.0902e-07
327.4	1.8749e-07
327.6	1.6817e-07
327.8	1.5085e-07
328.0	1.3959e-07
328.2	1.38e-07
328.4	1.3642e-07
328.6	1.3487e-07
328.8	1.3333e-07
329.0	1.3181e-07
329.2	1.3031e-07
329.4	1.2882e-07
329.6	1.2735e-07
329.8	1.259e-07
330.0	1.2447e-07
330.2	1.2305e-07
330.4	1.2165e-07
330.6	1.2026e-07
330.8	1.1889e-07
331.0	1.1753e-07
331.2	1.1619e-07
331.4	1.1487e-07
331.6	1.1356e-07
331.8	1.1428e-07
332.0	1.1588e-07
332.2	1.1751e-07
332.4	1.1915e-07
332.6	1.2082e-07
332.8	1.2252e-07
333.0	1.2424e-07
333.2	1.2598e-07
333.4	1.2775e-07
333.6	1.2954e-07
333.8	1.3136e-07
334.0	1.332e-07
334.2	1.3507e-07
334.4	1.3696e-07
334.6	1.3888e-07
334.8	1.4083e-07
335.0	1.428e-07
335.2	1.2307e-07
335.4	1.0606e-07
335.6	9.8862e-08
335.8	1.1274e-07
336.0	1.2857e-07
336.2	1.4661e-07
336.4	1.672e-07
336.6	1.9067e-07
336.8	2.1743e-07
337.0	2.4796e-07
337.2	2.8276e-07
337.4	3.2246e-07
337.6	3.6773e-07
337.8	4.1935e-07
338.0	4.7822e-07
338.2	5.4535e-07
338.4	6.219e-07
338.6	7.092e-07
338.8	8.0876e-07
339.0	9.223e-07
339.2	1.0518e-06
339.4	1.0021e-06
339.6	8.6292e-07
339.8	7.4309e-07
340.0	6.399e-07
340.2	5.5104e-07
340.4	4.7451e-07
340.6	4.0862e-07
340.8	3.5187e-07
341.0	3.0301e-07
341.2	2.6093e-07
341.4	2.247e-07
341.6	1.9349e-07
341.8	1.6662e-07
342.0	1.4348e-07
342.2	1.2356e-07
342.4	1.064e-07
342.6	9.1624e-08
342.8	7.8901e-08
343.0	6.8092e-08
343.2	6.7832e-08
343.4	6.7573e-08
343.6	6.7314e-08
343.8	6.7057e-08
344.0	6.68e-08
344.2	6.6545e-08
344.4	6.6291e-08
344.6	6.6037e-08
344.8	6.5785e-08
345.0	6.5533e-08
345.2	6.5282e-08
345.4	6.5033e-08
345.6	6.4784e-08
345.8	6.4536e-08
346.0	6.429e-08
346.2	6.4044e-08
346.4	6.3799e-08
346.6	6.3555e-08
346.8	6.6562e-08
347.0	7.5389e-08
347.2	8.5386e-08
347.4	9.6709e-08
347.6	1.0953e-07
347.8	1.2406e-07
348.0	1.4051e-07
348.2	1.5914e-07
348.4	1.8025e-07
348.6	2.0415e-07
348.8	2.3122e-07
349.0	2.6188e-07
349.2	2.9661e-07
349.4	3.3594e-07
349.6	3.8049e-07
349.8	4.3095e-07
350.0	4.881e-07
350.2	5.5282e-07
350.4	6.2613e-07
350.6	5.8479e-07
350.8	5.1644e-07
351.0	4.5608e-07
351.2	4.0277e-07
351.4	3.557e-07
351.6	3.1413e-07
351.8	2.7741e-07
352.0	2.4499e-07
352.2	2.1635e-07
352.4	1.9107e-07
352.6	1.6874e-07
352.8	1.4901e-07
353.0	1.316e-07
353.2	1.1622e-07
353.4	1.0263e-07
353.6	9.0638e-08
353.8	8.0045e-08
354.0	7.0689e-08
354.2	6.4568e-08
354.4	6.9535e-08
354.6	7.4883e-08
354.8	8.0642e-08
355.0	8.6845e-08
355.2	9.3524e-08
355.4	1.0072e-07
355.6	1.0846e-07
355.8	1.1681e-07
356.0	1.2579e-07
356.2	1.3546e-07
356.4	1.4588e-07
356.6	1.571e-07
356.8	1.6919e-07
357.0	1.822e-07
357.2	1.9621e-07
357.4	2.113e-07
357.6	2.2756e-07
357.8	2.4506e-07
358.0	2.6795e-07
358.2	2.963e-07
358.4	3.2765e-07
358.6	3.6232e-07
358.8	4.0065e-07
359.0	4.4304e-07
359.2	4.8991e-07
359.4	5.4174e-07
359.6	5.9905e-07
359.8	6.6243e-07
360.0	7.3252e-07
360.2	8.1002e-07
360.4	8.9571e-07
360.6	9.9048e-07
360.8	1.0953e-06
361.0	1.2111e-06
361.2	1.3393e-06
361.4	1.481e-06
361.6	1.6377e-06
361.8	1.7715e-06
362.0	1.9156e-06
362.2	2.0715e-06
362.4	2.24e-06
362.6	2.4223e-06
362.8	2.6193e-06
363.0	2.8324e-06
363.2	3.0629e-06
363.4	3.3121e-06
363.6	3.5816e-06
363.8	3.873e-06
364.0	4.1881e-06
364.2	4.5288e-06
364.4	4.8973e-06
364.6	5.2957e-06
364.8	5.7266e-06
365.0	6.1925e-06
365.2	6.3349e-06
365.4	6.4806e-06
365.6	6.6296e-06
365.8	6.7821e-06
366.0	6.9381e-06
366.2	7.0976e-06
366.4	7.2609e-06
366.6	7.4278e-06
366.8	7.5987e-06
367.0	8.2393e-06
367.2	9.8043e-06
367.4	1.1667e-05
367.6	1.3883e-05
367.8	1.652e-05
368.0	1.9658e-05
368.2	2.3392e-05
368.4	2.7835e-05
368.6	3.3122e-05
368.8	3.9413e-05
369.0	4.69e-05
369.2	5.5808e-05
369.4	6.6409e-05
369.6	7.9023e-05
369.8	9.4034e-05
370.0	1.119e-04
370.2	1.3315e-04
370.4	1.5844e-04
370.6	1.8854e-04
370.8	1.9202e-04
371.0	1.8619e-04
371.2	1.8054e-04
371.4	1.7506e-04
371.6	1.6974e-04
371.8	1.6459e-04
372.0	1.5959e-04
372.2	1.5475e-04
372.4	1.5005e-04
372.6	1.4549e-04
372.8	1.4108e-04
373.0	1.3679e-04
373.2	1.3264e-04
373.4	1.2861e-04
373.6	1.2471e-04
373.8	1.2092e-04
374.0	1.1725e-04
374.2	1.1369e-04
374.4	1.1015e-04
374.6	1.0621e-04
374.8	1.0242e-04
375.0	9.8757e-05
375.2	9.5227e-05
375.4	9.1824e-05
375.6	8.8542e-05
375.8	8.5377e-05
376.0	8.2326e-05
376.2	7.9384e-05
376.4	7.6546e-05
376.6	7.3811e-05
376.8	7.1173e-05
377.0	6.8629e-05
377.2	6.6176e-05
377.4	6.3811e-05
377.6	6.153e-05
377.8	5.9331e-05
378.0	5.7211e-05
378.2	5.8286e-05
378.4	6.229e-05
378.6	6.6569e-05
378.8	7.1142e-05
379.0	7.6029e-05
379.2	8.1252e-05
379.4	8.6834e-05
379.6	9.2799e-05
379.8	9.9174e-05
380.0	1.0599e-04
380.2	1.1327e-04
380.4	1.2105e-04
380.6	1.2936e-04
380.8	1.3825e-04
381.0	1.4775e-04
381.2	1.579e-04
381.4	1.6875e-04
381.6	1.8034e-04
381.8	1.9273e-04
382.0	1.8661e-04
382.2	1.7935e-04
382.4	1.7238e-04
382.6	1.6567e-04
382.8	1.5923e-04
383.0	1.5303e-04
383.2	1.4708e-04
383.4	1.4136e-04
383.6	1.3586e-04
383.8	1.3058e-04
384.0	1.255e-04
384.2	1.2061e-04
384.4	1.1592e-04
384.6	1.1141e-04
384.8	1.0708e-04
385.0	1.0291e-04
385.2	9.8911e-05
385.4	9.5064e-05
385.6	9.4741e-05
385.8	1.0131e-04
386.0	1.0833e-04
386.2	1.1584e-04
386.4	1.2387e-04
386.6	1.3246e-04
386.8	1.4164e-04
387.0	1.5146e-04
387.2	1.6195e-04
387.4	1.7318e-04
387.6	1.8519e-04
387.8	1.9802e-04
388.0	2.1175e-04
388.2	2.2643e-04
388.4	2.4212e-04
388.6	2.5891e-04
388.8	2.7685e-04
389.0	2.9604e-04
389.2	3.1656e-04
389.4	3.0494e-04
389.6	2.837e-04
389.8	2.6393e-04
390.0	2.4555e-04
390.2	2.2844e-04
390.4	2.1253e-04
390.6	1.9772e-04
390.8	1.8395e-04
391.0	1.7113e-04
391.2	1.5921e-04
391.4	1.4812e-04
391.6	1.378e-04
391.8	1.282e-04
392.0	1.1927e-04
392.2	1.0587e-04
392.4	9.397e-05
392.6	8.3412e-05
392.8	7.4039e-05
393.0	6.7076e-05
393.2	6.1972e-05
393.4	5.7256e-05
393.6	5.2899e-05
393.8	4.8873e-05
394.0	4.5154e-05
394.2	4.1718e-05
394.4	3.8544e-05
394.6	3.5611e-05
394.8	3.2901e-05
395.0	3.0397e-05
395.2	2.8084e-05
395.4	2.5947e-05
395.6	2.3973e-05
395.8	2.2148e-05
396.0	2.0463e-05
396.2	1.8906e-05
396.4	1.7467e-05
396.6	1.6138e-05
396.8	1.5464e-05
397.0	1.4859e-05
397.2	1.4277e-05
397.4	1.3718e-05
397.6	1.3181e-05
397.8	1.2666e-05
398.0	1.217e-05
398.2	1.1693e-05
398.4	1.1236e-05
398.6	1.0796e-05
398.8	1.0374e-05
399.0	9.9675e-06
399.2	9.5774e-06
399.4	9.2026e-06
399.6	8.8424e-06
399.8	8.4963e-06
400.0	8.1638e-06
400.2	7.8443e-06
400.4	7.6733e-06
400.6	7.7485e-06
400.8	7.8245e-06
401.0	7.9012e-06
401.2	7.9786e-06
401.4	8.0569e-06
401.6	8.1358e-06
401.8	8.2156e-06
402.0	8.2961e-06
402.2	8.3775e-06
402.4	8.4596e-06
402.6	8.5425e-06
402.8	8.6262e-06
403.0	8.7108e-06
403.2	8.7962e-06
403.4	8.8824e-06
403.6	8.9695e-06
403.8	9.0574e-06
404.0	9.1462e-06
404.2	7.5417e-06
404.4	5.9115e-06
404.6	4.6337e-06
404.8	3.632e-06
405.0	2.8469e-06
405.2	2.2315e-06
405.4	1.7492e-06
405.6	1.3711e-06
405.8	1.0747e-06
406.0	8.4239e-07
406.2	6.603e-07
406.4	5.1757e-07
406.6	4.0569e-07
406.8	3.18e-07
407.0	2.4926e-07
407.2	1.9538e-07
407.4	1.5314e-07
407.6	1.2004e-07
407.8	1.0e-07
408.0	1.0e-07
408.2	1.0e-07
408.4	1.0e-07
408.6	1.0e-07
408.8	1.0e-07
409.0	1.0e-07
409.2	1.0e-07
409.4	1.0e-07
409.6	1.0e-07
409.8	1.0e-07
410.0	1.0e-07
410.2	1.0e-07
410.4	1.0e-07
410.6	1.0e-07
410.8	1.0e-07
411.0	1.0e-07
411.2	1.0e-07
411.4	1.0e-07
411.6	1.0325e-07
411.8	1.08e-07
412.0	1.1298e-07
412.2	1.1818e-07
412.4	1.2362e-07
412.6	1.2931e-07
412.8	1.3527e-07
413.0	1.4149e-07
413.2	1.4801e-07
413.4	1.5482e-07
413.6	1.6195e-07
413.8	1.6941e-07
414.0	1.7721e-07
414.2	1.8537e-07
414.4	1.9391e-07
414.6	2.0283e-07
414.8	2.1217e-07
415.0	2.2194e-07
415.2	2.2843e-07
415.4	2.1837e-07
415.6	2.0875e-07
415.8	1.9955e-07
416.0	1.9076e-07
416.2	1.8236e-07
416.4	1.7432e-07
416.6	1.6664e-07
416.8	1.593e-07
417.0	1.5228e-07
417.2	1.4558e-07
417.4	1.3916e-07
417.6	1.3303e-07
417.8	1.2717e-07
418.0	1.2157e-07
418.2	1.1621e-07
418.4	1.1109e-07
418.6	1.062e-07
418.8	1.0152e-07
419.0	9.4967e-08
419.2	8.7871e-08
419.4	8.1306e-08
419.6	7.5231e-08
419.8	6.961e-08
420.0	6.4408e-08
420.2	5.9596e-08
420.4	5.5143e-08
420.6	5.1023e-08
420.8	4.7211e-08
421.0	4.3683e-08
421.2	4.0419e-08
421.4	3.7399e-08
421.6	3.4605e-08
421.8	3.2019e-08
422.0	2.9627e-08
422.2	2.7413e-08
422.4	2.5365e-08
422.6	2.5026e-08
422.8	3.5037e-08
423.0	4.9053e-08
423.2	6.8676e-08
423.4	9.615e-08
423.6	1.3461e-07
423.8	1.8846e-07
424.0	2.6386e-07
424.2	3.6941e-07
424.4	5.1719e-07
424.6	7.2409e-07
424.8	1.0138e-06
425.0	1.4193e-06
425.2	1.9871e-06
425.4	2.782e-06
425.6	3.8949e-06
425.8	5.453e-06
426.0	7.6344e-06
426.2	1.0688e-05
426.4	1.2342e-05
426.6	1.2875e-05
426.8	1.3432e-05
427.0	1.4013e-05
427.2	1.0675e-05
427.4	8.133e-06
427.6	6.196e-06
427.8	4.7204e-06
428.0	3.5962e-06
428.2	2.7397e-06
428.4	2.0872e-06
428.6	1.5901e-06
428.8	1.2114e-06
429.0	9.229e-07
429.2	7.031e-07
429.4	5.3565e-07
429.6	4.0808e-07
429.8	3.1089e-07
430.0	2.3685e-07
430.2	1.8502e-07
430.4	1.7895e-07
430.6	1.7308e-07
430.8	1.674e-07
431.0	1.619e-07
431.2	1.5659e-07
431.4	1.5145e-07
431.6	1.4648e-07
431.8	1.4167e-07
432.0	1.3702e-07
432.2	1.3253e-07
432.4	1.2818e-07
432.6	1.2397e-07
432.8	1.199e-07
433.0	1.1597e-07
433.2	1.1216e-07
433.4	1.0848e-07
433.6	1.0492e-07
433.8	1.0148e-07
434.0	9.4196e-08
434.2	8.4656e-08
434.4	7.6082e-08
434.6	6.8377e-08
434.8	6.1452e-08
435.0	5.5228e-08
435.2	4.9635e-08
435.4	4.4608e-08
435.6	4.009e-08
435.8	3.603e-08
436.0	3.2381e-08
436.2	2.9102e-08
436.4	2.6154e-08
436.6	2.3505e-08
436.8	2.1125e-08
437.0	1.8985e-08
437.2	1.7063e-08
437.4	1.5335e-08
437.6	1.3841e-08
437.8	1.5402e-08
438.0	1.7139e-08
438.2	1.9072e-08
438.4	2.1223e-08
438.6	2.3616e-08
438.8	2.628e-08
439.0	2.9244e-08
439.2	3.2542e-08
439.4	3.6212e-08
439.6	4.0297e-08
439.8	4.4842e-08
440.0	4.9899e-08
440.2	5.5527e-08
440.4	6.179e-08
440.6	6.8759e-08
440.8	7.6514e-08
441.0	8.5143e-08
441.2	9.4746e-08
441.4	9.9419e-08
441.6	9.8255e-08
441.8	9.7104e-08
442.0	9.5967e-08
442.2	9.4844e-08
442.4	9.3733e-08
442.6	9.2636e-08
442.8	9.1551e-08
443.0	9.0479e-08
443.2	8.942e-08
443.4	8.8373e-08
443.6	8.7338e-08
443.8	8.6316e-08
444.0	8.5305e-08
444.2	8.4306e-08
444.4	8.3319e-08
444.6	8.2344e-08
444.8	8.138e-08
445.0	8.0427e-08
445.2	7.8538e-08
445.4	7.6674e-08
445.6	7.4855e-08
445.8	7.3079e-08
446.0	7.1345e-08
446.2	6.9652e-08
446.4	6.8e-08
446.6	6.6386e-08
446.8	6.4811e-08
447.0	6.3273e-08
447.2	6.1772e-08
447.4	6.0306e-08
447.6	5.8876e-08
447.8	5.7479e-08
448.0	5.6115e-08
448.2	5.4783e-08
448.4	5.3484e-08
448.6	5.2215e-08
448.8	5.243e-08
449.0	5.4342e-08
449.2	5.6324e-08
449.4	5.8378e-08
449.6	6.0507e-08
449.8	6.2714e-08
450.0	6.5001e-08
450.2	6.7372e-08
450.4	6.9829e-08
450.6	7.2376e-08
450.8	7.5016e-08
451.0	7.7752e-08
451.2	8.0587e-08
451.4	8.3526e-08
451.6	8.6573e-08
451.8	8.973e-08
452.0	9.3003e-08
452.2	9.6395e-08
452.4	9.991e-08
452.6	9.1114e-08
452.8	8.2821e-08
453.0	7.5282e-08
453.2	6.8429e-08
453.4	6.22e-08
453.6	5.6538e-08
453.8	5.1392e-08
454.0	4.6714e-08
454.2	4.2461e-08
454.4	3.8596e-08
454.6	3.5083e-08
454.8	3.189e-08
455.0	2.8987e-08
455.2	2.6348e-08
455.4	2.395e-08
455.6	2.177e-08
455.8	1.9788e-08
456.0	1.7987e-08
456.2	1.7611e-08
456.4	1.863e-08
456.6	1.9707e-08
456.8	2.0847e-08
457.0	2.2053e-08
457.2	2.3329e-08
457.4	2.4679e-08
457.6	2.6106e-08
457.8	2.7617e-08
458.0	2.9214e-08
458.2	3.0904e-08
458.4	3.2692e-08
458.6	3.4583e-08
458.8	3.6584e-08
459.0	3.87e-08
459.2	4.0938e-08
459.4	4.3307e-08
459.6	4.5812e-08
459.8	4.8389e-08
460.0	4.6281e-08
460.2	4.4266e-08
460.4	4.2338e-08
460.6	4.0494e-08
460.8	3.873e-08
461.0	3.7044e-08
461.2	3.543e-08
461.4	3.3887e-08
461.6	3.2411e-08
461.8	3.1e-08
462.0	2.965e-08
462.2	2.8358e-08
462.4	2.7123e-08
462.6	2.5942e-08
462.8	2.4812e-08
463.0	2.3731e-08
463.2	2.2698e-08
463.4	2.1709e-08
463.6	2.1746e-08
463.8	2.2623e-08
464.0	2.3535e-08
464.2	2.4484e-08
464.4	2.5472e-08
464.6	2.6499e-08
464.8	2.7567e-08
465.0	2.8679e-08
465.2	2.9835e-08
465.4	3.1038e-08
465.6	3.229e-08
465.8	3.3592e-08
466.0	3.4946e-08
466.2	3.6355e-08
466.4	3.7821e-08
466.6	3.9346e-08
466.8	4.0933e-08
467.0	4.2583e-08
467.2	4.7067e-08
467.4	9.2655e-08
467.6	1.824e-07
467.8	3.5906e-07
468.0	7.0684e-07
468.2	7.1326e-07
468.4	7.1975e-07
468.6	7.2629e-07
468.8	7.3289e-07
469.0	7.3955e-07
469.2	7.4627e-07
469.4	7.5306e-07
469.6	7.599e-07
469.8	7.6681e-07
470.0	7.7378e-07
470.2	7.8081e-07
470.4	7.8791e-07
470.6	7.9486e-07
470.8	7.9854e-07
471.0	8.0224e-07
471.2	8.0596e-07
471.4	8.097e-07
471.6	8.1345e-07
471.8	8.1722e-07
472.0	8.2101e-07
472.2	8.2481e-07
472.4	8.2864e-07
472.6	8.3248e-07
472.8	8.3634e-07
473.0	8.4021e-07
473.2	8.4411e-07
473.4	8.4802e-07
473.6	8.5195e-07
473.8	8.559e-07
474.0	8.5987e-07
474.2	8.6385e-07
474.4	8.7002e-07
474.6	8.7787e-07
474.8	8.858e-07
475.0	8.9379e-07
475.2	9.0186e-07
475.4	9.1e-07
475.6	9.1822e-07
475.8	9.2651e-07
476.0	9.3487e-07
476.2	9.4331e-07
476.4	9.5183e-07
476.6	9.6042e-07
476.8	9.6909e-07
477.0	9.7784e-07
477.2	9.8667e-07
477.4	9.9558e-07
477.6	1.0046e-06
477.8	1.0136e-06
478.0	1.0227e-06
478.2	1.0309e-06
478.4	1.0391e-06
478.6	1.0474e-06
478.8	1.0557e-06
479.0	1.0642e-06
479.2	1.0726e-06
479.4	1.0812e-06
479.6	1.0898e-06
479.8	1.0985e-06
480.0	1.1073e-06
480.2	1.1161e-06
480.4	1.125e-06
480.6	1.134e-06
480.8	1.1431e-06
481.0	1.1522e-06
481.2	1.1614e-06
481.4	1.1707e-06
481.6	1.18e-06
481.8	1.1905e-06
482.0	1.2018e-06
482.2	1.2133e-06
482.4	1.2248e-06
482.6	1.2364e-06
482.8	1.2482e-06
483.0	1.2601e-06
483.2	1.2721e-06
483.4	1.2841e-06
483.6	1.2964e-06
483.8	1.3087e-06
484.0	1.3211e-06
484.2	1.3337e-06
484.4	1.3464e-06
484.6	1.3592e-06
484.8	1.3721e-06
485.0	1.3851e-06
485.2	1.3983e-06
485.4	1.4109e-06
485.6	1.4197e-06
485.8	1.4285e-06
486.0	1.4374e-06
486.2	1.4463e-06
486.4	1.4553e-06
486.6	1.4644e-06
486.8	1.4735e-06
487.0	1.4826e-06
487.2	1.4919e-06
487.4	1.5011e-06
487.6	1.5105e-06
487.8	1.5199e-06
488.0	1.5293e-06
488.2	1.5388e-06
488.4	1.5484e-06
488.6	1.558e-06
488.8	1.5677e-06
489.0	1.5775e-06
489.2	1.3889e-06
489.4	1.1565e-06
489.6	9.6292e-07
489.8	8.0176e-07
490.0	6.6758e-07
490.2	5.5585e-07
490.4	4.6282e-07
490.6	3.8536e-07
490.8	3.2087e-07
491.0	2.6716e-07
491.2	2.2245e-07
491.4	1.8522e-07
491.6	1.8259e-07
491.8	1.8419e-07
492.0	1.858e-07
492.2	1.8742e-07
492.4	1.8906e-07
492.6	1.9072e-07
492.8	1.9238e-07
493.0	1.9407e-07
493.2	1.9576e-07
493.4	1.9748e-07
493.6	1.9921e-07
493.8	2.0095e-07
494.0	2.0271e-07
494.2	2.0448e-07
494.4	2.0627e-07
494.6	2.0807e-07
494.8	2.0989e-07
495.0	2.1081e-07
495.2	2.0876e-07
495.4	2.0674e-07
495.6	2.0473e-07
495.8	2.0274e-07
496.0	2.0077e-07
496.2	1.9882e-07
496.4	1.9689e-07
496.6	1.9498e-07
496.8	1.9308e-07
497.0	1.9121e-07
497.2	1.8935e-07
497.4	1.8751e-07
497.6	1.8569e-07
497.8	1.8388e-07
498.0	1.821e-07
498.2	1.8033e-07
498.4	1.7858e-07
498.6	1.7684e-07
498.8	1.7512e-07
499.0	1.7342e-07
499.2	1.7174e-07
499.4	1.7007e-07
499.6	1.6842e-07
499.8	1.6678e-07
500.0	1.6596e-07
500.2	1.6784e-07
500.4	1.6973e-07
500.6	1.7165e-07
500.8	1.7359e-07
501.0	1.7555e-07
501.2	1.7753e-07
501.4	1.7954e-07
501.6	1.8157e-07
501.8	1.8362e-07
502.0	1.8569e-07
502.2	1.8779e-07
502.4	1.8991e-07
502.6	1.9205e-07
502.8	1.9422e-07
503.0	1.9642e-07
503.2	1.9864e-07
503.4	2.0088e-07
503.6	2.0315e-07
503.8	2.0544e-07
504.0	2.0776e-07
504.2	2.1011e-07
504.4	2.1248e-07
504.6	2.1488e-07
504.8	2.1731e-07
505.0	2.1905e-07
505.2	2.1841e-07
505.4	2.1777e-07
505.6	2.1713e-07
505.8	2.1649e-07
506.0	2.1585e-07
506.2	2.1522e-07
506.4	2.1459e-07
506.6	2.1396e-07
506.8	2.1333e-07
507.0	2.127e-07
507.2	2.1208e-07
507.4	2.1146e-07
507.6	2.1084e-07
507.8	2.1022e-07
508.0	2.096e-07
508.2	2.0898e-07
508.4	2.0837e-07
508.6	2.0776e-07
508.8	2.0715e-07
509.0	2.0654e-07
509.2	2.0593e-07
509.4	2.0533e-07
509.6	2.0473e-07
509.8	2.0413e-07
510.0	2.0399e-07
510.2	2.0435e-07
510.4	2.0471e-07
510.6	2.0507e-07
510.8	2.0543e-07
511.0	2.0579e-07
511.2	2.0616e-07
511.4	2.0652e-07
511.6	2.0688e-07
511.8	2.0725e-07
512.0	2.0761e-07
512.2	2.0798e-07
512.4	2.0835e-07
512.6	2.0871e-07
512.8	2.0908e-07
513.0	2.0945e-07
513.2	2.0982e-07
513.4	2.1019e-07
513.6	2.1056e-07
513.8	2.1093e-07
514.0	2.1131e-07
514.2	2.1168e-07
514.4	2.1205e-07
514.6	2.1243e-07
514.8	2.128e-07
515.0	2.1176e-07
515.2	2.1022e-07
515.4	2.0869e-07
515.6	2.0717e-07
515.8	2.0566e-07
516.0	2.0417e-07
516.2	2.0268e-07
516.4	2.0121e-07
516.6	1.9974e-07
516.8	1.9829e-07
517.0	1.9685e-07
517.2	1.9542e-07
517.4	1.94e-07
517.6	1.9258e-07
517.8	1.9118e-07
518.0	1.8979e-07
518.2	1.8841e-07
518.4	1.8704e-07
518.6	1.8568e-07
518.8	1.8433e-07
519.0	1.8299e-07
519.2	1.8166e-07
519.4	1.8033e-07
519.6	1.7902e-07
519.8	1.781e-07
520.0	1.7835e-07
520.2	1.786e-07
520.4	1.7886e-07
520.6	1.7911e-07
520.8	1.7936e-07
521.0	1.7962e-07
521.2	1.7987e-07
521.4	1.8013e-07
521.6	1.8038e-07
521.8	1.8064e-07
522.0	1.8089e-07
522.2	1.8115e-07
522.4	1.8141e-07
522.6	1.8166e-07
522.8	1.8192e-07
523.0	1.8218e-07
523.2	1.8244e-07
523.4	1.8269e-07
523.6	1.8295e-07
523.8	1.8321e-07
524.0	1.8347e-07
524.2	1.8373e-07
524.4	1.8399e-07
524.6	1.8425e-07
524.8	1.8365e-07
525.0	1.8277e-07
525.2	1.819e-07
525.4	1.8103e-07
525.6	1.8017e-07
525.8	1.7931e-07
526.0	1.7846e-07
526.2	1.776e-07
526.4	1.7676e-07
526.6	1.7592e-07
526.8	1.7508e-07
527.0	1.7424e-07
527.2	1.7341e-07
527.4	1.7259e-07
527.6	1.7176e-07
527.8	1.7094e-07
528.0	1.7013e-07
528.2	1.6932e-07
528.4	1.6851e-07
528.6	1.6771e-07
528.8	1.6691e-07
529.0	1.6611e-07
529.2	1.6532e-07
529.4	1.6453e-07
529.6	1.6374e-07
529.8	1.629e-07
530.0	1.6208e-07
530.2	1.6125e-07
530.4	1.6043e-07
530.6	1.5961e-07
530.8	1.588e-07
531.0	1.5799e-07
531.2	1.5719e-07
531.4	1.5639e-07
531.6	1.556e-07
531.8	1.548e-07
532.0	1.5402e-07
532.2	1.5323e-07
532.4	1.5245e-07
532.6	1.5168e-07
532.8	1.5091e-07
533.0	1.5014e-07
533.2	1.4938e-07
533.4	1.4862e-07
533.6	1.4786e-07
533.8	1.4711e-07
534.0	1.4636e-07
534.2	1.4562e-07
534.4	1.4488e-07
534.6	1.4496e-07
534.8	1.4535e-07
535.0	1.4574e-07
535.2	1.4613e-07
535.4	1.4653e-07
535.6	1.4693e-07
535.8	1.4732e-07
536.0	1.4772e-07
536.2	1.4812e-07
536.4	1.4852e-07
536.6	1.4892e-07
536.8	1.4933e-07
537.0	1.4973e-07
537.2	1.5013e-07
537.4	1.5054e-07
537.6	1.5095e-07
537.8	1.5135e-07
538.0	1.5176e-07
538.2	1.5217e-07
538.4	1.5259e-07
538.6	1.53e-07
538.8	1.5341e-07
539.0	1.5383e-07
539.2	1.5424e-07
539.4	1.5449e-07
539.6	1.5414e-07
539.8	1.5379e-07
540.0	1.5344e-07
540.2	1.5309e-07
540.4	1.5275e-07
540.6	1.524e-07
540.8	1.5205e-07
541.0	1.5171e-07
541.2	1.5137e-07
541.4	1.5102e-07
541.6	1.5068e-07
541.8	1.5034e-07
542.0	1.5e-07
542.2	1.4966e-07
542.4	1.4932e-07
542.6	1.4898e-07
542.8	1.4865e-07
543.0	1.4973e-07
543.2	1.5212e-07
543.4	1.5454e-07
543.6	1.57e-07
543.8	1.5949e-07
544.0	1.6203e-07
544.2	1.6461e-07
544.4	1.6723e-07
544.6	1.6989e-07
544.8	1.7259e-07
545.0	1.7534e-07
545.2	1.7813e-07
545.4	1.8096e-07
545.6	1.8384e-07
545.8	1.8677e-07
546.0	1.8974e-07
546.2	1.9276e-07
546.4	1.9582e-07
546.6	1.9759e-07
546.8	1.9928e-07
547.0	2.0099e-07
547.2	2.0271e-07
547.4	2.0445e-07
547.6	2.062e-07
547.8	2.0797e-07
548.0	2.0975e-07
548.2	2.1155e-07
548.4	2.1336e-07
548.6	2.0718e-07
548.8	1.6484e-07
549.0	1.3115e-07
549.2	1.0435e-07
549.4	8.3027e-08
549.6	6.606e-08
549.8	5.256e-08
550.0	4.1819e-08
550.2	3.0199e-08
550.4	1.9904e-08
550.6	1.318e-08
550.8	2.2027e-08
551.0	3.6812e-08
551.2	3.6372e-08
551.4	2.1021e-08
551.6	3.5151e-08
551.8	5.9738e-08
552.0	6.1095e-08
552.2	3.5645e-08
552.4	2.0796e-08
552.6	4.8582e-08
552.8	7.6615e-08
553.0	7.7563e-08
553.2	7.8522e-08
553.4	8.6386e-08
553.6	9.5117e-08
553.8	8.1892e-08
554.0	5.4538e-08
554.2	5.8411e-08
554.4	6.2558e-08
554.6	6.2334e-08
554.8	5.7948e-08
555.0	5.3871e-08
555.2	4.5161e-08
555.4	4.2007e-08
555.6	4.3352e-08
555.8	4.474e-08
556.0	4.7882e-08
556.2	5.1263e-08
556.4	6.5397e-08
556.6	9.9233e-08
556.8	6.754e-08
557.0	4.5969e-08
557.2	4.1765e-08
557.4	5.0083e-08
557.6	6.0058e-08
557.8	5.1854e-08
558.0	4.8695e-08
558.2	4.9737e-08
558.4	5.0801e-08
558.6	6.4603e-08
558.8	8.2335e-08
559.0	9.2076e-08
559.2	8.9372e-08
559.4	8.6663e-08
559.6	8.4035e-08
559.8	9.1261e-08
560.0	1.1261e-07
560.2	1.3896e-07
560.4	1.1927e-07
560.6	1.2016e-07
560.8	1.4374e-07
561.0	1.7196e-07
561.2	1.9132e-07
561.4	2.1278e-07
561.6	2.4034e-07
561.8	2.7598e-07
562.0	3.4296e-07
562.2	4.2689e-07
562.4	5.3816e-07
562.6	6.8825e-07
562.8	8.8019e-07
563.0	9.8984e-07
563.2	1.2531e-06
563.4	1.7867e-06
563.6	2.5476e-06
563.8	3.5867e-06
564.0	5.0497e-06
564.2	6.5984e-06
564.4	7.978e-06
564.6	1.238e-05
564.8	1.926e-05
565.0	2.9538e-05
565.2	4.4605e-05
565.4	6.7357e-05
565.6	1.3092e-04
565.8	1.3696e-04
566.0	2.074e-04
566.2	3.2231e-04
566.4	5.0403e-04
566.6	8.122e-04
566.8	0.00134
567.0	0.00304
567.2	0.00448
567.4	0.00779
567.6	0.01386
567.8	0.02593
568.0	0.05096
568.2	0.1031
568.4	0.22911
568.6	0.41608
568.8	0.64973
569.0	0.83117
569.2	0.91896
569.4	0.94523
569.6	0.9511
569.8	0.95625
570.0	0.96245
570.2	0.96887
570.4	0.97263
570.6	0.97299
570.8	0.97189
571.0	0.96995
571.2	0.96785
571.4	0.96679
571.6	0.9673
571.8	0.96919
572.0	0.97162
572.2	0.97392
572.4	0.9764
572.6	0.97765
572.8	0.9779
573.0	0.97749
573.2	0.97726
573.4	0.97648
573.6	0.97492
573.8	0.97384
574.0	0.97388
574.2	0.97426
574.4	0.97539
574.6	0.97597
574.8	0.97775
575.0	0.97956
575.2	0.98173
575.4	0.98362
575.6	0.98446
575.8	0.98547
576.0	0.98556
576.2	0.98517
576.4	0.98455
576.6	0.98336
576.8	0.98218
577.0	0.98101
577.2	0.98033
577.4	0.97964
577.6	0.97909
577.8	0.97888
578.0	0.97936
578.2	0.98068
578.4	0.98175
578.6	0.98302
578.8	0.98444
579.0	0.98639
579.2	0.98773
579.4	0.9889
579.6	0.9898
579.8	0.98986
580.0	0.98986
580.2	0.98929
580.4	0.98842
580.6	0.98711
580.8	0.98585
581.0	0.98373
581.2	0.98215
581.4	0.98103
581.6	0.97974
581.8	0.9778
582.0	0.97683
582.2	0.97664
582.4	0.97592
582.6	0.97575
582.8	0.97622
583.0	0.97694
583.2	0.97787
583.4	0.97904
583.6	0.98077
583.8	0.98155
584.0	0.98302
584.2	0.98411
584.4	0.98509
584.6	0.98581
584.8	0.98589
585.0	0.98648
585.2	0.98707
585.4	0.98658
585.6	0.98653
585.8	0.98575
586.0	0.98541
586.2	0.98463
586.4	0.98478
586.6	0.98431
586.8	0.98399
587.0	0.98356
587.2	0.98369
587.4	0.98372
587.6	0.98405
587.8	0.98428
588.0	0.9847
588.2	0.98541
588.4	0.98595
588.6	0.98607
588.8	0.98667
589.0	0.98679
589.2	0.98655
589.4	0.98667
589.6	0.98611
589.8	0.98527
590.0	0.98461
590.2	0.98395
590.4	0.98198
590.6	0.98105
590.8	0.97956
591.0	0.97792
591.2	0.97646
591.4	0.97463
591.6	0.97422
591.8	0.97226
592.0	0.97139
592.2	0.97011
592.4	0.97006
592.6	0.9701
592.8	0.96887
593.0	0.96913
593.2	0.96936
593.4	0.96965
593.6	0.97008
593.8	0.97046
594.0	0.97114
594.2	0.97163
594.4	0.97199
594.6	0.97255
594.8	0.97334
595.0	0.9735
595.2	0.97409
595.4	0.97426
595.6	0.97353
595.8	0.97441
596.0	0.97399
596.2	0.97398
596.4	0.97361
596.6	0.97367
596.8	0.9736
597.0	0.97428
597.2	0.97445
597.4	0.97454
597.6	0.97524
597.8	0.97597
598.0	0.97722
598.2	0.97778
598.4	0.97781
598.6	0.97867
598.8	0.9797
599.0	0.9807
599.2	0.98098
599.4	0.98179
599.6	0.98197
599.8	0.98249
600.0	0.98209
600.2	0.98167
600.4	0.98105
600.6	0.98012
600.8	0.97875
601.0	0.9776
601.2	0.97575
601.4	0.97398
601.6	0.97244
601.8	0.97107
602.0	0.96951
602.2	0.96762
602.4	0.9663
602.6	0.96554
602.8	0.96528
603.0	0.96455
603.2	0.96407
603.4	0.96348
603.6	0.96441
603.8	0.96551
604.0	0.96629
604.2	0.96755
604.4	0.96898
604.6	0.97008
604.8	0.97211
605.0	0.97284
605.2	0.97402
605.4	0.97504
605.6	0.97542
605.8	0.97628
606.0	0.97605
606.2	0.97643
606.4	0.97631
606.6	0.97536
606.8	0.97491
607.0	0.974
607.2	0.97346
607.4	0.9732
607.6	0.97307
607.8	0.9726
608.0	0.97158
608.2	0.97167
608.4	0.97306
608.6	0.97354
608.8	0.9751
609.0	0.97591
609.2	0.97758
609.4	0.97916
609.6	0.98054
609.8	0.9815
610.0	0.98157
610.2	0.98146
610.4	0.98121
610.6	0.98022
610.8	0.97881
611.0	0.97739
611.2	0.97512
611.4	0.97332
611.6	0.97121
611.8	0.97043
612.0	0.96962
612.2	0.96933
612.4	0.96939
612.6	0.97052
612.8	0.97241
613.0	0.97484
613.2	0.97714
613.4	0.97937
613.6	0.98171
613.8	0.98293
614.0	0.98402
614.2	0.9843
614.4	0.98372
614.6	0.98317
614.8	0.98277
615.0	0.98257
615.2	0.98282
615.4	0.98183
615.6	0.97717
615.8	0.96166
616.0	0.92556
616.2	0.85777
616.4	0.75322
616.6	0.61821
616.8	0.47462
617.0	0.34423
617.2	0.24075
617.4	0.18749
617.6	0.12722
617.8	0.08601
618.0	0.05847
618.2	0.04022
618.4	0.02811
618.6	0.02029
618.8	0.01459
619.0	0.01048
619.2	0.00762
619.4	0.00561
619.6	0.00419
619.8	0.00314
620.0	0.00232
620.2	0.00176
620.4	0.00135
620.6	0.00105
620.8	8.1932e-04
621.0	6.436e-04
621.2	4.8607e-04
621.4	4.054e-04
621.6	3.2849e-04
621.8	2.6341e-04
622.0	2.1142e-04
622.2	1.7117e-04
622.4	1.3918e-04
622.6	1.0977e-04
622.8	9.3627e-05
623.0	7.6142e-05
623.2	6.297e-05
623.4	5.2927e-05
623.6	4.4371e-05
623.8	3.3221e-05
624.0	3.0267e-05
624.2	2.5449e-05
624.4	2.1554e-05
624.6	1.8297e-05
624.8	1.5287e-05
625.0	1.3088e-05
625.2	1.0646e-05
625.4	9.3835e-06
625.6	8.173e-06
625.8	7.032e-06
626.0	5.9765e-06
626.2	5.1202e-06
626.4	4.0484e-06
626.6	3.8691e-06
626.8	3.3846e-06
627.0	2.9733e-06
627.2	2.6011e-06
627.4	2.2214e-06
627.6	2.0893e-06
627.8	1.7442e-06
628.0	1.5823e-06
628.2	1.3487e-06
628.4	1.2455e-06
628.6	1.1609e-06
628.8	1.0027e-06
629.0	8.9309e-07
629.2	8.1013e-07
629.4	6.5985e-07
629.6	6.0693e-07
629.8	5.7922e-07
630.0	5.069e-07
630.2	4.252e-07
630.4	4.9535e-07
630.6	4.3741e-07
630.8	3.7044e-07
631.0	4.1174e-07
631.2	3.9059e-07
631.4	3.1646e-07
631.6	2.6047e-07
631.8	2.3994e-07
632.0	2.5442e-07
632.2	2.2136e-07
632.4	1.871e-07
632.6	1.9517e-07
632.8	2.613e-07
633.0	1.2512e-07
633.2	1.4558e-07
633.4	1.56e-07
633.6	1.5721e-07
633.8	1.0183e-07
634.0	7.0511e-08
634.2	8.5922e-08
634.4	1.047e-07
634.6	1.2759e-07
634.8	1.5547e-07
635.0	1.8945e-07
635.2	2.3086e-07
635.4	2.6813e-07
635.6	2.6265e-07
635.8	2.5729e-07
636.0	2.5204e-07
636.2	2.4689e-07
636.4	2.4185e-07
636.6	2.3692e-07
636.8	2.3208e-07
637.0	2.2734e-07
637.2	2.227e-07
637.4	2.1816e-07
637.6	2.137e-07
637.8	2.0934e-07
638.0	2.0507e-07
638.2	2.0088e-07
638.4	1.9678e-07
638.6	1.9276e-07
638.8	1.8883e-07
639.0	1.8665e-07
639.2	1.851e-07
639.4	1.8357e-07
639.6	1.8206e-07
639.8	1.8055e-07
640.0	1.7906e-07
640.2	1.7758e-07
640.4	1.7612e-07
640.6	1.7466e-07
640.8	1.7322e-07
641.0	1.7179e-07
641.2	1.7037e-07
641.4	1.6896e-07
641.6	1.6756e-07
641.8	1.6618e-07
642.0	1.6481e-07
642.2	1.6345e-07
642.4	1.621e-07
642.6	1.6076e-07
642.8	1.5943e-07
643.0	1.5811e-07
643.2	1.568e-07
643.4	1.5551e-07
643.6	1.5422e-07
643.8	1.5316e-07
644.0	1.5282e-07
644.2	1.5249e-07
644.4	1.5215e-07
644.6	1.5182e-07
644.8	1.5148e-07
645.0	1.5115e-07
645.2	1.5082e-07
645.4	1.5049e-07
645.6	1.5016e-07
645.8	1.4983e-07
646.0	1.495e-07
646.2	1.4917e-07
646.4	1.4884e-07
646.6	1.4851e-07
646.8	1.4818e-07
647.0	1.4786e-07
647.2	1.4753e-07
647.4	1.4721e-07
647.6	1.4689e-07
647.8	1.4656e-07
648.0	1.4624e-07
648.2	1.4592e-07
648.4	1.456e-07
648.6	1.4528e-07
648.8	1.4502e-07
649.0	1.4478e-07
649.2	1.4455e-07
649.4	1.4432e-07
649.6	1.4408e-07
649.8	1.4385e-07
650.0	1.4362e-07
650.2	1.4338e-07
650.4	1.4315e-07
650.6	1.4292e-07
650.8	1.4269e-07
651.0	1.4246e-07
651.2	1.4223e-07
651.4	1.42e-07
651.6	1.4177e-07
651.8	1.4154e-07
652.0	1.4131e-07
652.2	1.4108e-07
652.4	1.4085e-07
652.6	1.4062e-07
652.8	1.404e-07
653.0	1.4017e-07
653.2	1.3994e-07
653.4	1.3972e-07
653.6	1.3957e-07
653.8	1.3969e-07
654.0	1.398e-07
654.2	1.3992e-07
654.4	1.4004e-07
654.6	1.4016e-07
654.8	1.4028e-07
655.0	1.404e-07
655.2	1.4052e-07
655.4	1.4063e-07
655.6	1.4075e-07
655.8	1.4087e-07
656.0	1.4099e-07
656.2	1.4111e-07
656.4	1.4123e-07
656.6	1.4135e-07
656.8	1.4147e-07
657.0	1.4159e-07
657.2	1.4171e-07
657.4	1.4183e-07
657.6	1.4195e-07
657.8	1.4207e-07
658.0	1.4219e-07
658.2	1.4231e-07
658.4	1.4243e-07
658.6	1.4271e-07
658.8	1.4306e-07
659.0	1.434e-07
659.2	1.4374e-07
659.4	1.4409e-07
659.6	1.4443e-07
659.8	1.4478e-07
660.0	1.4512e-07
660.2	1.4547e-07
660.4	1.4582e-07
660.6	1.4617e-07
660.8	1.4652e-07
661.0	1.4687e-07
661.2	1.4722e-07
661.4	1.4757e-07
661.6	1.4793e-07
661.8	1.4828e-07
662.0	1.4863e-07
662.2	1.4899e-07
662.4	1.4935e-07
662.6	1.497e-07
662.8	1.5006e-07
663.0	1.5042e-07
663.2	1.5078e-07
663.4	1.5123e-07
663.6	1.5196e-07
663.8	1.527e-07
664.0	1.5343e-07
664.2	1.5417e-07
664.4	1.5492e-07
664.6	1.5566e-07
664.8	1.5642e-07
665.0	1.5717e-07
665.2	1.5793e-07
665.4	1.5869e-07
665.6	1.5946e-07
665.8	1.6023e-07
666.0	1.61e-07
666.2	1.6178e-07
666.4	1.6256e-07
666.6	1.6334e-07
666.8	1.6413e-07
667.0	1.6492e-07
667.2	1.6572e-07
667.4	1.6652e-07
667.6	1.6732e-07
667.8	1.6813e-07
668.0	1.6894e-07
668.2	1.6975e-07
668.4	1.7125e-07
668.6	1.7299e-07
668.8	1.7475e-07
669.0	1.7652e-07
669.2	1.7832e-07
669.4	1.8013e-07
669.6	1.8195e-07
669.8	1.838e-07
670.0	1.8567e-07
670.2	1.8755e-07
670.4	1.8946e-07
670.6	1.9138e-07
670.8	1.9332e-07
671.0	1.9528e-07
671.2	1.9727e-07
671.4	1.9927e-07
671.6	2.0129e-07
671.8	2.0334e-07
672.0	2.054e-07
672.2	2.0749e-07
672.4	2.0959e-07
672.6	2.1172e-07
672.8	2.1387e-07
673.0	2.1604e-07
673.2	2.1813e-07
673.4	2.199e-07
673.6	2.2169e-07
673.8	2.235e-07
674.0	2.2532e-07
674.2	2.2715e-07
674.4	2.29e-07
674.6	2.3087e-07
674.8	2.3275e-07
675.0	2.3464e-07
675.2	2.3656e-07
675.4	2.3848e-07
675.6	2.4042e-07
675.8	2.4238e-07
676.0	2.4436e-07
676.2	2.4635e-07
676.4	2.4835e-07
676.6	2.5038e-07
676.8	2.5241e-07
677.0	2.5447e-07
677.2	2.5654e-07
677.4	2.5863e-07
677.6	2.6074e-07
677.8	2.6286e-07
678.0	2.65e-07
678.2	2.5817e-07
678.4	2.4843e-07
678.6	2.3906e-07
678.8	2.3004e-07
679.0	2.2136e-07
679.2	2.1301e-07
679.4	2.0498e-07
679.6	1.9725e-07
679.8	1.898e-07
680.0	1.8264e-07
680.2	1.7575e-07
680.4	1.6912e-07
680.6	1.6274e-07
680.8	1.5661e-07
681.0	1.507e-07
681.2	1.4501e-07
681.4	1.3954e-07
681.6	1.3428e-07
681.8	1.2921e-07
682.0	1.2434e-07
682.2	1.1965e-07
682.4	1.1513e-07
682.6	1.1079e-07
682.8	1.0661e-07
683.0	1.0288e-07
683.2	1.0021e-07
683.4	9.7617e-08
683.6	9.5088e-08
683.8	9.2624e-08
684.0	9.0225e-08
684.2	8.7887e-08
684.4	8.561e-08
684.6	8.3392e-08
684.8	8.1232e-08
685.0	7.9127e-08
685.2	7.7077e-08
685.4	7.508e-08
685.6	7.3135e-08
685.8	7.124e-08
686.0	6.9395e-08
686.2	6.7597e-08
686.4	6.5846e-08
686.6	6.414e-08
686.8	6.2478e-08
687.0	6.0859e-08
687.2	5.9283e-08
687.4	5.7747e-08
687.6	5.6251e-08
687.8	5.4379e-08
688.0	5.2084e-08
688.2	4.9885e-08
688.4	4.778e-08
688.6	4.5763e-08
688.8	4.3832e-08
689.0	4.1982e-08
689.2	4.021e-08
689.4	3.8513e-08
689.6	3.6888e-08
689.8	3.5331e-08
690.0	3.384e-08
690.2	3.2411e-08
690.4	3.1044e-08
690.6	2.9733e-08
690.8	2.8478e-08
691.0	2.7276e-08
691.2	2.6174e-08
691.4	2.8362e-08
691.6	3.0733e-08
691.8	3.3302e-08
692.0	3.6086e-08
692.2	3.9103e-08
692.4	4.2372e-08
692.6	4.5914e-08
692.8	4.9753e-08
693.0	5.3912e-08
693.2	5.8419e-08
693.4	6.3303e-08
693.6	6.8595e-08
693.8	7.4329e-08
694.0	8.0543e-08
694.2	8.7276e-08
694.4	9.4573e-08
694.6	9.9079e-08
694.8	9.6118e-08
695.0	9.3245e-08
695.2	9.0459e-08
695.4	8.7755e-08
695.6	8.5133e-08
695.8	8.2589e-08
696.0	8.0121e-08
696.2	7.7726e-08
696.4	7.5403e-08
696.6	7.315e-08
696.8	7.0964e-08
697.0	6.8843e-08
697.2	6.6786e-08
697.4	6.479e-08
697.6	6.2854e-08
697.8	6.0975e-08
698.0	5.9153e-08
698.2	5.7385e-08
698.4	5.567e-08
698.6	5.4006e-08
698.8	5.2392e-08
699.0	5.0827e-08
699.2	4.9308e-08
699.4	4.7834e-08
699.6	4.6932e-08
699.8	4.8178e-08
700.0	4.9456e-08
700.2	5.0768e-08
700.4	5.2115e-08
700.6	5.3498e-08
700.8	5.4917e-08
701.0	5.6375e-08
701.2	5.787e-08
701.4	5.9406e-08
701.6	6.0982e-08
701.8	6.26e-08
702.0	6.4261e-08
702.2	6.5966e-08
702.4	6.7716e-08
702.6	6.9513e-08
702.8	7.1358e-08
703.0	7.3251e-08
703.2	7.5195e-08
703.4	7.1496e-08
703.6	6.7677e-08
703.8	6.4061e-08
704.0	6.0639e-08
704.2	5.74e-08
704.4	5.4334e-08
704.6	5.1431e-08
704.8	4.8684e-08
705.0	4.6083e-08
705.2	4.3621e-08
705.4	4.1291e-08
705.6	3.9085e-08
705.8	3.6997e-08
706.0	3.5021e-08
706.2	3.315e-08
706.4	3.1379e-08
706.6	2.9703e-08
706.8	2.8116e-08
707.0	2.8051e-08
707.2	2.8609e-08
707.4	2.9178e-08
707.6	2.9758e-08
707.8	3.0349e-08
708.0	3.0952e-08
708.2	3.1568e-08
708.4	3.2195e-08
708.6	3.2835e-08
708.8	3.3488e-08
709.0	3.4154e-08
709.2	3.4832e-08
709.4	3.5525e-08
709.6	3.6231e-08
709.8	3.6951e-08
710.0	3.7686e-08
710.2	3.8435e-08
710.4	3.9199e-08
710.6	3.9286e-08
710.8	3.8607e-08
711.0	3.7939e-08
711.2	3.7282e-08
711.4	3.6637e-08
711.6	3.6004e-08
711.8	3.5381e-08
712.0	3.4769e-08
712.2	3.4167e-08
712.4	3.3576e-08
712.6	3.2995e-08
712.8	3.2424e-08
713.0	3.1863e-08
713.2	3.1312e-08
713.4	3.077e-08
713.6	3.0238e-08
713.8	2.9715e-08
714.0	2.9201e-08
714.2	2.8922e-08
714.4	2.9349e-08
714.6	2.9782e-08
714.8	3.0222e-08
715.0	3.0668e-08
715.2	3.1121e-08
715.4	3.158e-08
715.6	3.2046e-08
715.8	3.2519e-08
716.0	3.2999e-08
716.2	3.3486e-08
716.4	3.398e-08
716.6	3.4482e-08
716.8	3.4991e-08
717.0	3.5507e-08
717.2	3.6031e-08
717.4	3.6563e-08
717.6	3.7103e-08
717.8	3.7617e-08
718.0	3.7059e-08
718.2	3.6509e-08
718.4	3.5967e-08
718.6	3.5433e-08
718.8	3.4907e-08
719.0	3.4389e-08
719.2	3.3879e-08
719.4	3.3376e-08
719.6	3.2881e-08
719.8	3.2392e-08
720.0	3.1912e-08
720.2	3.1438e-08
720.4	3.0971e-08
720.6	3.0512e-08
720.8	3.0059e-08
721.0	2.9613e-08
721.2	2.9173e-08
721.4	2.874e-08
721.6	2.7948e-08
721.8	2.7106e-08
722.0	2.6289e-08
722.2	2.5497e-08
722.4	2.4728e-08
722.6	2.3983e-08
722.8	2.326e-08
723.0	2.2559e-08
723.2	2.1879e-08
723.4	2.122e-08
723.6	2.058e-08
723.8	1.996e-08
724.0	1.9358e-08
724.2	1.8775e-08
724.4	1.8209e-08
724.6	1.766e-08
724.8	1.7128e-08
725.0	1.6612e-08
725.2	1.7497e-08
725.4	1.9324e-08
725.6	2.1342e-08
725.8	2.357e-08
726.0	2.6031e-08
726.2	2.875e-08
726.4	3.1752e-08
726.6	3.5068e-08
726.8	3.873e-08
727.0	4.2774e-08
727.2	4.7241e-08
727.4	5.2174e-08
727.6	5.7622e-08
727.8	6.364e-08
728.0	7.0285e-08
728.2	7.7625e-08
728.4	8.5731e-08
728.6	9.4684e-08
728.8	9.6959e-08
729.0	9.053e-08
729.2	8.4526e-08
729.4	7.8921e-08
729.6	7.3687e-08
729.8	6.88e-08
730.0	6.4238e-08
730.2	5.9978e-08
730.4	5.6e-08
730.6	5.2287e-08
730.8	4.8819e-08
731.0	4.5582e-08
731.2	4.2559e-08
731.4	3.9737e-08
731.6	3.7102e-08
731.8	3.4641e-08
732.0	3.2344e-08
732.2	3.0199e-08
732.4	2.9459e-08
732.6	3.2163e-08
732.8	3.5115e-08
733.0	3.8339e-08
733.2	4.1858e-08
733.4	4.5701e-08
733.6	4.9896e-08
733.8	5.4476e-08
734.0	5.9477e-08
734.2	6.4936e-08
734.4	7.0897e-08
734.6	7.7405e-08
734.8	8.4511e-08
735.0	9.2268e-08
735.2	1.0074e-07
735.4	1.0999e-07
735.6	1.2008e-07
735.8	1.311e-07
736.0	1.4202e-07
736.2	1.4479e-07
736.4	1.4761e-07
736.6	1.505e-07
736.8	1.5343e-07
737.0	1.5643e-07
737.2	1.5948e-07
737.4	1.626e-07
737.6	1.6577e-07
737.8	1.6901e-07
738.0	1.723e-07
738.2	1.7467e-07
738.4	1.7707e-07
738.6	1.795e-07
738.8	1.8196e-07
739.0	1.8446e-07
739.2	1.9116e-07
739.4	2.0118e-07
739.6	2.1171e-07
739.8	2.228e-07
740.0	2.3447e-07
740.2	2.4675e-07
740.4	2.5968e-07
740.6	2.7328e-07
740.8	2.8759e-07
741.0	3.0265e-07
741.2	3.1851e-07
741.4	3.3519e-07
741.6	3.5274e-07
741.8	3.7122e-07
742.0	3.9066e-07
742.2	4.1112e-07
742.4	4.3266e-07
742.6	4.5532e-07
742.8	4.7997e-07
743.0	5.0759e-07
743.2	5.368e-07
743.4	5.6769e-07
743.6	6.0035e-07
743.8	6.3489e-07
744.0	6.7143e-07
744.2	7.1006e-07
744.4	7.5092e-07
744.6	7.9412e-07
744.8	8.3982e-07
745.0	8.8814e-07
745.2	9.3924e-07
745.4	9.9329e-07
745.6	1.0504e-06
745.8	1.1109e-06
746.0	1.1748e-06
746.2	1.2424e-06
746.4	1.3129e-06
746.6	1.3789e-06
746.8	1.4482e-06
747.0	1.521e-06
747.2	1.5975e-06
747.4	1.6778e-06
747.6	1.7621e-06
747.8	1.8507e-06
748.0	1.9437e-06
748.2	2.0414e-06
748.4	2.144e-06
748.6	2.2517e-06
748.8	2.3649e-06
749.0	2.4838e-06
749.2	2.6086e-06
749.4	2.7397e-06
749.6	2.8774e-06
749.8	3.022e-06
750.0	3.1739e-06
750.2	3.2683e-06
750.4	3.3565e-06
750.6	3.447e-06
750.8	3.54e-06
751.0	3.6355e-06
751.2	3.7335e-06
751.4	3.8342e-06
751.6	3.9377e-06
751.8	4.0439e-06
752.0	4.153e-06
752.2	4.265e-06
752.4	4.38e-06
752.6	4.4982e-06
752.8	4.6195e-06
753.0	4.7441e-06
753.2	4.8721e-06
753.4	5.0035e-06
753.6	5.1384e-06
753.8	5.2641e-06
754.0	5.3861e-06
754.2	5.511e-06
754.4	5.6387e-06
754.6	5.7693e-06
754.8	5.903e-06
755.0	6.0398e-06
755.2	6.1798e-06
755.4	6.323e-06
755.6	6.4695e-06
755.8	6.6195e-06
756.0	6.7729e-06
756.2	6.9298e-06
756.4	7.0904e-06
756.6	7.2547e-06
756.8	7.4228e-06
757.0	7.5949e-06
757.2	7.7709e-06
757.4	7.9054e-06
757.6	7.9872e-06
757.8	8.0699e-06
758.0	8.1534e-06
758.2	8.2378e-06
758.4	8.323e-06
758.6	8.4091e-06
758.8	8.4961e-06
759.0	8.5841e-06
759.2	8.6729e-06
759.4	8.7626e-06
759.6	8.8533e-06
759.8	8.9449e-06
760.0	9.0375e-06
760.2	9.131e-06
760.4	9.2255e-06
760.6	9.321e-06
760.8	9.4174e-06
761.0	9.3941e-06
761.2	9.0278e-06
761.4	8.6758e-06
761.6	8.3375e-06
761.8	8.0124e-06
762.0	7.6999e-06
762.2	7.3997e-06
762.4	7.1111e-06
762.6	6.8338e-06
762.8	6.5673e-06
763.0	6.3112e-06
763.2	6.0651e-06
763.4	5.8286e-06
763.6	5.6013e-06
763.8	5.3829e-06
764.0	5.173e-06
764.2	4.9713e-06
764.4	4.7774e-06
764.6	4.5919e-06
764.8	4.4239e-06
765.0	4.2621e-06
765.2	4.1062e-06
765.4	3.956e-06
765.6	3.8112e-06
765.8	3.6718e-06
766.0	3.5375e-06
766.2	3.4081e-06
766.4	3.2834e-06
766.6	3.1633e-06
766.8	3.0475e-06
767.0	2.936e-06
767.2	2.8286e-06
767.4	2.7251e-06
767.6	2.6255e-06
767.8	2.5294e-06
768.0	2.4369e-06
768.2	2.3477e-06
768.4	2.3063e-06
768.6	2.2711e-06
768.8	2.2365e-06
769.0	2.2024e-06
769.2	2.1687e-06
769.4	2.1356e-06
769.6	2.1031e-06
769.8	2.071e-06
770.0	2.0394e-06
770.2	2.0082e-06
770.4	1.9776e-06
770.6	1.9474e-06
770.8	1.9177e-06
771.0	1.8884e-06
771.2	1.8596e-06
771.4	1.8312e-06
771.6	1.8033e-06
771.8	1.7758e-06
772.0	1.7772e-06
772.2	1.7895e-06
772.4	1.8019e-06
772.6	1.8144e-06
772.8	1.8269e-06
773.0	1.8396e-06
773.2	1.8523e-06
773.4	1.8651e-06
773.6	1.8781e-06
773.8	1.8911e-06
774.0	1.9042e-06
774.2	1.9174e-06
774.4	1.9306e-06
774.6	1.944e-06
774.8	1.9575e-06
775.0	1.971e-06
775.2	1.9847e-06
775.4	1.9984e-06
775.6	2.036e-06
775.8	2.093e-06
776.0	2.1516e-06
776.2	2.2119e-06
776.4	2.2738e-06
776.6	2.3375e-06
776.8	2.4029e-06
777.0	2.4702e-06
777.2	2.5394e-06
777.4	2.6105e-06
777.6	2.6836e-06
777.8	2.7587e-06
778.0	2.836e-06
778.2	2.9154e-06
778.4	2.9971e-06
778.6	3.081e-06
778.8	3.1673e-06
779.0	3.256e-06
779.2	3.3605e-06
779.4	3.4876e-06
779.6	3.6194e-06
779.8	3.7563e-06
780.0	3.8983e-06
780.2	4.0457e-06
780.4	4.1987e-06
780.6	4.3574e-06
780.8	4.5222e-06
781.0	4.6932e-06
781.2	4.8706e-06
781.4	5.0548e-06
781.6	5.2459e-06
781.8	5.4443e-06
782.0	5.6501e-06
782.2	5.8637e-06
782.4	6.0855e-06
782.6	6.3155e-06
782.8	6.4965e-06
783.0	6.5358e-06
783.2	6.5752e-06
783.4	6.615e-06
783.6	6.6549e-06
783.8	6.6951e-06
784.0	6.7356e-06
784.2	6.7762e-06
784.4	6.8172e-06
784.6	6.8584e-06
784.8	6.8998e-06
785.0	6.9415e-06
785.2	6.9834e-06
785.4	7.0256e-06
785.6	7.068e-06
785.8	7.1107e-06
786.0	7.1537e-06
786.2	7.1969e-06
786.4	7.2007e-06
786.6	6.992e-06
786.8	6.7894e-06
787.0	6.5927e-06
787.2	6.4016e-06
787.4	6.2161e-06
787.6	6.036e-06
787.8	5.8611e-06
788.0	5.6913e-06
788.2	5.5263e-06
788.4	5.3662e-06
788.6	5.2107e-06
788.8	5.0597e-06
789.0	4.9131e-06
789.2	4.7707e-06
789.4	4.6325e-06
789.6	4.4982e-06
789.8	4.3679e-06
790.0	4.238e-06
790.2	4.0362e-06
790.4	3.844e-06
790.6	3.661e-06
790.8	3.4867e-06
791.0	3.3206e-06
791.2	3.1625e-06
791.4	3.0119e-06
791.6	2.8685e-06
791.8	2.7319e-06
792.0	2.6018e-06
792.2	2.4779e-06
792.4	2.3599e-06
792.6	2.2475e-06
792.8	2.1405e-06
793.0	2.0386e-06
793.2	1.9415e-06
793.4	1.8491e-06
793.6	1.761e-06
793.8	1.6883e-06
794.0	1.6193e-06
794.2	1.5531e-06
794.4	1.4897e-06
794.6	1.4288e-06
794.8	1.3704e-06
795.0	1.3144e-06
795.2	1.224e-06
795.4	1.1397e-06
795.6	1.0613e-06
795.8	9.8828e-07
796.0	9.2028e-07
796.2	8.5695e-07
796.4	7.9799e-07
796.6	7.4308e-07
796.8	6.9194e-07
797.0	6.4433e-07
797.2	6.0056e-07
797.4	5.651e-07
797.6	5.3174e-07
797.8	5.0035e-07
798.0	4.7081e-07
798.2	4.4301e-07
798.4	4.1685e-07
798.6	3.9224e-07
798.8	3.6909e-07
799.0	3.473e-07
799.2	3.2679e-07
799.4	3.075e-07
799.6	2.8934e-07
799.8	2.7226e-07
800.0	2.5619e-07
800.2	2.4106e-07
800.4	2.2683e-07
800.6	2.1344e-07
800.8	2.0086e-07
801.0	1.9363e-07
801.2	1.8666e-07
801.4	1.7994e-07
801.6	1.7346e-07
801.8	1.6722e-07
802.0	1.612e-07
802.2	1.5539e-07
802.4	1.498e-07
802.6	1.4441e-07
802.8	1.3921e-07
803.0	1.342e-07
803.2	1.2573e-07
803.4	1.1781e-07
803.6	1.1038e-07
803.8	1.0342e-07
804.0	9.6897e-08
804.2	9.0949e-08
804.4	8.7011e-08
804.6	8.3244e-08
804.8	7.9639e-08
805.0	7.6191e-08
805.2	7.2892e-08
805.4	6.9736e-08
805.6	6.6717e-08
805.8	6.3828e-08
806.0	6.1065e-08
806.2	5.8421e-08
806.4	5.5891e-08
806.6	5.3471e-08
806.8	5.1156e-08
807.0	4.8941e-08
807.2	4.6822e-08
807.4	4.4795e-08
807.6	4.2855e-08
807.8	4.1e-08
808.0	4.016e-08
808.2	3.9414e-08
808.4	3.8681e-08
808.6	3.7961e-08
808.8	3.7255e-08
809.0	3.6562e-08
809.2	3.5883e-08
809.4	3.5215e-08
809.6	3.456e-08
809.8	3.3918e-08
810.0	3.3287e-08
810.2	3.2668e-08
810.4	3.206e-08
810.6	3.1464e-08
810.8	3.0879e-08
811.0	3.0305e-08
811.2	2.9741e-08
811.4	2.9188e-08
811.6	2.9927e-08
811.8	3.1067e-08
812.0	3.225e-08
812.2	3.3477e-08
812.4	3.4752e-08
812.6	3.6075e-08
812.8	3.7449e-08
813.0	3.8875e-08
813.2	4.0355e-08
813.4	4.1891e-08
813.6	4.3486e-08
813.8	4.5142e-08
814.0	4.6861e-08
814.2	4.8645e-08
814.4	5.0497e-08
814.6	5.242e-08
814.8	5.4416e-08
815.0	5.6487e-08
815.2	5.4508e-08
815.4	5.0481e-08
815.6	4.6752e-08
815.8	4.3298e-08
816.0	4.01e-08
816.2	3.7137e-08
816.4	3.4394e-08
816.6	3.1853e-08
816.8	2.95e-08
817.0	2.732e-08
817.2	2.5302e-08
817.4	2.3433e-08
817.6	2.1702e-08
817.8	2.0099e-08
818.0	1.8614e-08
818.2	1.7239e-08
818.4	1.5965e-08
818.6	1.4786e-08
818.8	1.4465e-08
819.0	1.4917e-08
819.2	1.5383e-08
819.4	1.5864e-08
819.6	1.636e-08
819.8	1.6871e-08
820.0	1.7398e-08
820.2	1.7941e-08
820.4	1.8502e-08
820.6	1.908e-08
820.8	1.9676e-08
821.0	2.0291e-08
821.2	2.0925e-08
821.4	2.1579e-08
821.6	2.2253e-08
821.8	2.2948e-08
822.0	2.3665e-08
822.2	2.4405e-08
822.4	2.4977e-08
822.6	2.5267e-08
822.8	2.556e-08
823.0	2.5857e-08
823.2	2.6157e-08
823.4	2.646e-08
823.6	2.6768e-08
823.8	2.7078e-08
824.0	2.7393e-08
824.2	2.771e-08
824.4	2.8032e-08
824.6	2.8358e-08
824.8	2.8687e-08
825.0	2.902e-08
825.2	2.9357e-08
825.4	2.9697e-08
825.6	3.0042e-08
825.8	3.0391e-08
826.0	3.0902e-08
826.2	3.1831e-08
826.4	3.2788e-08
826.6	3.3774e-08
826.8	3.4789e-08
827.0	3.5835e-08
827.2	3.6912e-08
827.4	3.8022e-08
827.6	3.9165e-08
827.8	4.0342e-08
828.0	4.1555e-08
828.2	4.2804e-08
828.4	4.4091e-08
828.6	4.5417e-08
828.8	4.6782e-08
829.0	4.8188e-08
829.2	4.9637e-08
829.4	5.1129e-08
829.6	5.2188e-08
829.8	5.117e-08
830.0	5.0171e-08
830.2	4.9193e-08
830.4	4.8233e-08
830.6	4.7292e-08
830.8	4.6369e-08
831.0	4.5465e-08
831.2	4.4578e-08
831.4	4.3708e-08
831.6	4.2855e-08
831.8	4.2019e-08
832.0	4.12e-08
832.2	4.0396e-08
832.4	3.9608e-08
832.6	3.8835e-08
832.8	3.8077e-08
833.0	3.7335e-08
833.2	3.689e-08
833.4	3.9234e-08
833.6	4.1726e-08
833.8	4.4377e-08
834.0	4.7196e-08
834.2	5.0194e-08
834.4	5.3383e-08
834.6	5.6775e-08
834.8	6.0382e-08
835.0	6.4217e-08
835.2	6.8297e-08
835.4	7.2636e-08
835.6	7.7251e-08
835.8	8.2158e-08
836.0	8.7378e-08
836.2	9.2929e-08
836.4	9.8832e-08
836.6	1.0511e-07
836.8	1.1179e-07
837.0	1.1876e-07
837.2	1.2616e-07
837.4	1.3403e-07
837.6	1.4239e-07
837.8	1.5127e-07
838.0	1.607e-07
838.2	1.7073e-07
838.4	1.8137e-07
838.6	1.9268e-07
838.8	2.047e-07
839.0	2.1746e-07
839.2	2.3103e-07
839.4	2.4543e-07
839.6	2.6074e-07
839.8	2.77e-07
840.0	2.9427e-07
840.2	3.1262e-07
840.4	3.3212e-07
840.6	3.3883e-07
840.8	3.4479e-07
841.0	3.5086e-07
841.2	3.5703e-07
841.4	3.6331e-07
841.6	3.697e-07
841.8	3.762e-07
842.0	3.8282e-07
842.2	3.8956e-07
842.4	3.9641e-07
842.6	4.0338e-07
842.8	4.1048e-07
843.0	4.177e-07
843.2	4.2504e-07
843.4	4.3252e-07
843.6	4.4013e-07
843.8	4.4787e-07
844.0	4.5575e-07
844.2	4.4006e-07
844.4	4.2188e-07
844.6	4.0444e-07
844.8	3.8773e-07
845.0	3.7171e-07
845.2	3.5636e-07
845.4	3.4163e-07
845.6	3.2752e-07
845.8	3.1399e-07
846.0	3.0101e-07
846.2	2.8858e-07
846.4	2.7665e-07
846.6	2.6522e-07
846.8	2.5426e-07
847.0	2.4376e-07
847.2	2.3369e-07
847.4	2.2403e-07
847.6	2.1478e-07
847.8	2.0729e-07
848.0	2.0035e-07
848.2	1.9364e-07
848.4	1.8715e-07
848.6	1.8088e-07
848.8	1.7482e-07
849.0	1.6897e-07
849.2	1.6331e-07
849.4	1.5784e-07
849.6	1.5255e-07
849.8	1.4744e-07
850.0	1.4251e-07
850.2	1.3773e-07
850.4	1.3312e-07
850.6	1.2866e-07
850.8	1.2435e-07
851.0	1.2019e-07
851.2	1.1616e-07
851.4	1.1402e-07
851.6	1.1239e-07
851.8	1.1078e-07
852.0	1.092e-07
852.2	1.0763e-07
852.4	1.0609e-07
852.6	1.0458e-07
852.8	1.0308e-07
853.0	1.0161e-07
853.2	1.0015e-07
853.4	9.8719e-08
853.6	9.7307e-08
853.8	9.5915e-08
854.0	9.4543e-08
854.2	9.319e-08
854.4	9.1857e-08
854.6	9.0543e-08
854.8	8.9248e-08
855.0	9.0181e-08
855.2	9.1881e-08
855.4	9.3612e-08
855.6	9.5377e-08
855.8	9.7174e-08
856.0	9.9006e-08
856.2	1.0087e-07
856.4	1.0277e-07
856.6	1.0471e-07
856.8	1.0668e-07
857.0	1.0869e-07
857.2	1.1074e-07
857.4	1.1283e-07
857.6	1.1496e-07
857.8	1.1712e-07
858.0	1.1933e-07
858.2	1.2158e-07
858.4	1.2387e-07
858.6	1.2397e-07
858.8	1.2323e-07
859.0	1.225e-07
859.2	1.2177e-07
859.4	1.2104e-07
859.6	1.2032e-07
859.8	1.1961e-07
860.0	1.189e-07
860.2	1.1819e-07
860.4	1.1748e-07
860.6	1.1679e-07
860.8	1.1609e-07
861.0	1.154e-07
861.2	1.1471e-07
861.4	1.1403e-07
861.6	1.1335e-07
861.8	1.1268e-07
862.0	1.1201e-07
862.2	1.1229e-07
862.4	1.1297e-07
862.6	1.1364e-07
862.8	1.1432e-07
863.0	1.1501e-07
863.2	1.157e-07
863.4	1.1639e-07
863.6	1.1708e-07
863.8	1.1779e-07
864.0	1.1849e-07
864.2	1.192e-07
864.4	1.1991e-07
864.6	1.2063e-07
864.8	1.2135e-07
865.0	1.2208e-07
865.2	1.2281e-07
865.4	1.2354e-07
865.6	1.2428e-07
865.8	1.2692e-07
866.0	1.304e-07
866.2	1.3398e-07
866.4	1.3765e-07
866.6	1.4143e-07
866.8	1.4531e-07
867.0	1.493e-07
867.2	1.534e-07
867.4	1.5761e-07
867.6	1.6194e-07
867.8	1.6638e-07
868.0	1.7095e-07
868.2	1.7441e-07
868.4	1.7794e-07
868.6	1.8155e-07
868.8	1.8523e-07
869.0	1.8898e-07
869.2	1.9281e-07
869.4	1.986e-07
869.6	2.0829e-07
869.8	2.1846e-07
870.0	2.2913e-07
870.2	2.4032e-07
870.4	2.5205e-07
870.6	2.6436e-07
870.8	2.7727e-07
871.0	2.9081e-07
871.2	3.0501e-07
871.4	3.199e-07
871.6	3.3552e-07
871.8	3.519e-07
872.0	3.6909e-07
872.2	3.8711e-07
872.4	4.0601e-07
872.6	4.2584e-07
872.8	4.4663e-07
873.0	4.7055e-07
873.2	5.0181e-07
873.4	5.3515e-07
873.6	5.7071e-07
873.8	6.0863e-07
874.0	6.4907e-07
874.2	6.922e-07
874.4	7.3819e-07
874.6	7.8723e-07
874.8	8.3954e-07
875.0	8.9532e-07
875.2	9.5481e-07
875.4	1.0182e-06
875.6	1.0859e-06
875.8	1.1581e-06
876.0	1.235e-06
876.2	1.3171e-06
876.4	1.4046e-06
876.6	1.497e-06
876.8	1.5919e-06
877.0	1.6929e-06
877.2	1.8002e-06
877.4	1.9144e-06
877.6	2.0358e-06
877.8	2.1649e-06
878.0	2.3022e-06
878.2	2.4482e-06
878.4	2.6034e-06
878.6	2.7685e-06
878.8	2.944e-06
879.0	3.1307e-06
879.2	3.3292e-06
879.4	3.5404e-06
879.6	3.7649e-06
879.8	4.0036e-06
880.0	4.2575e-06
880.2	4.4751e-06
880.4	4.4035e-06
880.6	4.333e-06
880.8	4.2637e-06
881.0	4.1955e-06
881.2	4.1284e-06
881.4	4.0624e-06
881.6	3.9974e-06
881.8	3.9335e-06
882.0	3.8706e-06
882.2	3.8087e-06
882.4	3.7478e-06
882.6	3.6878e-06
882.8	3.6288e-06
883.0	3.5708e-06
883.2	3.5137e-06
883.4	3.4575e-06
883.6	3.4022e-06
883.8	3.3411e-06
884.0	3.2231e-06
884.2	3.1093e-06
884.4	2.9995e-06
884.6	2.8936e-06
884.8	2.7914e-06
885.0	2.6929e-06
885.2	2.5978e-06
885.4	2.506e-06
885.6	2.4175e-06
885.8	2.3322e-06
886.0	2.2498e-06
886.2	2.1704e-06
886.4	2.0937e-06
886.6	2.0198e-06
886.8	1.9485e-06
887.0	1.8797e-06
887.2	1.8133e-06
887.4	1.7519e-06
887.6	1.7287e-06
887.8	1.7059e-06
888.0	1.6833e-06
888.2	1.6611e-06
888.4	1.6392e-06
888.6	1.6175e-06
888.8	1.5961e-06
889.0	1.5751e-06
889.2	1.5543e-06
889.4	1.5337e-06
889.6	1.5135e-06
889.8	1.4935e-06
890.0	1.4737e-06
890.2	1.4543e-06
890.4	1.4351e-06
890.6	1.4161e-06
890.8	1.3974e-06
891.0	1.3799e-06
891.2	1.3894e-06
891.4	1.3989e-06
891.6	1.4085e-06
891.8	1.4181e-06
892.0	1.4278e-06
892.2	1.4376e-06
892.4	1.4475e-06
892.6	1.4574e-06
892.8	1.4674e-06
893.0	1.4774e-06
893.2	1.4875e-06
893.4	1.4977e-06
893.6	1.508e-06
893.8	1.5183e-06
894.0	1.5287e-06
894.2	1.5392e-06
894.4	1.5497e-06
894.6	1.5609e-06
894.8	1.5998e-06
895.0	1.6396e-06
895.2	1.6805e-06
895.4	1.7223e-06
895.6	1.7652e-06
895.8	1.8091e-06
896.0	1.8542e-06
896.2	1.9004e-06
896.4	1.9477e-06
896.6	1.9962e-06
896.8	2.0459e-06
897.0	2.0968e-06
897.2	2.149e-06
897.4	2.2025e-06
897.6	2.2574e-06
897.8	2.3136e-06
898.0	2.3712e-06
898.2	2.4305e-06
898.4	2.5196e-06
898.6	2.6118e-06
898.8	2.7075e-06
899.0	2.8067e-06
899.2	2.9095e-06
899.4	3.0161e-06
899.6	3.1265e-06
899.8	3.2411e-06
900.0	3.3598e-06
900.2	3.4828e-06
900.4	3.6104e-06
900.6	3.7426e-06
900.8	3.8797e-06
901.0	4.0218e-06
901.2	4.1692e-06
901.4	4.3219e-06
901.6	4.4802e-06
901.8	4.6434e-06
902.0	4.7284e-06
902.2	4.8149e-06
902.4	4.903e-06
902.6	4.9927e-06
902.8	5.084e-06
903.0	5.177e-06
903.2	5.2718e-06
903.4	5.3682e-06
903.6	5.4664e-06
903.8	5.5664e-06
904.0	5.6683e-06
904.2	5.772e-06
904.4	5.8776e-06
904.6	5.9851e-06
904.8	6.0946e-06
905.0	6.2061e-06
905.2	6.3196e-06
905.4	6.4298e-06
905.6	6.2738e-06
905.8	6.1215e-06
906.0	5.973e-06
906.2	5.8281e-06
906.4	5.6867e-06
906.6	5.5487e-06
906.8	5.4141e-06
907.0	5.2828e-06
907.2	5.1546e-06
907.4	5.0295e-06
907.6	4.9075e-06
907.8	4.7884e-06
908.0	4.6723e-06
908.2	4.5589e-06
908.4	4.4483e-06
908.6	4.3404e-06
908.8	4.2351e-06
909.0	4.1306e-06
909.2	3.99e-06
909.4	3.8541e-06
909.6	3.7228e-06
909.8	3.596e-06
910.0	3.4735e-06
910.2	3.3552e-06
910.4	3.241e-06
910.6	3.1306e-06
910.8	3.024e-06
911.0	2.921e-06
911.2	2.8215e-06
911.4	2.7254e-06
911.6	2.6326e-06
911.8	2.5429e-06
912.0	2.4563e-06
912.2	2.3726e-06
912.4	2.2918e-06
912.6	2.2158e-06
912.8	2.1677e-06
913.0	2.1206e-06
913.2	2.0746e-06
913.4	2.0296e-06
913.6	1.9855e-06
913.8	1.9425e-06
914.0	1.9003e-06
914.2	1.8591e-06
914.4	1.8187e-06
914.6	1.7793e-06
914.8	1.7406e-06
915.0	1.7029e-06
915.2	1.6659e-06
915.4	1.6298e-06
915.6	1.5944e-06
915.8	1.5598e-06
916.0	1.5259e-06
916.2	1.4948e-06
916.4	1.4802e-06
916.6	1.4657e-06
916.8	1.4513e-06
917.0	1.4371e-06
917.2	1.423e-06
917.4	1.409e-06
917.6	1.3952e-06
917.8	1.3815e-06
918.0	1.368e-06
918.2	1.3546e-06
918.4	1.3413e-06
918.6	1.3281e-06
918.8	1.3151e-06
919.0	1.3022e-06
919.2	1.2895e-06
919.4	1.2768e-06
919.6	1.2643e-06
919.8	1.2536e-06
920.0	1.2516e-06
920.2	1.2496e-06
920.4	1.2476e-06
920.6	1.2457e-06
920.8	1.2437e-06
921.0	1.2417e-06
921.2	1.2398e-06
921.4	1.2378e-06
921.6	1.2359e-06
921.8	1.2339e-06
922.0	1.232e-06
922.2	1.23e-06
922.4	1.2281e-06
922.6	1.2262e-06
922.8	1.2242e-06
923.0	1.2223e-06
923.2	1.2204e-06
923.4	1.2216e-06
923.6	1.2345e-06
923.8	1.2476e-06
924.0	1.2608e-06
924.2	1.2741e-06
924.4	1.2876e-06
924.6	1.3012e-06
924.8	1.315e-06
925.0	1.3289e-06
925.2	1.3429e-06
925.4	1.3571e-06
925.6	1.3715e-06
925.8	1.386e-06
926.0	1.4006e-06
926.2	1.4154e-06
926.4	1.4304e-06
926.6	1.4455e-06
926.8	1.4608e-06
927.0	1.4783e-06
927.2	1.5014e-06
927.4	1.5248e-06
927.6	1.5485e-06
927.8	1.5726e-06
928.0	1.5971e-06
928.2	1.622e-06
928.4	1.6472e-06
928.6	1.6729e-06
928.8	1.699e-06
929.0	1.7254e-06
929.2	1.7523e-06
929.4	1.7796e-06
929.6	1.8073e-06
929.8	1.8355e-06
930.0	1.864e-06
930.2	1.8931e-06
930.4	1.9226e-06
930.6	1.9534e-06
930.8	1.9864e-06
931.0	2.02e-06
931.2	2.0541e-06
931.4	2.0888e-06
931.6	2.1241e-06
931.8	2.16e-06
932.0	2.1965e-06
932.2	2.2337e-06
932.4	2.2715e-06
932.6	2.31e-06
932.8	2.3492e-06
933.0	2.389e-06
933.2	2.4295e-06
933.4	2.4707e-06
933.6	2.5125e-06
933.8	2.5551e-06
934.0	2.5984e-06
934.2	2.6425e-06
934.4	2.6873e-06
934.6	2.7328e-06
934.8	2.8066e-06
935.0	2.8837e-06
935.2	2.9629e-06
935.4	3.0444e-06
935.6	3.128e-06
935.8	3.214e-06
936.0	3.3023e-06
936.2	3.393e-06
936.4	3.4862e-06
936.6	3.582e-06
936.8	3.6805e-06
937.0	3.7816e-06
937.2	3.8855e-06
937.4	3.9922e-06
937.6	4.1019e-06
937.8	4.2146e-06
938.0	4.3305e-06
938.2	4.4494e-06
938.4	4.6442e-06
938.6	4.8475e-06
938.8	5.0597e-06
939.0	5.2812e-06
939.2	5.5124e-06
939.4	5.7537e-06
939.6	6.0056e-06
939.8	6.2685e-06
940.0	6.5429e-06
940.2	6.8294e-06
940.4	7.1283e-06
940.6	7.4404e-06
940.8	7.7661e-06
941.0	8.106e-06
941.2	8.4609e-06
941.4	8.8313e-06
941.6	9.2179e-06
941.8	9.6183e-06
942.0	9.9754e-06
942.2	1.0346e-05
942.4	1.073e-05
942.6	1.1128e-05
942.8	1.1541e-05
943.0	1.197e-05
943.2	1.2414e-05
943.4	1.2875e-05
943.6	1.3353e-05
943.8	1.3849e-05
944.0	1.4363e-05
944.2	1.4897e-05
944.4	1.545e-05
944.6	1.6023e-05
944.8	1.6618e-05
945.0	1.7235e-05
945.2	1.7875e-05
945.4	1.849e-05
945.6	1.8723e-05
945.8	1.8959e-05
946.0	1.9198e-05
946.2	1.944e-05
946.4	1.9685e-05
946.6	1.9934e-05
946.8	2.0185e-05
947.0	2.0439e-05
947.2	2.0697e-05
947.4	2.0958e-05
947.6	2.1222e-05
947.8	2.149e-05
948.0	2.1761e-05
948.2	2.2035e-05
948.4	2.2313e-05
948.6	2.2594e-05
948.8	2.2879e-05
949.0	2.3077e-05
949.2	2.2882e-05
949.4	2.2689e-05
949.6	2.2497e-05
949.8	2.2307e-05
950.0	2.2118e-05
950.2	2.1931e-05
950.4	2.1746e-05
950.6	2.1562e-05
950.8	2.138e-05
951.0	2.1199e-05
951.2	2.102e-05
951.4	2.0842e-05
951.6	2.0666e-05
951.8	2.0492e-05
952.0	2.0318e-05
952.2	2.0147e-05
952.4	1.9976e-05
952.6	1.9796e-05
952.8	1.9586e-05
953.0	1.9377e-05
953.2	1.9172e-05
953.4	1.8968e-05
953.6	1.8766e-05
953.8	1.8567e-05
954.0	1.837e-05
954.2	1.8174e-05
954.4	1.7981e-05
954.6	1.779e-05
954.8	1.7601e-05
955.0	1.7414e-05
955.2	1.7229e-05
955.4	1.7046e-05
955.6	1.6865e-05
955.8	1.6685e-05
956.0	1.6508e-05
956.2	1.6375e-05
956.4	1.632e-05
956.6	1.6265e-05
956.8	1.6211e-05
957.0	1.6156e-05
957.2	1.6102e-05
957.4	1.6048e-05
957.6	1.5994e-05
957.8	1.594e-05
958.0	1.5886e-05
958.2	1.5833e-05
958.4	1.578e-05
958.6	1.5727e-05
958.8	1.5674e-05
959.0	1.5621e-05
959.2	1.5569e-05
959.4	1.5516e-05
959.6	1.5464e-05
959.8	1.5478e-05
960.0	1.5573e-05
960.2	1.5667e-05
960.4	1.5762e-05
960.6	1.5858e-05
960.8	1.5954e-05
961.0	1.6051e-05
961.2	1.6149e-05
961.4	1.6247e-05
961.6	1.6346e-05
961.8	1.6445e-05
962.0	1.6545e-05
962.2	1.6645e-05
962.4	1.6747e-05
962.6	1.6848e-05
962.8	1.6951e-05
963.0	1.7054e-05
963.2	1.7157e-05
963.4	1.7334e-05
963.6	1.7568e-05
963.8	1.7806e-05
964.0	1.8047e-05
964.2	1.8291e-05
964.4	1.8539e-05
964.6	1.879e-05
964.8	1.9044e-05
965.0	1.9302e-05
965.2	1.9563e-05
965.4	1.9828e-05
965.6	2.0097e-05
965.8	2.0369e-05
966.0	2.0644e-05
966.2	2.0924e-05
966.4	2.1207e-05
966.6	2.1494e-05
966.8	2.1785e-05
967.0	2.212e-05
967.2	2.248e-05
967.4	2.2845e-05
967.6	2.3217e-05
967.8	2.3594e-05
968.0	2.3978e-05
968.2	2.4367e-05
968.4	2.4764e-05
968.6	2.5166e-05
968.8	2.5575e-05
969.0	2.5991e-05
969.2	2.6414e-05
969.4	2.6843e-05
969.6	2.7279e-05
969.8	2.7723e-05
970.0	2.8174e-05
970.2	2.8632e-05
970.4	2.9097e-05
970.6	2.983e-05
970.8	3.0644e-05
971.0	3.1481e-05
971.2	3.234e-05
971.4	3.3223e-05
971.6	3.413e-05
971.8	3.5061e-05
972.0	3.6018e-05
972.2	3.7281e-05
972.4	3.7421e-05
972.6	3.9306e-05
972.8	3.8334e-05
973.0	4.153e-05
973.2	4.1912e-05
973.4	4.4328e-05
973.6	4.5712e-05
973.8	4.5448e-05
974.0	4.6856e-05
974.2	4.7358e-05
974.4	4.8234e-05
974.6	5.0749e-05
974.8	5.1905e-05
975.0	5.5151e-05
975.2	5.6865e-05
975.4	5.7802e-05
975.6	5.8646e-05
975.8	6.1844e-05
976.0	6.4192e-05
976.2	6.7015e-05
976.4	6.7148e-05
976.6	7.1583e-05
976.8	7.2776e-05
977.0	7.5508e-05
977.2	7.8983e-05
977.4	8.2081e-05
977.6	8.4307e-05
977.8	8.9523e-05
978.0	9.3056e-05
978.2	9.7387e-05
978.4	9.9731e-05
978.6	1.0166e-04
978.8	1.0817e-04
979.0	1.1483e-04
979.2	1.1976e-04
979.4	1.2202e-04
979.6	1.3033e-04
979.8	1.3546e-04
980.0	1.4457e-04
980.2	1.466e-04
980.4	1.5412e-04
980.6	1.6382e-04
980.8	1.7184e-04
981.0	1.7849e-04
981.2	1.886e-04
981.4	2.0231e-04
981.6	2.0961e-04
981.8	2.23e-04
982.0	2.3423e-04
982.2	2.4628e-04
982.4	2.6037e-04
982.6	2.7566e-04
982.8	2.8678e-04
983.0	3.0753e-04
983.2	3.2379e-04
983.4	3.4564e-04
983.6	3.6894e-04
983.8	3.9047e-04
984.0	4.1234e-04
984.2	4.4115e-04
984.4	4.7734e-04
984.6	5.0208e-04
984.8	5.3284e-04
985.0	5.6717e-04
985.2	6.1469e-04
985.4	6.526e-04
985.6	7.0633e-04
985.8	7.52e-04
986.0	8.0691e-04
986.2	8.6348e-04
986.4	9.3877e-04
986.6	0.001
986.8	0.00107
987.0	0.00116
987.2	0.00126
987.4	0.00135
987.6	0.00146
987.8	0.00157
988.0	0.0017
988.2	0.00184
988.4	0.00199
988.6	0.00214
988.8	0.00232
989.0	0.0025
989.2	0.00269
989.4	0.0029
989.6	0.00311
989.8	0.00334
990.0	0.0036
990.2	0.00385
990.4	0.00414
990.6	0.00442
990.8	0.00469
991.0	0.00496
991.2	0.00523
991.4	0.00551
991.6	0.00576
991.8	0.00603
992.0	0.00627
992.2	0.00646
992.4	0.00666
992.6	0.00683
992.8	0.00699
993.0	0.0071
993.2	0.00722
993.4	0.00728
993.6	0.00735
993.8	0.00741
994.0	0.0074
994.2	0.00746
994.4	0.00741
994.6	0.00741
994.8	0.00736
995.0	0.00735
995.2	0.00729
995.4	0.00728
995.6	0.00725
995.8	0.00718
996.0	0.00714
996.2	0.00712
996.4	0.00709
996.6	0.00701
996.8	0.007
997.0	0.00693
997.2	0.00692
997.4	0.00692
997.6	0.00687
997.8	0.00686
998.0	0.00686
998.2	0.00686
998.4	0.00681
998.6	0.00686
998.8	0.00683
999.0	0.00686
999.2	0.00687
999.4	0.00688
999.6	0.00684
999.8	0.00687
1000.0	0.00689
1000.2	0.00689
1000.4	0.00689
1000.6	0.00689
1000.8	0.00692
1001.0	0.00693
1001.2	0.00695
1001.4	0.00691
1001.6	0.00694
1001.8	0.00692
1002.0	0.00693
1002.2	0.0069
1002.4	0.00687
1002.6	0.00685
1002.8	0.00681
1003.0	0.00678
1003.2	0.0067
1003.4	0.00668
1003.6	0.00658
1003.8	0.00654
1004.0	0.00643
1004.2	0.00641
1004.4	0.00623
1004.6	0.00618
1004.8	0.00607
1005.0	0.00598
1005.2	0.00581
1005.4	0.00575
1005.6	0.00561
1005.8	0.00549
1006.0	0.00539
1006.2	0.00524
1006.4	0.00512
1006.6	0.00499
1006.8	0.0049
1007.0	0.00472
1007.2	0.00462
1007.4	0.00448
1007.6	0.00438
1007.8	0.00418
1008.0	0.00415
1008.2	0.004
1008.4	0.0039
1008.6	0.00375
1008.8	0.00368
1009.0	0.00355
1009.2	0.00345
1009.4	0.00335
1009.6	0.00328
1009.8	0.00317
1010.0	0.00307
1010.2	0.00299
1010.4	0.00292
1010.6	0.00282
1010.8	0.00276
1011.0	0.00268
1011.2	0.00261
1011.4	0.00255
1011.6	0.0025
1011.8	0.00244
1012.0	0.00236
1012.2	0.00235
1012.4	0.00227
1012.6	0.00222
1012.8	0.00215
1013.0	0.00213
1013.2	0.00207
1013.4	0.00204
1013.6	0.00199
1013.8	0.00196
1014.0	0.00191
1014.2	0.00187
1014.4	0.00185
1014.6	0.00182
1014.8	0.00178
1015.0	0.00175
1015.2	0.00172
1015.4	0.00172
1015.6	0.00167
1015.8	0.00166
1016.0	0.00163
1016.2	0.00162
1016.4	0.00158
1016.6	0.00159
1016.8	0.00155
1017.0	0.00155
1017.2	0.00152
1017.4	0.00152
1017.6	0.00149
1017.8	0.00148
1018.0	0.00147
1018.2	0.00146
1018.4	0.00145
1018.6	0.00144
1018.8	0.00142
1019.0	0.00141
1019.2	0.0014
1019.4	0.00141
1019.6	0.00139
1019.8	0.0014
1020.0	0.00139
1020.2	0.00139
1020.4	0.00137
1020.6	0.00137
1020.8	0.00137
1021.0	0.00137
1021.2	0.00137
1021.4	0.00137
1021.6	0.00136
1021.8	0.00137
1022.0	0.00136
1022.2	0.00137
1022.4	0.00136
1022.6	0.00136
1022.8	0.00137
1023.0	0.00139
1023.2	0.0014
1023.4	0.00141
1023.6	0.00141
1023.8	0.0014
1024.0	0.00141
1024.2	0.00145
1024.4	0.00144
1024.6	0.00145
1024.8	0.00146
1025.0	0.00146
1025.2	0.00147
1025.4	0.00148
1025.6	0.0015
1025.8	0.00152
1026.0	0.00152
1026.2	0.00153
1026.4	0.00155
1026.6	0.00158
1026.8	0.0016
1027.0	0.00162
1027.2	0.00164
1027.4	0.00165
1027.6	0.00168
1027.8	0.0017
1028.0	0.00172
1028.2	0.00175
1028.4	0.00178
1028.6	0.00181
1028.8	0.00184
1029.0	0.00188
1029.2	0.00191
1029.4	0.00195
1029.6	0.00198
1029.8	0.00202
1030.0	0.00206
1030.2	0.0021
1030.4	0.00214
1030.6	0.00219
1030.8	0.00224
1031.0	0.00229
1031.2	0.00234
1031.4	0.00239
1031.6	0.00245
1031.8	0.0025
1032.0	0.00256
1032.2	0.00263
1032.4	0.0027
1032.6	0.00276
1032.8	0.00282
1033.0	0.0029
1033.2	0.00299
1033.4	0.00307
1033.6	0.00315
1033.8	0.00323
1034.0	0.00332
1034.2	0.00342
1034.4	0.00352
1034.6	0.00363
1034.8	0.00374
1035.0	0.00386
1035.2	0.00397
1035.4	0.0041
1035.6	0.00424
1035.8	0.00438
1036.0	0.00449
1036.2	0.00461
1036.4	0.00477
1036.6	0.00493
1036.8	0.00509
1037.0	0.00525
1037.2	0.00542
1037.4	0.00561
1037.6	0.0058
1037.8	0.00598
1038.0	0.00616
1038.2	0.00635
1038.4	0.00655
1038.6	0.00676
1038.8	0.00698
1039.0	0.00723
1039.2	0.00745
1039.4	0.00763
1039.6	0.00786
1039.8	0.0081
1040.0	0.00833
1040.2	0.00855
1040.4	0.00875
1040.6	0.00899
1040.8	0.00921
1041.0	0.00941
1041.2	0.00961
1041.4	0.0098
1041.6	0.00999
1041.8	0.01017
1042.0	0.01035
1042.2	0.0105
1042.4	0.01065
1042.6	0.0108
1042.8	0.01091
1043.0	0.01101
1043.2	0.01109
1043.4	0.01116
1043.6	0.01122
1043.8	0.01127
1044.0	0.01131
1044.2	0.01131
1044.4	0.0113
1044.6	0.01128
1044.8	0.01124
1045.0	0.0111
1045.2	0.01108
1045.4	0.01099
1045.6	0.01092
1045.8	0.01086
1046.0	0.01076
1046.2	0.01065
1046.4	0.01054
1046.6	0.01042
1046.8	0.01029
1047.0	0.01019
1047.2	0.01008
1047.4	0.00994
1047.6	0.0098
1047.8	0.00965
1048.0	0.00954
1048.2	0.00942
1048.4	0.0093
1048.6	0.00918
1048.8	0.00906
1049.0	0.00892
1049.2	0.0088
1049.4	0.0087
1049.6	0.00858
1049.8	0.00846
1050.0	0.00834
1050.2	0.00825
1050.4	0.00819
1050.6	0.00808
1050.8	0.00799
1051.0	0.0079
1051.2	0.0078
1051.4	0.0077
1051.6	0.00763
1051.8	0.00755
1052.0	0.00747
1052.2	0.00742
1052.4	0.00737
1052.6	0.00732
1052.8	0.00725
1053.0	0.00717
1053.2	0.0071
1053.4	0.00705
1053.6	0.00701
1053.8	0.00695
1054.0	0.0069
1054.2	0.00688
1054.4	0.00687
1054.6	0.00685
1054.8	0.00682
1055.0	0.0068
1055.2	0.00678
1055.4	0.00675
1055.6	0.00673
1055.8	0.00673
1056.0	0.0067
1056.2	0.00667
1056.4	0.00667
1056.6	0.00668
1056.8	0.00666
1057.0	0.00665
1057.2	0.00664
1057.4	0.00664
1057.6	0.00664
1057.8	0.00665
1058.0	0.00665
1058.2	0.00666
1058.4	0.00666
1058.6	0.00667
1058.8	0.00669
1059.0	0.00672
1059.2	0.00674
1059.4	0.00675
1059.6	0.00677
1059.8	0.00679
1060.0	0.00681
1060.2	0.00683
1060.4	0.00684
1060.6	0.00685
1060.8	0.00687
1061.0	0.00693
1061.2	0.00697
1061.4	0.00698
1061.6	0.00702
1061.8	0.00706
1062.0	0.00708
1062.2	0.00709
1062.4	0.0071
1062.6	0.00713
1062.8	0.00718
1063.0	0.00724
1063.2	0.00727
1063.4	0.00731
1063.6	0.00736
1063.8	0.00737
1064.0	0.00738
1064.2	0.00741
1064.4	0.00744
1064.6	0.00745
1064.8	0.00752
1065.0	0.00744
1065.2	0.00737
1065.4	0.00738
1065.6	0.0074
1065.8	0.00743
1066.0	0.00745
1066.2	0.00747
1066.4	0.00747
1066.6	0.00747
1066.8	0.00747
1067.0	0.00749
1067.2	0.00751
1067.4	0.00752
1067.6	0.00752
1067.8	0.0075
1068.0	0.00749
1068.2	0.00748
1068.4	0.00746
1068.6	0.00744
1068.8	0.00742
1069.0	0.00737
1069.2	0.00733
1069.4	0.0073
1069.6	0.00729
1069.8	0.00728
1070.0	0.00724
1070.2	0.0072
1070.4	0.00715
1070.6	0.00711
1070.8	0.00707
1071.0	0.00702
1071.2	0.00697
1071.4	0.00693
1071.6	0.00688
1071.8	0.00683
1072.0	0.00675
1072.2	0.00671
1072.4	0.00666
1072.6	0.0066
1072.8	0.00653
1073.0	0.00646
1073.2	0.00638
1073.4	0.00631
1073.6	0.00625
1073.8	0.0062
1074.0	0.00614
1074.2	0.00605
1074.4	0.00597
1074.6	0.00592
1074.8	0.00587
1075.0	0.00585
1075.2	0.00592
1075.4	0.00599
1075.6	0.00606
1075.8	0.00599
1076.0	0.00591
1076.2	0.00584
1076.4	0.00577
1076.6	0.0057
1076.8	0.00563
1077.0	0.00556
1077.2	0.0055
1077.4	0.00543
1077.6	0.00537
1077.8	0.00531
1078.0	0.00525
1078.2	0.00519
1078.4	0.00513
1078.6	0.00507
1078.8	0.00501
1079.0	0.00495
1079.2	0.0049
1079.4	0.00485
1079.6	0.00479
1079.8	0.00474
1080.0	0.00469
1080.2	0.00464
1080.4	0.00458
1080.6	0.00453
1080.8	0.00449
1081.0	0.00445
1081.2	0.00441
1081.4	0.00437
1081.6	0.00433
1081.8	0.00429
1082.0	0.00425
1082.2	0.00421
1082.4	0.00417
1082.6	0.00413
1082.8	0.00409
1083.0	0.00405
1083.2	0.00401
1083.4	0.00398
1083.6	0.00394
1083.8	0.0039
1084.0	0.00386
1084.2	0.00383
1084.4	0.0038
1084.6	0.00378
1084.8	0.00375
1085.0	0.00372
1085.2	0.0037
1085.4	0.00367
1085.6	0.00364
1085.8	0.00362
1086.0	0.00359
1086.2	0.00357
1086.4	0.00355
1086.6	0.00354
1086.8	0.00353
1087.0	0.00352
1087.2	0.00351
1087.4	0.0035
1087.6	0.00348
1087.8	0.00347
1088.0	0.00346
1088.2	0.00345
1088.4	0.00344
1088.6	0.00343
1088.8	0.00341
1089.0	0.0034
1089.2	0.00339
1089.4	0.00338
1089.6	0.00337
1089.8	0.00337
1090.0	0.00337
1090.2	0.00337
1090.4	0.00337
1090.6	0.00337
1090.8	0.00337
1091.0	0.00337
1091.2	0.00337
1091.4	0.00337
1091.6	0.00337
1091.8	0.00337
1092.0	0.00337
1092.2	0.00337
1092.4	0.00337
1092.6	0.00337
1092.8	0.00337
1093.0	0.00337
1093.2	0.00338
1093.4	0.0034
1093.6	0.00341
1093.8	0.00342
1094.0	0.00343
1094.2	0.00344
1094.4	0.00345
1094.6	0.00347
1094.8	0.00348
1095.0	0.00349
1095.2	0.0035
1095.4	0.00351
1095.6	0.00352
1095.8	0.00354
1096.0	0.00356
1096.2	0.00359
1096.4	0.00362
1096.6	0.00365
1096.8	0.00368
1097.0	0.00371
1097.2	0.00374
1097.4	0.00377
1097.6	0.0038
1097.8	0.00383
1098.0	0.00386
1098.2	0.00389
1098.4	0.00392
1098.6	0.00395
1098.8	0.00398
1099.0	0.00401
1099.2	0.00405
1099.4	0.00408
1099.6	0.00412
1099.8	0.00416
1100.0	0.0042
1100.2	0.00424
1100.4	0.00427
1100.6	0.00431
1100.8	0.00435
1101.0	0.00439
1101.2	0.00443
1101.4	0.00447
1101.6	0.00452
1101.8	0.00456
1102.0	0.0046
1102.2	0.00464
1102.4	0.0047
1102.6	0.00476
1102.8	0.00483
1103.0	0.00489
1103.2	0.00495
1103.4	0.00502
1103.6	0.00508
1103.8	0.00515
1104.0	0.00522
1104.2	0.00528
1104.4	0.00535
1104.6	0.00542
1104.8	0.00549
1105.0	0.00557
1105.2	0.00564
1105.4	0.00573
1105.6	0.00583
1105.8	0.00592
1106.0	0.00601
1106.2	0.00611
1106.4	0.00621
1106.6	0.00631
1106.8	0.00641
1107.0	0.00651
1107.2	0.00661
1107.4	0.00672
1107.6	0.00682
1107.8	0.00693
1108.0	0.00704
1108.2	0.00716
1108.4	0.00727
1108.6	0.00739
1108.8	0.0075
1109.0	0.00762
