Typical Measured Spectrum of Semrock FF01-710/40 Optical Filter	
For wavelengths between 320 and 1120 nm, values near or below 3e-7 (Optical Density 6.5) are measurement noise limited.
For wavelengths < 320 nm and > 1120 nm, values near or below 3e-6 (Optical Density 5.5) are measurement noise limited. 
Data format:  Wavelength (nm) <tab> Transmission (0 to 1)
300.0	4.0792e-07
300.2	3.7638e-07
300.4	3.4727e-07
300.6	3.2042e-07
300.8	2.9564e-07
301.0	2.7278e-07
301.2	2.5169e-07
301.4	2.3223e-07
301.6	2.1427e-07
301.8	1.977e-07
302.0	1.9467e-07
302.2	1.9174e-07
302.4	1.8886e-07
302.6	1.8602e-07
302.8	1.8323e-07
303.0	1.8047e-07
303.2	1.7776e-07
303.4	1.7509e-07
303.6	1.7246e-07
303.8	1.6987e-07
304.0	1.6785e-07
304.2	1.6599e-07
304.4	1.6415e-07
304.6	1.6234e-07
304.8	1.6054e-07
305.0	1.5877e-07
305.2	1.5701e-07
305.4	1.5528e-07
305.6	1.5356e-07
305.8	1.5186e-07
306.0	1.5054e-07
306.2	1.495e-07
306.4	1.4847e-07
306.6	1.4744e-07
306.8	1.4642e-07
307.0	1.454e-07
307.2	1.444e-07
307.4	1.434e-07
307.6	1.4241e-07
307.8	1.4142e-07
308.0	1.4108e-07
308.2	1.4184e-07
308.4	1.4259e-07
308.6	1.4335e-07
308.8	1.4412e-07
309.0	1.4489e-07
309.2	1.4566e-07
309.4	1.4644e-07
309.6	1.4722e-07
309.8	1.4801e-07
310.0	1.4872e-07
310.2	1.4855e-07
310.4	1.4837e-07
310.6	1.4819e-07
310.8	1.4801e-07
311.0	1.4783e-07
311.2	1.4766e-07
311.4	1.4748e-07
311.6	1.473e-07
311.8	1.4712e-07
312.0	1.4543e-07
312.2	1.4372e-07
312.4	1.4203e-07
312.6	1.4036e-07
312.8	1.3871e-07
313.0	1.3707e-07
313.2	1.3546e-07
313.4	1.3387e-07
313.6	1.3229e-07
313.8	1.3074e-07
314.0	1.5216e-07
314.2	1.8622e-07
314.4	2.2791e-07
314.6	2.7892e-07
314.8	3.4136e-07
315.0	4.1777e-07
315.2	5.1129e-07
315.4	6.2574e-07
315.6	7.6582e-07
315.8	9.3724e-07
316.0	9.0975e-07
316.2	7.3875e-07
316.4	5.9989e-07
316.6	4.8713e-07
316.8	3.9556e-07
317.0	3.2121e-07
317.2	2.6083e-07
317.4	2.118e-07
317.6	1.7199e-07
317.8	1.3966e-07
318.0	1.3246e-07
318.2	1.6457e-07
318.4	2.0448e-07
318.6	2.5406e-07
318.8	3.1566e-07
319.0	3.9219e-07
319.2	4.8728e-07
319.4	6.0544e-07
319.6	7.5223e-07
319.8	9.3462e-07
320.0	1.1393e-06
320.2	1.1155e-06
320.4	1.0921e-06
320.6	1.0692e-06
320.8	1.0468e-06
321.0	1.0249e-06
321.2	1.0034e-06
321.4	9.8241e-07
321.6	9.6184e-07
321.8	9.4169e-07
322.0	7.7024e-07
322.2	6.277e-07
322.4	5.1153e-07
322.6	4.1687e-07
322.8	3.3972e-07
323.0	2.7685e-07
323.2	2.2562e-07
323.4	1.8386e-07
323.6	1.4984e-07
323.8	1.2211e-07
324.0	1.1499e-07
324.2	1.128e-07
324.4	1.1065e-07
324.6	1.0854e-07
324.8	1.0647e-07
325.0	1.0444e-07
325.2	1.0245e-07
325.4	1.0049e-07
325.6	9.8576e-08
325.8	9.6696e-08
326.0	1.0316e-07
326.2	1.1695e-07
326.4	1.3258e-07
326.6	1.503e-07
326.8	1.7039e-07
327.0	1.9316e-07
327.2	2.1898e-07
327.4	2.4825e-07
327.6	2.8144e-07
327.8	3.1906e-07
328.0	3.5493e-07
328.2	3.8311e-07
328.4	4.1352e-07
328.6	4.4634e-07
328.8	4.8177e-07
329.0	5.2001e-07
329.2	5.6129e-07
329.4	6.0584e-07
329.6	6.5393e-07
329.8	7.0583e-07
330.0	7.3733e-07
330.2	5.6396e-07
330.4	4.3136e-07
330.6	3.2993e-07
330.8	2.5236e-07
331.0	1.9302e-07
331.2	1.4763e-07
331.4	1.1292e-07
331.6	8.637e-08
331.8	6.6062e-08
332.0	7.7542e-08
332.2	9.3092e-08
332.4	1.1176e-07
332.6	1.3417e-07
332.8	1.6108e-07
333.0	1.9338e-07
333.2	2.3216e-07
333.4	2.7871e-07
333.6	3.3461e-07
333.8	4.0171e-07
334.0	4.1249e-07
334.2	4.0262e-07
334.4	3.9299e-07
334.6	3.8359e-07
334.8	3.7441e-07
335.0	3.6545e-07
335.2	3.5671e-07
335.4	3.4817e-07
335.6	3.3984e-07
335.8	3.3171e-07
336.0	2.9538e-07
336.2	2.4508e-07
336.4	2.0335e-07
336.6	1.6872e-07
336.8	1.3999e-07
337.0	1.1615e-07
337.2	9.6372e-08
337.4	7.9962e-08
337.6	6.6346e-08
337.8	5.5048e-08
338.0	4.8798e-08
338.2	4.8301e-08
338.4	4.7809e-08
338.6	4.7322e-08
338.8	4.684e-08
339.0	4.6363e-08
339.2	4.589e-08
339.4	4.5423e-08
339.6	4.496e-08
339.8	4.4502e-08
340.0	4.405e-08
340.2	4.3611e-08
340.4	4.3177e-08
340.6	4.2748e-08
340.8	4.2322e-08
341.0	4.1901e-08
341.2	4.1484e-08
341.4	4.1071e-08
341.6	4.0662e-08
341.8	4.0257e-08
342.0	3.997e-08
342.2	3.9693e-08
342.4	3.9418e-08
342.6	3.9145e-08
342.8	3.8873e-08
343.0	3.8604e-08
343.2	3.8336e-08
343.4	3.8071e-08
343.6	3.7807e-08
343.8	3.7545e-08
344.0	4.251e-08
344.2	5.0402e-08
344.4	5.9758e-08
344.6	7.0852e-08
344.8	8.4005e-08
345.0	9.9599e-08
345.2	1.1809e-07
345.4	1.4001e-07
345.6	1.66e-07
345.8	1.9682e-07
346.0	2.0773e-07
346.2	1.9973e-07
346.4	1.9203e-07
346.6	1.8463e-07
346.8	1.7752e-07
347.0	1.7068e-07
347.2	1.641e-07
347.4	1.5778e-07
347.6	1.517e-07
347.8	1.4586e-07
348.0	1.4573e-07
348.2	1.5524e-07
348.4	1.6536e-07
348.6	1.7615e-07
348.8	1.8764e-07
349.0	1.9988e-07
349.2	2.1292e-07
349.4	2.2681e-07
349.6	2.416e-07
349.8	2.5736e-07
350.0	2.6723e-07
350.2	2.1754e-07
350.4	1.7709e-07
350.6	1.4416e-07
350.8	1.1735e-07
351.0	9.5531e-08
351.2	7.7767e-08
351.4	6.3306e-08
351.6	5.1535e-08
351.8	4.1952e-08
352.0	4.1219e-08
352.2	4.1077e-08
352.4	4.0935e-08
352.6	4.0794e-08
352.8	4.0653e-08
353.0	4.0512e-08
353.2	4.0372e-08
353.4	4.0233e-08
353.6	4.0094e-08
353.8	3.9956e-08
354.0	4.193e-08
354.2	4.4786e-08
354.4	4.7838e-08
354.6	5.1097e-08
354.8	5.4578e-08
355.0	5.8296e-08
355.2	6.2268e-08
355.4	6.6511e-08
355.6	7.1042e-08
355.8	7.5882e-08
356.0	7.5057e-08
356.2	6.9975e-08
356.4	6.5238e-08
356.6	6.0822e-08
356.8	5.6704e-08
357.0	5.2865e-08
357.2	4.9286e-08
357.4	4.595e-08
357.6	4.2839e-08
357.8	3.9939e-08
358.0	3.9932e-08
358.2	4.4538e-08
358.4	4.9675e-08
358.6	5.5406e-08
358.8	6.1797e-08
359.0	6.8925e-08
359.2	7.6876e-08
359.4	8.5744e-08
359.6	9.5635e-08
359.8	1.0667e-07
360.0	1.1944e-07
360.2	1.3831e-07
360.4	1.6015e-07
360.6	1.8545e-07
360.8	2.1475e-07
361.0	2.4867e-07
361.2	2.8795e-07
361.4	3.3343e-07
361.6	3.861e-07
361.8	4.4709e-07
362.0	4.5663e-07
362.2	4.6266e-07
362.4	4.6877e-07
362.6	4.7495e-07
362.8	4.8122e-07
363.0	4.8757e-07
363.2	4.9401e-07
363.4	5.0053e-07
363.6	5.0714e-07
363.8	5.1383e-07
364.0	5.053e-07
364.2	4.9238e-07
364.4	4.7979e-07
364.6	4.6752e-07
364.8	4.5556e-07
365.0	4.4391e-07
365.2	4.3256e-07
365.4	4.215e-07
365.6	4.1072e-07
365.8	4.0021e-07
366.0	3.4404e-07
366.2	2.7108e-07
366.4	2.1359e-07
366.6	1.6829e-07
366.8	1.326e-07
367.0	1.0448e-07
367.2	8.2322e-08
367.4	6.4864e-08
367.6	5.1108e-08
367.8	4.0269e-08
368.0	3.4988e-08
368.2	3.4891e-08
368.4	3.4795e-08
368.6	3.4699e-08
368.8	3.4603e-08
369.0	3.4508e-08
369.2	3.4413e-08
369.4	3.4318e-08
369.6	3.4223e-08
369.8	3.4129e-08
370.0	3.403e-08
370.2	3.3905e-08
370.4	3.378e-08
370.6	3.3655e-08
370.8	3.3531e-08
371.0	3.3408e-08
371.2	3.3284e-08
371.4	3.3162e-08
371.6	3.3039e-08
371.8	3.2918e-08
372.0	4.4218e-08
372.2	6.0644e-08
372.4	8.3172e-08
372.6	1.1407e-07
372.8	1.5644e-07
373.0	2.1456e-07
373.2	2.9426e-07
373.4	4.0358e-07
373.6	5.535e-07
373.8	7.5912e-07
374.0	6.9275e-07
374.2	5.5782e-07
374.4	4.4918e-07
374.6	3.6169e-07
374.8	2.9124e-07
375.0	2.3452e-07
375.2	1.8884e-07
375.4	1.5206e-07
375.6	1.2244e-07
375.8	9.8595e-08
376.0	9.8763e-08
376.2	1.1443e-07
376.4	1.3259e-07
376.6	1.5363e-07
376.8	1.78e-07
377.0	2.0625e-07
377.2	2.3897e-07
377.4	2.7689e-07
377.6	3.2082e-07
377.8	3.7172e-07
378.0	3.7856e-07
378.2	3.249e-07
378.4	2.7885e-07
378.6	2.3933e-07
378.8	2.0541e-07
379.0	1.763e-07
379.2	1.5131e-07
379.4	1.2986e-07
379.6	1.1146e-07
379.8	9.5661e-08
380.0	8.2426e-08
380.2	7.2835e-08
380.4	6.4361e-08
380.6	5.6872e-08
380.8	5.0255e-08
381.0	4.4407e-08
381.2	3.924e-08
381.4	3.4674e-08
381.6	3.064e-08
381.8	2.7075e-08
382.0	3.5608e-08
382.2	4.8366e-08
382.4	6.5695e-08
382.6	8.9232e-08
382.8	1.212e-07
383.0	1.6463e-07
383.2	2.2361e-07
383.4	3.0372e-07
383.6	4.1254e-07
383.8	5.6035e-07
384.0	6.2256e-07
384.2	6.4914e-07
384.4	6.7686e-07
384.6	7.0576e-07
384.8	7.359e-07
385.0	7.6733e-07
385.2	8.0009e-07
385.4	8.3426e-07
385.6	8.6988e-07
385.8	9.0703e-07
386.0	9.0132e-07
386.2	8.6736e-07
386.4	8.3467e-07
386.6	8.0322e-07
386.8	7.7296e-07
387.0	7.4384e-07
387.2	7.1581e-07
387.4	6.8884e-07
387.6	6.6288e-07
387.8	6.3791e-07
388.0	6.067e-07
388.2	5.6846e-07
388.4	5.3264e-07
388.6	4.9907e-07
388.8	4.6761e-07
389.0	4.3814e-07
389.2	4.1052e-07
389.4	3.8465e-07
389.6	3.6041e-07
389.8	3.3769e-07
390.0	3.1986e-07
390.2	3.2382e-07
390.4	3.2784e-07
390.6	3.3191e-07
390.8	3.3603e-07
391.0	3.4019e-07
391.2	3.4441e-07
391.4	3.4869e-07
391.6	3.5301e-07
391.8	3.5739e-07
392.0	3.3762e-07
392.2	3.169e-07
392.4	2.9745e-07
392.6	2.7919e-07
392.8	2.6206e-07
393.0	2.4597e-07
393.2	2.3088e-07
393.4	2.1671e-07
393.6	2.034e-07
393.8	1.9092e-07
394.0	1.8732e-07
394.2	1.8638e-07
394.4	1.8544e-07
394.6	1.8451e-07
394.8	1.8358e-07
395.0	1.8266e-07
395.2	1.8174e-07
395.4	1.8082e-07
395.6	1.7991e-07
395.8	1.7901e-07
396.0	1.6191e-07
396.2	1.3742e-07
396.4	1.1664e-07
396.6	9.8997e-08
396.8	8.4025e-08
397.0	7.1317e-08
397.2	6.0531e-08
397.4	5.1376e-08
397.6	4.3606e-08
397.8	3.7011e-08
398.0	3.397e-08
398.2	3.4306e-08
398.4	3.4646e-08
398.6	3.4989e-08
398.8	3.5335e-08
399.0	3.5685e-08
399.2	3.6039e-08
399.4	3.6396e-08
399.6	3.6756e-08
399.8	3.712e-08
400.0	3.6888e-08
400.2	3.3454e-08
400.4	3.0341e-08
400.6	2.7517e-08
400.8	2.4955e-08
401.0	2.2633e-08
401.2	2.0526e-08
401.4	1.8616e-08
401.6	1.6883e-08
401.8	1.5312e-08
402.0	1.5065e-08
402.2	1.4988e-08
402.4	1.4911e-08
402.6	1.4835e-08
402.8	1.4759e-08
403.0	1.4683e-08
403.2	1.4608e-08
403.4	1.4534e-08
403.6	1.4459e-08
403.8	1.4385e-08
404.0	2.0027e-08
404.2	3.1572e-08
404.4	4.9772e-08
404.6	7.8462e-08
404.8	1.2369e-07
405.0	1.9499e-07
405.2	3.074e-07
405.4	4.846e-07
405.6	7.6394e-07
405.8	1.2043e-06
406.0	1.4827e-06
406.2	1.5263e-06
406.4	1.5712e-06
406.6	1.6174e-06
406.8	1.665e-06
407.0	1.7139e-06
407.2	1.7643e-06
407.4	1.8162e-06
407.6	1.8696e-06
407.8	1.9245e-06
408.0	1.9851e-06
408.2	2.0532e-06
408.4	2.1236e-06
408.6	2.1964e-06
408.8	2.2716e-06
409.0	2.3495e-06
409.2	2.43e-06
409.4	2.5133e-06
409.6	2.5995e-06
409.8	2.6886e-06
410.0	2.7208e-06
410.2	2.4089e-06
410.4	2.1328e-06
410.6	1.8883e-06
410.8	1.6718e-06
411.0	1.4802e-06
411.2	1.3105e-06
411.4	1.1603e-06
411.6	1.0273e-06
411.8	9.095e-07
412.0	1.0129e-06
412.2	1.1655e-06
412.4	1.3412e-06
412.6	1.5434e-06
412.8	1.7761e-06
413.0	2.0438e-06
413.2	2.3519e-06
413.4	2.7065e-06
413.6	3.1145e-06
413.8	3.584e-06
414.0	3.6604e-06
414.2	3.5772e-06
414.4	3.4958e-06
414.6	3.4163e-06
414.8	3.3386e-06
415.0	3.2627e-06
415.2	3.1885e-06
415.4	3.116e-06
415.6	3.0451e-06
415.8	2.9759e-06
416.0	3.0473e-06
416.2	3.2258e-06
416.4	3.4147e-06
416.6	3.6146e-06
416.8	3.8262e-06
417.0	4.0503e-06
417.2	4.2874e-06
417.4	4.5384e-06
417.6	4.8042e-06
417.8	5.0855e-06
418.0	5.1348e-06
418.2	4.888e-06
418.4	4.653e-06
418.6	4.4293e-06
418.8	4.2164e-06
419.0	4.0137e-06
419.2	3.8207e-06
419.4	3.637e-06
419.6	3.4622e-06
419.8	3.2957e-06
420.0	3.0657e-06
420.2	2.5146e-06
420.4	2.0626e-06
420.6	1.6918e-06
420.8	1.3877e-06
421.0	1.1382e-06
421.2	9.3359e-07
421.4	7.6576e-07
421.6	6.281e-07
421.8	5.1519e-07
422.0	5.1713e-07
422.2	5.3219e-07
422.4	5.4769e-07
422.6	5.6364e-07
422.8	5.8005e-07
423.0	5.9695e-07
423.2	6.1433e-07
423.4	6.3223e-07
423.6	6.5064e-07
423.8	6.6959e-07
424.0	6.8909e-07
424.2	7.0916e-07
424.4	7.2981e-07
424.6	7.2821e-07
424.8	7.2341e-07
425.0	7.1864e-07
425.2	7.1391e-07
425.4	7.092e-07
425.6	7.0453e-07
425.8	6.9988e-07
426.0	6.9527e-07
426.2	6.9069e-07
426.4	6.6198e-07
426.6	5.6812e-07
426.8	4.8757e-07
427.0	4.1844e-07
427.2	3.5911e-07
427.4	3.082e-07
427.6	2.645e-07
427.8	2.27e-07
428.0	1.9481e-07
428.2	1.6719e-07
428.4	1.4689e-07
428.6	1.5605e-07
428.8	1.6577e-07
429.0	1.761e-07
429.2	1.8707e-07
429.4	1.9872e-07
429.6	2.1111e-07
429.8	2.2426e-07
430.0	2.3823e-07
430.2	2.5307e-07
430.4	2.6884e-07
430.6	2.8371e-07
430.8	2.9935e-07
431.0	3.1585e-07
431.2	3.3327e-07
431.4	3.5164e-07
431.6	3.7103e-07
431.8	3.9148e-07
432.0	4.1306e-07
432.2	4.3583e-07
432.4	4.5986e-07
432.6	4.8521e-07
432.8	5.1196e-07
433.0	4.387e-07
433.2	2.9869e-07
433.4	2.0336e-07
433.6	1.3846e-07
433.8	9.4271e-08
434.0	6.4184e-08
434.2	4.37e-08
434.4	2.9753e-08
434.6	2.0257e-08
434.8	1.3792e-08
435.0	9.2504e-09
435.2	9.2356e-09
435.4	9.2208e-09
435.6	9.2061e-09
435.8	9.1914e-09
436.0	9.1767e-09
436.2	9.162e-09
436.4	9.1474e-09
436.6	9.1328e-09
436.8	9.1182e-09
437.0	9.1036e-09
437.2	1.2769e-08
437.4	1.7941e-08
437.6	2.5209e-08
437.8	3.542e-08
438.0	4.9766e-08
438.2	6.9925e-08
438.4	9.8248e-08
438.6	1.3804e-07
438.8	1.9396e-07
439.0	2.7252e-07
439.2	2.897e-07
439.4	2.9485e-07
439.6	3.0009e-07
439.8	3.0542e-07
440.0	3.1084e-07
440.2	3.1636e-07
440.4	3.2198e-07
440.6	3.277e-07
440.8	3.3352e-07
441.0	3.3944e-07
441.2	3.0612e-07
441.4	2.6429e-07
441.6	2.2817e-07
441.8	1.9699e-07
442.0	1.7008e-07
442.2	1.4684e-07
442.4	1.2677e-07
442.6	1.0945e-07
442.8	9.4492e-08
443.0	8.158e-08
443.2	8.6214e-08
443.4	1.0368e-07
443.6	1.247e-07
443.8	1.4996e-07
444.0	1.8035e-07
444.2	2.169e-07
444.4	2.6085e-07
444.6	3.1372e-07
444.8	3.7729e-07
445.0	4.5374e-07
445.2	5.2589e-07
445.4	6.0951e-07
445.6	7.0643e-07
445.8	8.1875e-07
446.0	9.4894e-07
446.2	1.0998e-06
446.4	1.2747e-06
446.6	1.4774e-06
446.8	1.7123e-06
447.0	1.9846e-06
447.2	1.7302e-06
447.4	1.504e-06
447.6	1.3075e-06
447.8	1.1366e-06
448.0	9.8803e-07
448.2	8.589e-07
448.4	7.4664e-07
448.6	6.4906e-07
448.8	5.6423e-07
449.0	4.9048e-07
449.2	3.3524e-07
449.4	2.2069e-07
449.6	1.4528e-07
449.8	9.5641e-08
450.0	6.2962e-08
450.2	4.1448e-08
450.4	2.7286e-08
450.6	1.7963e-08
450.8	1.1825e-08
451.0	7.7845e-09
451.2	9.3282e-09
451.4	1.3796e-08
451.6	2.0405e-08
451.8	3.0179e-08
452.0	4.4634e-08
452.2	6.6013e-08
452.4	9.7634e-08
452.6	1.444e-07
452.8	2.1357e-07
453.0	3.1586e-07
453.2	3.891e-07
453.4	4.2852e-07
453.6	4.7192e-07
453.8	5.1973e-07
454.0	5.7237e-07
454.2	6.3035e-07
454.4	6.942e-07
454.6	7.6451e-07
454.8	8.4195e-07
455.0	9.2723e-07
455.2	8.731e-07
455.4	8.2213e-07
455.6	7.7413e-07
455.8	7.2894e-07
456.0	6.8638e-07
456.2	6.4631e-07
456.4	6.0858e-07
456.6	5.7305e-07
456.8	5.3959e-07
457.0	5.087e-07
457.2	6.1017e-07
457.4	7.3187e-07
457.6	8.7784e-07
457.8	1.0529e-06
458.0	1.2629e-06
458.2	1.5148e-06
458.4	1.817e-06
458.6	2.1794e-06
458.8	2.6141e-06
459.0	3.1355e-06
459.2	3.201e-06
459.4	3.2001e-06
459.6	3.1993e-06
459.8	3.1984e-06
460.0	3.1976e-06
460.2	3.1967e-06
460.4	3.1959e-06
460.6	3.195e-06
460.8	3.1942e-06
461.0	3.1933e-06
461.2	3.2373e-06
461.4	3.2956e-06
461.6	3.355e-06
461.8	3.4154e-06
462.0	3.477e-06
462.2	3.5396e-06
462.4	3.6034e-06
462.6	3.6683e-06
462.8	3.7343e-06
463.0	3.8016e-06
463.2	3.6701e-06
463.4	3.4455e-06
463.6	3.2347e-06
463.8	3.0368e-06
464.0	2.851e-06
464.2	2.6765e-06
464.4	2.5127e-06
464.6	2.359e-06
464.8	2.2146e-06
465.0	2.0791e-06
465.2	1.6503e-06
465.4	1.3099e-06
465.6	1.0398e-06
465.8	8.2533e-07
466.0	6.5511e-07
466.2	5.2e-07
466.4	4.1275e-07
466.6	3.2763e-07
466.8	2.6006e-07
467.0	2.0642e-07
467.2	2.032e-07
467.4	2.0137e-07
467.6	1.9956e-07
467.8	1.9776e-07
468.0	1.9597e-07
468.2	1.9421e-07
468.4	1.9246e-07
468.6	1.9072e-07
468.8	1.89e-07
469.0	1.873e-07
469.2	2.0793e-07
469.4	2.3532e-07
469.6	2.6632e-07
469.8	3.014e-07
470.0	3.411e-07
470.2	3.8603e-07
470.4	4.3688e-07
470.6	4.9443e-07
470.8	5.5957e-07
471.0	6.3328e-07
471.2	6.0788e-07
471.4	5.5153e-07
471.6	5.004e-07
471.8	4.5401e-07
472.0	4.1193e-07
472.2	3.7374e-07
472.4	3.3909e-07
472.6	3.0766e-07
472.8	2.7914e-07
473.0	2.5326e-07
473.2	2.1467e-07
473.4	1.7498e-07
473.6	1.4263e-07
473.8	1.1626e-07
474.0	9.4765e-08
474.2	7.7244e-08
474.4	6.2963e-08
474.6	5.1322e-08
474.8	4.1833e-08
475.0	3.4099e-08
475.2	3.3343e-08
475.4	3.2604e-08
475.6	3.1882e-08
475.8	3.1175e-08
476.0	3.0484e-08
476.2	2.9808e-08
476.4	2.9148e-08
476.6	2.8502e-08
476.8	2.787e-08
477.0	2.7252e-08
477.2	3.2237e-08
477.4	3.8208e-08
477.6	4.5284e-08
477.8	5.367e-08
478.0	6.361e-08
478.2	7.5391e-08
478.4	8.9353e-08
478.6	1.059e-07
478.8	1.2551e-07
479.0	1.4876e-07
479.2	1.3209e-07
479.4	1.1276e-07
479.6	9.6263e-08
479.8	8.2178e-08
480.0	7.0153e-08
480.2	5.9888e-08
480.4	5.1125e-08
480.6	4.3644e-08
480.8	3.7258e-08
481.0	3.1806e-08
481.2	2.4623e-08
481.4	1.8529e-08
481.6	1.3943e-08
481.8	1.0492e-08
482.0	7.8953e-09
482.2	5.9412e-09
482.4	4.4708e-09
482.6	3.3642e-09
482.8	2.5316e-09
483.0	1.905e-09
483.2	1.7814e-09
483.4	1.8495e-09
483.6	1.9202e-09
483.8	1.9936e-09
484.0	2.0698e-09
484.2	2.149e-09
484.4	2.2311e-09
484.6	2.3164e-09
484.8	2.405e-09
485.0	2.4969e-09
485.2	2.3876e-09
485.4	2.283e-09
485.6	2.183e-09
485.8	2.0875e-09
486.0	1.996e-09
486.2	1.9086e-09
486.4	1.8251e-09
486.6	1.7451e-09
486.8	1.6687e-09
487.0	1.5956e-09
487.2	2.4982e-09
487.4	4.0033e-09
487.6	6.4151e-09
487.8	1.028e-08
488.0	1.6473e-08
488.2	2.6397e-08
488.4	4.23e-08
488.6	6.7785e-08
488.8	1.0862e-07
489.0	1.7406e-07
489.2	2.0876e-07
489.4	2.3836e-07
489.6	2.7217e-07
489.8	3.1076e-07
490.0	3.5483e-07
490.2	4.0515e-07
490.4	4.6261e-07
490.6	5.2822e-07
490.8	6.0313e-07
491.0	6.8866e-07
491.2	5.8966e-07
491.4	4.5987e-07
491.6	3.5865e-07
491.8	2.7971e-07
492.0	2.1814e-07
492.2	1.7013e-07
492.4	1.3268e-07
492.6	1.0347e-07
492.8	8.0699e-08
493.0	6.2936e-08
493.2	5.6493e-08
493.4	5.4519e-08
493.6	5.2614e-08
493.8	5.0776e-08
494.0	4.9002e-08
494.2	4.7289e-08
494.4	4.5637e-08
494.6	4.4042e-08
494.8	4.2503e-08
495.0	4.1018e-08
495.2	4.398e-08
495.4	4.7156e-08
495.6	5.0562e-08
495.8	5.4213e-08
496.0	5.8128e-08
496.2	6.2326e-08
496.4	6.6826e-08
496.6	7.1652e-08
496.8	7.6827e-08
497.0	8.2375e-08
497.2	1.1114e-07
497.4	1.5177e-07
497.6	2.0725e-07
497.8	2.8301e-07
498.0	3.8647e-07
498.2	5.2775e-07
498.4	7.2068e-07
498.6	9.8415e-07
498.8	1.3439e-06
499.0	1.8352e-06
499.2	1.5901e-06
499.4	1.2755e-06
499.6	1.0231e-06
499.8	8.2061e-07
500.0	6.5822e-07
500.2	5.2797e-07
500.4	4.2349e-07
500.6	3.3969e-07
500.8	2.7247e-07
501.0	2.1855e-07
501.2	1.933e-07
501.4	1.7618e-07
501.6	1.6057e-07
501.8	1.4635e-07
502.0	1.3339e-07
502.2	1.2157e-07
502.4	1.108e-07
502.6	1.0099e-07
502.8	9.2043e-08
503.0	8.389e-08
503.2	9.1296e-08
503.4	1.0821e-07
503.6	1.2826e-07
503.8	1.5203e-07
504.0	1.802e-07
504.2	2.1359e-07
504.4	2.5316e-07
504.6	3.0007e-07
504.8	3.5567e-07
505.0	4.2157e-07
505.2	4.9748e-07
505.4	5.8706e-07
505.6	6.9278e-07
505.8	8.1753e-07
506.0	9.6474e-07
506.2	1.1385e-06
506.4	1.3435e-06
506.6	1.5854e-06
506.8	1.8709e-06
507.0	2.2078e-06
507.2	1.6686e-06
507.4	1.2408e-06
507.6	9.2273e-07
507.8	6.8618e-07
508.0	5.1027e-07
508.2	3.7946e-07
508.4	2.8219e-07
508.6	2.0985e-07
508.8	1.5605e-07
509.0	1.1605e-07
509.2	9.8086e-08
509.4	8.4436e-08
509.6	7.2685e-08
509.8	6.2569e-08
510.0	5.3862e-08
510.2	4.6366e-08
510.4	3.9913e-08
510.6	3.4359e-08
510.8	2.9577e-08
511.0	2.5461e-08
511.2	2.6767e-08
511.4	2.9677e-08
511.6	3.2903e-08
511.8	3.6479e-08
512.0	4.0445e-08
512.2	4.4841e-08
512.4	4.9715e-08
512.6	5.5119e-08
512.8	6.111e-08
513.0	6.7753e-08
513.2	8.057e-08
513.4	9.8663e-08
513.6	1.2082e-07
513.8	1.4795e-07
514.0	1.8117e-07
514.2	2.2186e-07
514.4	2.7168e-07
514.6	3.3269e-07
514.8	4.0739e-07
515.0	4.9888e-07
515.2	3.3156e-07
515.4	2.2036e-07
515.6	1.4645e-07
515.8	9.7334e-08
516.0	6.4689e-08
516.2	4.2993e-08
516.4	2.8574e-08
516.6	1.899e-08
516.8	1.2621e-08
517.0	8.3882e-09
517.2	6.6295e-09
517.4	5.3137e-09
517.6	4.259e-09
517.8	3.4137e-09
518.0	2.7362e-09
518.2	2.1931e-09
518.4	1.7578e-09
518.6	1.4089e-09
518.8	1.1293e-09
519.0	9.0514e-10
519.2	1.2827e-09
519.4	2.026e-09
519.6	3.2002e-09
519.8	5.0549e-09
520.0	7.9844e-09
520.2	1.2612e-08
520.4	1.9921e-08
520.6	3.1466e-08
520.8	4.9703e-08
521.0	7.8508e-08
521.2	7.0574e-08
521.4	5.3098e-08
521.6	3.9949e-08
521.8	3.0056e-08
522.0	2.2613e-08
522.2	1.7014e-08
522.4	1.28e-08
522.6	9.6306e-09
522.8	7.2458e-09
523.0	5.4515e-09
523.2	5.2876e-09
523.4	5.7641e-09
523.6	6.2836e-09
523.8	6.8498e-09
524.0	7.4671e-09
524.2	8.14e-09
524.4	8.8736e-09
524.6	9.6732e-09
524.8	1.0545e-08
525.0	1.1495e-08
525.2	1.1445e-08
525.4	1.1395e-08
525.6	1.1346e-08
525.8	1.1296e-08
526.0	1.1247e-08
526.2	1.1198e-08
526.4	1.115e-08
526.6	1.1101e-08
526.8	1.1053e-08
527.0	1.1005e-08
527.2	1.163e-08
527.4	1.2338e-08
527.6	1.3089e-08
527.8	1.3885e-08
528.0	1.473e-08
528.2	1.5626e-08
528.4	1.6577e-08
528.6	1.7586e-08
528.8	1.8656e-08
529.0	1.9791e-08
529.2	1.9107e-08
529.4	1.8176e-08
529.6	1.7291e-08
529.8	1.6449e-08
530.0	1.5648e-08
530.2	1.4886e-08
530.4	1.4161e-08
530.6	1.3472e-08
530.8	1.2815e-08
531.0	1.2191e-08
531.2	9.6892e-09
531.4	7.3411e-09
531.6	5.5621e-09
531.8	4.2142e-09
532.0	3.1929e-09
532.2	2.4192e-09
532.4	1.8329e-09
532.6	1.3887e-09
532.8	1.0522e-09
533.0	7.9719e-10
533.2	7.3691e-10
533.4	7.3596e-10
533.6	7.3501e-10
533.8	7.3407e-10
534.0	7.3312e-10
534.2	7.3218e-10
534.4	7.3123e-10
534.6	7.3029e-10
534.8	7.2935e-10
535.0	7.2841e-10
535.2	8.9359e-10
535.4	1.0962e-09
535.6	1.3448e-09
535.8	1.6498e-09
536.0	2.0239e-09
536.2	2.4828e-09
536.4	3.0458e-09
536.6	3.7365e-09
536.8	4.5839e-09
537.0	5.6233e-09
537.2	4.6888e-09
537.4	3.806e-09
537.6	3.0894e-09
537.8	2.5078e-09
538.0	2.0356e-09
538.2	1.6524e-09
538.4	1.3413e-09
538.6	1.0888e-09
538.8	8.8377e-10
539.0	7.1738e-10
539.2	8.9354e-10
539.4	1.1899e-09
539.6	1.5845e-09
539.8	2.11e-09
540.0	2.8098e-09
540.2	3.7416e-09
540.4	4.9825e-09
540.6	6.635e-09
540.8	8.8354e-09
541.0	1.1766e-08
541.2	9.8922e-09
541.4	7.4139e-09
541.6	5.5564e-09
541.8	4.1643e-09
542.0	3.121e-09
542.2	2.3391e-09
542.4	1.7531e-09
542.6	1.3138e-09
542.8	9.8468e-10
543.0	7.3798e-10
543.2	7.8024e-10
543.4	9.3388e-10
543.6	1.1178e-09
543.8	1.3379e-09
544.0	1.6013e-09
544.2	1.9167e-09
544.4	2.2941e-09
544.6	2.7458e-09
544.8	3.2865e-09
545.0	3.9337e-09
545.2	4.1911e-09
545.4	4.4576e-09
545.6	4.7409e-09
545.8	5.0422e-09
546.0	5.3627e-09
546.2	5.7036e-09
546.4	6.0662e-09
546.6	6.4517e-09
546.8	6.8618e-09
547.0	7.298e-09
547.2	5.9207e-09
547.4	4.661e-09
547.6	3.6693e-09
547.8	2.8887e-09
548.0	2.2741e-09
548.2	1.7902e-09
548.4	1.4093e-09
548.6	1.1095e-09
548.8	8.7343e-10
549.0	6.8759e-10
549.2	7.7821e-10
549.4	9.4383e-10
549.6	1.1447e-09
549.8	1.3883e-09
550.0	1.6838e-09
550.2	2.0421e-09
550.4	2.4767e-09
550.6	3.0038e-09
550.8	3.643e-09
551.0	4.4183e-09
551.2	4.9152e-09
551.4	5.3363e-09
551.6	5.7935e-09
551.8	6.2899e-09
552.0	6.8288e-09
552.2	7.4139e-09
552.4	8.0492e-09
552.6	8.7388e-09
552.8	9.4876e-09
553.0	1.03e-08
553.2	8.934e-09
553.4	7.101e-09
553.6	5.644e-09
553.8	4.486e-09
554.0	3.5655e-09
554.2	2.834e-09
554.4	2.2525e-09
554.6	1.7903e-09
554.8	1.423e-09
555.0	1.131e-09
555.2	1.3643e-09
555.4	1.6633e-09
555.6	2.0279e-09
555.8	2.4725e-09
556.0	3.0144e-09
556.2	3.6752e-09
556.4	4.4808e-09
556.6	5.463e-09
556.8	6.6605e-09
557.0	8.1204e-09
557.2	6.6289e-09
557.4	5.1364e-09
557.6	3.98e-09
557.8	3.0839e-09
558.0	2.3896e-09
558.2	1.8516e-09
558.4	1.4347e-09
558.6	1.1117e-09
558.8	8.6142e-10
559.0	6.6747e-10
559.2	6.3948e-10
559.4	6.3987e-10
559.6	6.4026e-10
559.8	6.4066e-10
560.0	6.4105e-10
560.2	6.4145e-10
560.4	6.4184e-10
560.6	6.4224e-10
560.8	6.4263e-10
561.0	6.4303e-10
561.2	8.1029e-10
561.4	1.0917e-09
561.6	1.471e-09
561.8	1.9819e-09
562.0	2.6704e-09
562.2	3.5979e-09
562.4	4.8477e-09
562.6	6.5316e-09
562.8	8.8003e-09
563.0	1.1857e-08
563.2	1.1825e-08
563.4	1.049e-08
563.6	9.3065e-09
563.8	8.2562e-09
564.0	7.3245e-09
564.2	6.4979e-09
564.4	5.7646e-09
564.6	5.1141e-09
564.8	4.5369e-09
565.0	4.0249e-09
565.2	4.3828e-09
565.4	4.7977e-09
565.6	5.2519e-09
565.8	5.7491e-09
566.0	6.2933e-09
566.2	6.889e-09
566.4	7.5411e-09
566.6	8.255e-09
566.8	9.0364e-09
567.0	9.8919e-09
567.2	7.8027e-09
567.4	5.9226e-09
567.6	4.4956e-09
567.8	3.4124e-09
568.0	2.5902e-09
568.2	1.9661e-09
568.4	1.4923e-09
568.6	1.1328e-09
568.8	8.5982e-10
569.0	6.5265e-10
569.2	7.8071e-10
569.4	1.0152e-09
569.6	1.32e-09
569.8	1.7164e-09
570.0	2.2319e-09
570.2	2.9022e-09
570.4	3.7737e-09
570.6	4.907e-09
570.8	6.3807e-09
571.0	8.2968e-09
571.2	8.0647e-09
571.4	7.2724e-09
571.6	6.5579e-09
571.8	5.9136e-09
572.0	5.3326e-09
572.2	4.8087e-09
572.4	4.3363e-09
572.6	3.9102e-09
572.8	3.5261e-09
573.0	3.1796e-09
573.2	3.4661e-09
573.4	4.025e-09
573.6	4.6741e-09
573.8	5.4278e-09
574.0	6.303e-09
574.2	7.3193e-09
574.4	8.4996e-09
574.6	9.8701e-09
574.8	1.1462e-08
575.0	1.331e-08
575.2	1.3501e-08
575.4	1.3638e-08
575.6	1.3776e-08
575.8	1.3916e-08
576.0	1.4057e-08
576.2	1.42e-08
576.4	1.4343e-08
576.6	1.4489e-08
576.8	1.4636e-08
577.0	1.4784e-08
577.2	1.3417e-08
577.4	1.2025e-08
577.6	1.0777e-08
577.8	9.6583e-09
578.0	8.6559e-09
578.2	7.7575e-09
578.4	6.9524e-09
578.6	6.2308e-09
578.8	5.5842e-09
579.0	5.0046e-09
579.2	5.1643e-09
579.4	5.4634e-09
579.6	5.7799e-09
579.8	6.1146e-09
580.0	6.4688e-09
580.2	6.8434e-09
580.4	7.2398e-09
580.6	7.6591e-09
580.8	8.1027e-09
581.0	8.5719e-09
581.2	8.715e-09
581.4	8.7783e-09
581.6	8.842e-09
581.8	8.9061e-09
582.0	8.9708e-09
582.2	9.0359e-09
582.4	9.1015e-09
582.6	9.1675e-09
582.8	9.234e-09
583.0	9.3011e-09
583.2	8.9928e-09
583.4	8.5892e-09
583.6	8.2036e-09
583.8	7.8354e-09
584.0	7.4837e-09
584.2	7.1478e-09
584.4	6.827e-09
584.6	6.5205e-09
584.8	6.2278e-09
585.0	5.9483e-09
585.2	6.0542e-09
585.4	6.1804e-09
585.6	6.3093e-09
585.8	6.4409e-09
586.0	6.5752e-09
586.2	6.7123e-09
586.4	6.8523e-09
586.6	6.9952e-09
586.8	7.141e-09
587.0	7.29e-09
587.2	6.264e-09
587.4	5.2456e-09
587.6	4.3928e-09
587.8	3.6786e-09
588.0	3.0806e-09
588.2	2.5797e-09
588.4	2.1603e-09
588.6	1.8091e-09
588.8	1.515e-09
589.0	1.2687e-09
589.2	1.5639e-09
589.4	2.0868e-09
589.6	2.7844e-09
589.8	3.7153e-09
590.0	4.9573e-09
590.2	6.6146e-09
590.4	8.8259e-09
590.6	1.1777e-08
590.8	1.5714e-08
591.0	2.0967e-08
591.2	2.0525e-08
591.4	1.855e-08
591.6	1.6765e-08
591.8	1.5152e-08
592.0	1.3694e-08
592.2	1.2376e-08
592.4	1.1185e-08
592.6	1.0109e-08
592.8	9.1364e-09
593.0	8.2573e-09
593.2	9.0419e-09
593.4	1.052e-08
593.6	1.2239e-08
593.8	1.424e-08
594.0	1.6567e-08
594.2	1.9275e-08
594.4	2.2425e-08
594.6	2.609e-08
594.8	3.0354e-08
595.0	3.5316e-08
595.2	3.5994e-08
595.4	3.6431e-08
595.6	3.6872e-08
595.8	3.732e-08
596.0	3.7773e-08
596.2	3.8231e-08
596.4	3.8695e-08
596.6	3.9164e-08
596.8	3.9639e-08
597.0	4.012e-08
597.2	4.1255e-08
597.4	4.2532e-08
597.6	4.3848e-08
597.8	4.5205e-08
598.0	4.6603e-08
598.2	4.8046e-08
598.4	4.9532e-08
598.6	5.1065e-08
598.8	5.2645e-08
599.0	5.4274e-08
599.2	5.4729e-08
599.4	5.4937e-08
599.6	5.5146e-08
599.8	5.5356e-08
600.0	5.5567e-08
600.2	5.5779e-08
600.4	5.5991e-08
600.6	5.6204e-08
600.8	5.6418e-08
601.0	5.6633e-08
601.2	5.6966e-08
601.4	5.7331e-08
601.6	5.7698e-08
601.8	5.8068e-08
602.0	5.844e-08
602.2	5.8814e-08
602.4	5.9191e-08
602.6	5.957e-08
602.8	5.9952e-08
603.0	6.0336e-08
603.2	6.0914e-08
603.4	6.1555e-08
603.6	6.2202e-08
603.8	6.2857e-08
604.0	6.3518e-08
604.2	6.4186e-08
604.4	6.4861e-08
604.6	6.5543e-08
604.8	6.6233e-08
605.0	6.693e-08
605.2	6.7909e-08
605.4	6.8918e-08
605.6	6.9942e-08
605.8	7.098e-08
606.0	7.2035e-08
606.2	7.3105e-08
606.4	7.4191e-08
606.6	7.5293e-08
606.8	7.6411e-08
607.0	7.7546e-08
607.2	7.887e-08
607.4	8.0242e-08
607.6	8.1638e-08
607.8	8.3058e-08
608.0	8.4503e-08
608.2	8.5972e-08
608.4	8.7468e-08
608.6	8.8989e-08
608.8	9.0537e-08
609.0	9.2112e-08
609.2	9.2721e-08
609.4	9.3152e-08
609.6	9.3585e-08
609.8	9.402e-08
610.0	9.4456e-08
610.2	9.4895e-08
610.4	9.5336e-08
610.6	9.5779e-08
610.8	9.6224e-08
611.0	9.6671e-08
611.2	9.7278e-08
611.4	9.7922e-08
611.6	9.857e-08
611.8	9.9222e-08
612.0	9.9879e-08
612.2	1.0054e-07
612.4	1.0121e-07
612.6	1.0188e-07
612.8	1.0255e-07
613.0	1.0323e-07
613.2	1.0345e-07
613.4	1.0356e-07
613.6	1.0367e-07
613.8	1.0378e-07
614.0	1.0389e-07
614.2	1.04e-07
614.4	1.0411e-07
614.6	1.0422e-07
614.8	1.0433e-07
615.0	1.0444e-07
615.2	1.0384e-07
615.4	1.032e-07
615.6	1.0257e-07
615.8	1.0194e-07
616.0	1.0131e-07
616.2	1.0069e-07
616.4	1.0007e-07
616.6	9.9457e-08
616.8	9.8846e-08
617.0	9.8239e-08
617.2	9.8257e-08
617.4	9.838e-08
617.6	9.8503e-08
617.8	9.8627e-08
618.0	9.8751e-08
618.2	9.8874e-08
618.4	9.8998e-08
618.6	9.9123e-08
618.8	9.9247e-08
619.0	9.9371e-08
619.2	9.9496e-08
619.4	9.9621e-08
619.6	9.9746e-08
619.8	9.9871e-08
620.0	9.9996e-08
620.2	1.0012e-07
620.4	1.0025e-07
620.6	1.0037e-07
620.8	1.005e-07
621.0	1.0062e-07
621.2	1.0075e-07
621.4	1.0088e-07
621.6	1.015e-07
621.8	1.0321e-07
622.0	1.0495e-07
622.2	1.0671e-07
622.4	1.0851e-07
622.6	1.1033e-07
622.8	1.1219e-07
623.0	1.1407e-07
623.2	1.1599e-07
623.4	1.1794e-07
623.6	1.1966e-07
623.8	1.208e-07
624.0	1.2195e-07
624.2	1.2311e-07
624.4	1.2428e-07
624.6	1.2546e-07
624.8	1.2666e-07
625.0	1.2786e-07
625.2	1.2908e-07
625.4	1.3031e-07
625.6	1.3107e-07
625.8	1.3109e-07
626.0	1.3111e-07
626.2	1.3113e-07
626.4	1.3115e-07
626.6	1.3118e-07
626.8	1.312e-07
627.0	1.3122e-07
627.2	1.3124e-07
627.4	1.3127e-07
627.6	1.3129e-07
627.8	1.3131e-07
628.0	1.3133e-07
628.2	1.0666e-07
628.4	8.1826e-08
628.6	6.2772e-08
628.8	4.8154e-08
629.0	3.6941e-08
629.2	2.8339e-08
629.4	2.174e-08
629.6	1.6677e-08
629.8	1.2794e-08
630.0	9.8145e-09
630.2	9.8045e-09
630.4	9.8179e-09
630.6	9.8476e-09
630.8	9.8641e-09
631.0	9.8681e-09
631.2	1.0133e-08
631.4	3.5646e-08
631.6	1.0786e-08
631.8	9.8981e-09
632.0	9.8857e-09
632.2	9.8761e-09
632.4	9.8802e-09
632.6	9.8918e-09
632.8	9.9008e-09
633.0	9.8974e-09
633.2	9.8916e-09
633.4	9.893e-09
633.6	9.8942e-09
633.8	1.1134e-08
634.0	2.6795e-08
634.2	1.329e-08
634.4	1.0124e-08
634.6	9.8479e-09
634.8	9.8336e-09
635.0	9.8261e-09
635.2	1.0597e-08
635.4	2.5583e-08
635.6	1.3893e-08
635.8	1.021e-08
636.0	9.8809e-09
636.2	9.8851e-09
636.4	9.8894e-09
636.6	1.0252e-08
636.8	2.4675e-08
637.0	1.4527e-08
637.2	1.0327e-08
637.4	9.9302e-09
637.6	9.9266e-09
637.8	9.9204e-09
638.0	9.9166e-09
638.2	9.9301e-09
638.4	1.1346e-08
638.6	2.2763e-08
638.8	1.6083e-08
639.0	9.9217e-09
639.2	1.3523e-08
639.4	6.4038e-08
639.6	5.3622e-08
639.8	4.1369e-08
640.0	1.5817e-08
640.2	9.8696e-09
640.4	9.8422e-09
640.6	1.1203e-08
640.8	2.6901e-08
641.0	1.3302e-08
641.2	1.0968e-08
641.4	2.0405e-08
641.6	1.7182e-08
641.8	1.8133e-08
642.0	8.8729e-08
642.2	1.0411e-07
642.4	1.2568e-07
642.6	4.4711e-08
642.8	1.3281e-08
643.0	2.6934e-08
643.2	5.5188e-08
643.4	9.6823e-09
643.6	9.6799e-09
643.8	1.512e-08
644.0	2.6445e-08
644.2	1.8393e-08
644.4	9.7045e-09
644.6	9.6852e-09
644.8	9.6792e-09
645.0	9.6762e-09
645.2	4.3415e-08
645.4	5.6405e-08
645.6	1.6493e-08
645.8	1.2507e-08
646.0	1.9371e-08
646.2	1.9389e-08
646.4	1.1379e-08
646.6	9.6901e-09
646.8	2.0904e-08
647.0	5.7453e-08
647.2	3.2295e-08
647.4	1.3144e-08
647.6	8.9381e-08
647.8	1.8504e-08
648.0	9.6232e-09
648.2	1.8162e-08
648.4	5.5362e-08
648.6	5.2355e-08
648.8	2.5885e-08
649.0	1.073e-08
649.2	9.5141e-09
649.4	9.5101e-09
649.6	1.6365e-08
649.8	4.3606e-08
650.0	2.6868e-08
650.2	1.0544e-08
650.4	6.7002e-08
650.6	1.0048e-07
650.8	7.8987e-08
651.0	4.1921e-08
651.2	2.9224e-08
651.4	6.8152e-08
651.6	2.8271e-08
651.8	1.1751e-08
652.0	1.8248e-08
652.2	1.8261e-08
652.4	1.1481e-08
652.6	2.8722e-08
652.8	6.6796e-08
653.0	1.0598e-08
653.2	9.4983e-09
653.4	1.7433e-08
653.6	1.9392e-08
653.8	9.5349e-09
654.0	9.5768e-09
654.2	9.6103e-09
654.4	9.6106e-09
654.6	9.6005e-09
654.8	9.6111e-09
655.0	9.6223e-09
655.2	1.2875e-08
655.4	5.161e-08
655.6	1.8201e-08
655.8	1.0449e-08
656.0	1.5501e-08
656.2	3.2817e-08
656.4	4.222e-08
656.6	1.996e-08
656.8	2.9534e-08
657.0	1.0264e-07
657.2	5.4557e-08
657.4	2.6723e-08
657.6	1.4152e-08
657.8	1.4754e-08
658.0	5.5589e-08
658.2	2.7247e-08
658.4	5.7585e-08
658.6	3.015e-08
658.8	2.6109e-08
659.0	1.4327e-08
659.2	3.4074e-08
659.4	7.1688e-08
659.6	8.0175e-08
659.8	2.2272e-07
660.0	7.843e-08
660.2	8.1484e-08
660.4	4.2784e-08
660.6	1.0847e-08
660.8	1.8965e-08
661.0	5.5003e-08
661.2	1.1595e-08
661.4	9.6516e-09
661.6	3.3781e-08
661.8	8.7444e-08
662.0	4.6604e-08
662.2	1.1117e-08
662.4	9.7209e-09
662.6	9.7382e-09
662.8	2.0307e-08
663.0	6.2167e-08
663.2	1.3144e-07
663.4	8.3593e-08
663.6	1.316e-08
663.8	4.2885e-08
664.0	3.7444e-08
664.2	2.4208e-08
664.4	4.0684e-08
664.6	1.1288e-07
664.8	8.2715e-08
665.0	8.7574e-08
665.2	9.7927e-08
665.4	8.233e-08
665.6	9.9355e-08
665.8	8.2577e-08
666.0	6.2507e-08
666.2	1.7456e-07
666.4	1.0888e-07
666.6	1.1478e-07
666.8	8.962e-08
667.0	1.1989e-07
667.2	1.7061e-07
667.4	1.6554e-07
667.6	1.7347e-07
667.8	2.2896e-07
668.0	2.0195e-07
668.2	1.2889e-07
668.4	1.48e-07
668.6	2.546e-07
668.8	1.9253e-07
669.0	2.8804e-07
669.2	2.7556e-07
669.4	2.2834e-07
669.6	2.1812e-07
669.8	2.3648e-07
670.0	2.5636e-07
670.2	3.2678e-07
670.4	3.855e-07
670.6	4.1673e-07
670.8	4.0784e-07
671.0	4.3656e-07
671.2	4.9569e-07
671.4	5.5419e-07
671.6	5.9378e-07
671.8	6.3739e-07
672.0	6.8607e-07
672.2	7.3658e-07
672.4	7.7126e-07
672.6	7.7088e-07
672.8	8.0363e-07
673.0	9.956e-07
673.2	1.0884e-06
673.4	1.1516e-06
673.6	1.2575e-06
673.8	1.4692e-06
674.0	1.6727e-06
674.2	1.7799e-06
674.4	1.9646e-06
674.6	2.2268e-06
674.8	2.4806e-06
675.0	2.7983e-06
675.2	3.1898e-06
675.4	3.4899e-06
675.6	3.7494e-06
675.8	4.3792e-06
676.0	4.9676e-06
676.2	5.561e-06
676.4	6.219e-06
676.6	7.0415e-06
676.8	7.9963e-06
677.0	8.9748e-06
677.2	1.0214e-05
677.4	1.163e-05
677.6	1.3399e-05
677.8	1.535e-05
678.0	1.7405e-05
678.2	2.016e-05
678.4	2.3266e-05
678.6	2.6925e-05
678.8	3.1162e-05
679.0	3.5919e-05
679.2	4.1476e-05
679.4	4.8066e-05
679.6	5.5632e-05
679.8	6.5128e-05
680.0	7.6718e-05
680.2	8.8783e-05
680.4	1.0486e-04
680.6	1.2389e-04
680.8	1.4116e-04
681.0	1.6564e-04
681.2	1.9536e-04
681.4	2.3374e-04
681.6	2.8019e-04
681.8	3.3678e-04
682.0	4.0544e-04
682.2	4.9053e-04
682.4	5.8695e-04
682.6	7.1689e-04
682.8	8.7337e-04
683.0	0.00107
683.2	0.00132
683.4	0.00163
683.6	0.00203
683.8	0.00253
684.0	0.00315
684.2	0.00397
684.4	0.00501
684.6	0.00638
684.8	0.00815
685.0	0.01012
685.2	0.01278
685.4	0.01661
685.6	0.02173
685.8	0.02873
686.0	0.0381
686.2	0.05085
686.4	0.06743
686.6	0.08907
686.8	0.12003
687.0	0.16168
687.2	0.21668
687.4	0.28728
687.6	0.37503
687.8	0.47287
688.0	0.57502
688.2	0.68305
688.4	0.77909
688.6	0.85688
688.8	0.91264
689.0	0.9493
689.2	0.9704
689.4	0.98229
689.6	0.98675
689.8	0.98818
690.0	0.98801
690.2	0.98754
690.4	0.98763
690.6	0.98791
690.8	0.98828
691.0	0.98977
691.2	0.99098
691.4	0.99228
691.6	0.99379
691.8	0.99464
692.0	0.99521
692.2	0.99587
692.4	0.99639
692.6	0.99595
692.8	0.99563
693.0	0.99505
693.2	0.99413
693.4	0.99345
693.6	0.992
693.8	0.99104
694.0	0.99012
694.2	0.98889
694.4	0.98799
694.6	0.98714
694.8	0.98585
695.0	0.98562
695.2	0.98541
695.4	0.98473
695.6	0.98464
695.8	0.98447
696.0	0.98527
696.2	0.98578
696.4	0.98576
696.6	0.98649
696.8	0.98739
697.0	0.98884
697.2	0.98926
697.4	0.99101
697.6	0.99235
697.8	0.99327
698.0	0.99419
698.2	0.99525
698.4	0.99566
698.6	0.99587
698.8	0.99655
699.0	0.99686
699.2	0.99672
699.4	0.99637
699.6	0.996
699.8	0.99545
700.0	0.99489
700.2	0.99309
700.4	0.99261
700.6	0.99047
700.8	0.98921
701.0	0.98818
701.2	0.98678
701.4	0.98651
701.6	0.9849
701.8	0.98474
702.0	0.9837
702.2	0.98344
702.4	0.98292
702.6	0.98288
702.8	0.98318
703.0	0.98332
703.2	0.98407
703.4	0.98425
703.6	0.98492
703.8	0.9852
704.0	0.98568
704.2	0.98606
704.4	0.98653
704.6	0.98659
704.8	0.98684
705.0	0.98638
705.2	0.98622
705.4	0.98611
705.6	0.9854
705.8	0.98479
706.0	0.98416
706.2	0.98398
706.4	0.98272
706.6	0.98268
706.8	0.982
707.0	0.98192
707.2	0.98181
707.4	0.98174
707.6	0.98254
707.8	0.98295
708.0	0.98425
708.2	0.98476
708.4	0.98592
708.6	0.98719
708.8	0.98878
709.0	0.98987
709.2	0.99109
709.4	0.99206
709.6	0.99358
709.8	0.99408
710.0	0.99485
710.2	0.99479
710.4	0.99489
710.6	0.99447
710.8	0.99335
711.0	0.993
711.2	0.99145
711.4	0.9895
711.6	0.98817
711.8	0.98632
712.0	0.98492
712.2	0.9826
712.4	0.98169
712.6	0.98067
712.8	0.97937
713.0	0.97874
713.2	0.97847
713.4	0.9787
713.6	0.97908
713.8	0.97995
714.0	0.98102
714.2	0.98215
714.4	0.98383
714.6	0.98602
714.8	0.98748
715.0	0.98975
715.2	0.99131
715.4	0.99293
715.6	0.99385
715.8	0.99486
716.0	0.9952
716.2	0.99475
716.4	0.99436
716.6	0.99361
716.8	0.99329
717.0	0.99164
717.2	0.99048
717.4	0.98891
717.6	0.98782
717.8	0.9867
718.0	0.98591
718.2	0.98528
718.4	0.98491
718.6	0.98506
718.8	0.98567
719.0	0.98601
719.2	0.98679
719.4	0.9882
719.6	0.98891
719.8	0.98996
720.0	0.99066
720.2	0.99101
720.4	0.99099
720.6	0.99034
720.8	0.9891
721.0	0.98751
721.2	0.98537
721.4	0.98295
721.6	0.97979
721.8	0.9765
722.0	0.97326
722.2	0.97095
722.4	0.96833
722.6	0.9665
722.8	0.96527
723.0	0.96504
723.2	0.96513
723.4	0.96665
723.6	0.96796
723.8	0.97091
724.0	0.97423
724.2	0.97715
724.4	0.97989
724.6	0.9831
724.8	0.98535
725.0	0.98714
725.2	0.98791
725.4	0.98797
725.6	0.98662
725.8	0.98482
726.0	0.9826
726.2	0.97987
726.4	0.97714
726.6	0.97501
726.8	0.9734
727.0	0.97235
727.2	0.97291
727.4	0.97409
727.6	0.97579
727.8	0.97833
728.0	0.98122
728.2	0.9835
728.4	0.98516
728.6	0.98545
728.8	0.98508
729.0	0.9832
729.2	0.98064
729.4	0.97768
729.6	0.97495
729.8	0.97322
730.0	0.97184
730.2	0.97191
730.4	0.97267
730.6	0.97405
730.8	0.97471
731.0	0.97506
731.2	0.97448
731.4	0.97286
731.6	0.9685
731.8	0.95405
732.0	0.90812
732.2	0.80045
732.4	0.61994
732.6	0.40817
732.8	0.23804
733.0	0.11175
733.2	0.05882
733.4	0.03151
733.6	0.0173
733.8	0.00975
734.0	0.00571
734.2	0.00345
734.4	0.00207
734.6	0.00127
734.8	7.9798e-04
735.0	5.1331e-04
735.2	3.3088e-04
735.4	2.2008e-04
735.6	1.4387e-04
735.8	9.5388e-05
736.0	6.3749e-05
736.2	4.303e-05
736.4	2.9291e-05
736.6	1.9862e-05
736.8	1.3898e-05
737.0	9.1159e-06
737.2	6.267e-06
737.4	4.1807e-06
737.6	2.5616e-06
737.8	1.4412e-06
738.0	5.217e-07
738.2	8.5988e-08
738.4	1.1785e-08
738.6	1.1817e-08
738.8	1.182e-08
739.0	1.1828e-08
739.2	1.1872e-08
739.4	1.1884e-08
739.6	1.1884e-08
739.8	1.5607e-08
740.0	6.1376e-08
740.2	4.946e-08
740.4	6.8563e-08
740.6	4.4249e-08
740.8	2.0702e-08
741.0	1.2e-08
741.2	1.203e-08
741.4	1.2069e-08
741.6	1.2613e-08
741.8	5.3598e-08
742.0	2.3325e-08
742.2	1.212e-08
742.4	1.2117e-08
742.6	1.2193e-08
742.8	1.334e-08
743.0	2.4334e-08
743.2	1.401e-08
743.4	1.2215e-08
743.6	2.8752e-08
743.8	6.2346e-08
744.0	1.2357e-08
744.2	1.4323e-08
744.4	3.4281e-08
744.6	1.6471e-08
744.8	1.2362e-08
745.0	1.2383e-08
745.2	1.5344e-08
745.4	4.7022e-08
745.6	7.9884e-08
745.8	1.5475e-08
746.0	2.7297e-08
746.2	3.7599e-08
746.4	5.1639e-08
746.6	7.6669e-08
746.8	1.4333e-08
747.0	2.2776e-08
747.2	1.0839e-07
747.4	1.121e-07
747.6	6.2689e-08
747.8	3.8169e-08
748.0	3.6551e-08
748.2	2.6403e-08
748.4	4.9445e-08
748.6	6.2485e-08
748.8	8.5911e-08
749.0	1.0794e-07
749.2	8.0748e-08
749.4	2.6436e-08
749.6	4.6214e-08
749.8	3.6371e-08
750.0	2.7532e-08
750.2	1.7166e-08
750.4	3.0042e-08
750.6	6.7218e-08
750.8	1.3e-08
751.0	1.3027e-08
751.2	2.0234e-08
751.4	1.5942e-08
751.6	1.3087e-08
751.8	1.9026e-08
752.0	3.3624e-08
752.2	1.3887e-08
752.4	1.3174e-08
752.6	1.689e-08
752.8	4.7431e-08
753.0	3.2034e-08
753.2	2.0556e-08
753.4	6.0127e-08
753.6	1.356e-07
753.8	2.5532e-08
754.0	1.944e-08
754.2	1.7087e-08
754.4	2.6148e-08
754.6	3.6227e-08
754.8	1.3488e-08
755.0	1.3539e-08
755.2	3.5863e-08
755.4	6.202e-08
755.6	7.5028e-08
755.8	3.89e-08
756.0	1.7297e-08
756.2	3.9796e-08
756.4	1.6427e-08
756.6	1.3669e-08
756.8	1.4978e-08
757.0	2.573e-08
757.2	4.1481e-08
757.4	3.3573e-08
757.6	1.3887e-08
757.8	1.39e-08
758.0	1.3897e-08
758.2	2.7335e-08
758.4	3.0011e-08
758.6	1.3931e-08
758.8	1.8746e-08
759.0	7.9662e-08
759.2	2.0848e-08
759.4	4.0066e-08
759.6	7.8593e-08
759.8	2.2014e-08
760.0	9.2924e-08
760.2	6.225e-08
760.4	2.1458e-08
760.6	2.1457e-08
760.8	4.195e-08
761.0	2.0645e-08
761.2	1.6654e-08
761.4	1.4391e-08
761.6	1.4409e-08
761.8	1.4445e-08
762.0	4.9323e-08
762.2	6.1651e-08
762.4	4.6856e-08
762.6	3.6531e-08
762.8	1.9004e-08
763.0	4.445e-08
763.2	5.6095e-08
763.4	2.3348e-08
763.6	2.4418e-08
763.8	4.8259e-08
764.0	6.5604e-08
764.2	8.5831e-08
764.4	7.3865e-08
764.6	2.0656e-08
764.8	2.8492e-08
765.0	2.8309e-08
765.2	2.1325e-08
765.4	4.8261e-08
765.6	1.4913e-08
765.8	1.4923e-08
766.0	1.4944e-08
766.2	2.2181e-08
766.4	2.9937e-08
766.6	2.6309e-08
766.8	1.5949e-08
767.0	1.8907e-08
767.2	8.018e-08
767.4	2.4194e-08
767.6	1.5156e-08
767.8	1.9368e-08
768.0	3.8304e-08
768.2	9.1457e-08
768.4	1.5302e-08
768.6	1.5317e-08
768.8	3.8938e-08
769.0	6.8207e-08
769.2	4.8394e-08
769.4	1.7735e-08
769.6	5.8392e-08
769.8	5.8922e-08
770.0	1.9281e-08
770.2	1.5528e-08
770.4	1.5563e-08
770.6	2.8523e-08
770.8	1.4427e-07
771.0	5.6532e-08
771.2	1.583e-08
771.4	1.0984e-07
771.6	3.9488e-08
771.8	1.578e-08
772.0	2.1734e-08
772.2	6.1046e-08
772.4	2.6699e-08
772.6	8.703e-08
772.8	2.5195e-08
773.0	1.5995e-08
773.2	1.6025e-08
773.4	1.8028e-08
773.6	3.1644e-08
773.8	6.5969e-08
774.0	1.8994e-08
774.2	5.8406e-08
774.4	5.4312e-08
774.6	2.5657e-08
774.8	1.8978e-08
775.0	4.6159e-08
775.2	7.9871e-08
775.4	6.8917e-08
775.6	8.5437e-08
775.8	7.1195e-08
776.0	3.6566e-08
776.2	1.6434e-08
776.4	1.6458e-08
776.6	2.6535e-08
776.8	1.145e-07
777.0	3.9054e-08
777.2	1.6644e-08
777.4	1.9699e-08
777.6	3.3345e-08
777.8	3.3422e-08
778.0	6.6713e-08
778.2	8.3599e-08
778.4	1.0299e-07
778.6	5.3743e-08
778.8	2.4777e-08
779.0	9.7966e-08
779.2	2.3135e-08
779.4	2.0946e-08
779.6	5.5665e-08
779.8	1.3085e-07
780.0	8.2055e-08
780.2	2.4415e-08
780.4	1.5714e-07
780.6	1.0171e-07
780.8	4.2435e-08
781.0	6.5994e-08
781.2	8.5093e-08
781.4	4.525e-08
781.6	2.121e-08
781.8	7.7748e-08
782.0	2.6862e-08
782.2	1.7561e-08
782.4	1.76e-08
782.6	3.4241e-08
782.8	7.5134e-08
783.0	8.8257e-08
783.2	8.857e-08
783.4	2.8357e-08
783.6	2.5883e-08
783.8	2.4096e-08
784.0	3.776e-08
784.2	7.2303e-08
784.4	1.9422e-08
784.6	1.3471e-07
784.8	6.6222e-08
785.0	3.529e-08
785.2	2.5203e-08
785.4	4.4408e-08
785.6	1.1694e-07
785.8	1.8314e-08
786.0	1.1827e-07
786.2	4.4345e-08
786.4	1.8382e-08
786.6	1.8418e-08
786.8	3.2894e-08
787.0	8.9101e-08
787.2	7.4459e-08
787.4	5.9238e-08
787.6	2.9214e-08
787.8	3.2787e-08
788.0	4.0385e-08
788.2	2.3001e-08
788.4	3.4954e-08
788.6	2.0036e-08
788.8	1.8839e-08
789.0	1.8841e-08
789.2	2.4039e-08
789.4	9.6319e-09
789.6	1.8072e-08
789.8	3.4653e-08
790.0	4.2588e-08
790.2	3.4713e-08
790.4	2.9314e-08
790.6	5.2455e-08
790.8	9.3865e-08
791.0	3.9403e-08
791.2	1.5571e-08
791.4	9.6628e-09
791.6	9.6824e-09
791.8	9.7879e-09
792.0	2.366e-08
792.2	5.7195e-08
792.4	4.9925e-08
792.6	4.2455e-08
792.8	2.9619e-08
793.0	1.6952e-08
793.2	9.8388e-09
793.4	9.8624e-09
793.6	9.886e-09
793.8	2.2569e-08
794.0	5.2397e-08
794.2	5.2107e-08
794.4	2.2573e-08
794.6	1.0128e-08
794.8	1.4144e-08
795.0	1.9753e-08
795.2	2.8582e-08
795.4	4.1443e-08
795.6	6.5115e-08
795.8	1.12e-07
796.0	1.9265e-07
796.2	4.607e-08
796.4	1.0909e-08
796.6	2.1713e-08
796.8	4.7779e-08
797.0	8.1233e-08
797.2	1.0444e-07
797.4	1.3328e-07
797.6	3.7892e-08
797.8	1.0773e-08
798.0	1.0387e-08
798.2	1.04e-08
798.4	1.0422e-08
798.6	1.0453e-08
798.8	1.0485e-08
799.0	1.0523e-08
799.2	1.0562e-08
799.4	2.7367e-08
799.6	7.2295e-08
799.8	7.1732e-08
800.0	2.7255e-08
800.2	1.1044e-08
800.4	3.5747e-08
800.6	1.1571e-07
800.8	7.0316e-08
801.0	4.1656e-08
801.2	3.7234e-08
801.4	4.9414e-08
801.6	6.5359e-08
801.8	7.9759e-08
802.0	9.7331e-08
802.2	7.1966e-08
802.4	5.1969e-08
802.6	4.89e-08
802.8	6.129e-08
803.0	7.6671e-08
803.2	6.5173e-08
803.4	5.5399e-08
803.6	2.9506e-08
803.8	1.5451e-08
804.0	1.1123e-08
804.2	1.1152e-08
804.4	1.1182e-08
804.6	1.1218e-08
804.8	1.1254e-08
805.0	2.285e-08
805.2	4.7238e-08
805.4	7.6813e-08
805.6	9.8245e-08
805.8	1.2489e-07
806.0	1.2518e-07
806.2	1.2547e-07
806.4	9.8822e-08
806.6	7.755e-08
806.8	4.7538e-08
807.0	2.3094e-08
807.2	1.1909e-08
807.4	2.577e-08
807.6	5.5762e-08
807.8	3.1323e-08
808.0	1.6389e-08
808.2	1.1674e-08
808.4	1.1694e-08
808.6	1.1714e-08
808.8	1.1733e-08
809.0	1.1753e-08
809.2	2.5114e-08
809.4	5.5388e-08
809.6	7.4291e-08
809.8	5.9384e-08
810.0	4.8043e-08
810.2	8.5806e-08
810.4	1.5325e-07
810.6	7.4882e-08
810.8	3.5151e-08
811.0	2.0938e-08
811.2	1.5826e-08
811.4	1.2047e-08
811.6	1.2055e-08
811.8	1.2064e-08
812.0	2.7475e-08
812.2	6.3632e-08
812.4	8.7565e-08
812.6	7.2342e-08
812.8	6.0169e-08
813.0	6.0243e-08
813.2	6.0316e-08
813.4	3.1865e-08
813.6	1.6616e-08
813.8	1.2075e-08
814.0	1.2072e-08
814.2	1.2069e-08
814.4	1.209e-08
814.6	1.2111e-08
814.8	1.5836e-08
815.0	2.1e-08
815.2	2.126e-08
815.4	1.6068e-08
815.6	1.2161e-08
815.8	1.2154e-08
816.0	1.2147e-08
816.2	1.2157e-08
816.4	1.2169e-08
816.6	1.2181e-08
816.8	1.2193e-08
817.0	1.2301e-08
817.2	2.7011e-08
817.4	5.931e-08
817.6	5.6134e-08
817.8	5.1297e-08
818.0	3.7192e-08
818.2	2.1192e-08
818.4	1.2212e-08
818.6	1.2232e-08
818.8	1.2251e-08
819.0	2.1145e-08
819.2	3.7115e-08
819.4	4.2764e-08
819.6	3.2343e-08
819.8	2.4842e-08
820.0	3.4833e-08
820.2	4.8843e-08
820.4	5.3872e-08
820.6	5.8978e-08
820.8	4.4561e-08
821.0	2.3236e-08
821.2	1.2356e-08
821.4	1.2389e-08
821.6	1.2423e-08
821.8	1.2433e-08
822.0	1.2444e-08
822.2	1.7894e-08
822.4	3.6974e-08
822.6	7.283e-08
822.8	3.0537e-08
823.0	1.2804e-08
823.2	3.0823e-08
823.4	7.8325e-08
823.6	1.195e-07
823.8	1.0947e-07
824.0	9.7542e-08
824.2	3.5513e-08
824.4	1.293e-08
824.6	1.2608e-08
824.8	1.2608e-08
825.0	1.2621e-08
825.2	1.2647e-08
825.4	1.3199e-08
825.6	4.2213e-08
825.8	1.3501e-07
826.0	5.4597e-08
826.2	2.0711e-08
826.4	1.2767e-08
826.6	1.2788e-08
826.8	1.3114e-08
827.0	2.8688e-08
827.2	6.2758e-08
827.4	3.4178e-08
827.6	1.783e-08
827.8	1.2886e-08
828.0	1.2902e-08
828.2	1.2919e-08
828.4	1.2958e-08
828.6	1.2997e-08
828.8	1.3026e-08
829.0	1.3054e-08
829.2	1.8167e-08
829.4	3.4881e-08
829.6	6.6344e-08
829.8	9.7298e-08
830.0	1.427e-07
830.2	5.6348e-08
830.4	2.1366e-08
830.6	1.3177e-08
830.8	1.3218e-08
831.0	1.3638e-08
831.2	3.4882e-08
831.4	8.9223e-08
831.6	4.3868e-08
831.8	1.9956e-08
832.0	1.3363e-08
832.2	1.3381e-08
832.4	1.3714e-08
832.6	4.3828e-08
832.8	1.4006e-07
833.0	5.9088e-08
833.2	2.2408e-08
833.4	1.9189e-08
833.6	3.9717e-08
833.8	8.0248e-08
834.0	3.3298e-08
834.2	1.3816e-08
834.4	1.3659e-08
834.6	1.3683e-08
834.8	1.3708e-08
835.0	1.3734e-08
835.2	1.376e-08
835.4	1.379e-08
835.6	1.382e-08
835.8	1.3837e-08
836.0	1.3853e-08
836.2	1.8409e-08
836.4	3.229e-08
836.6	5.5265e-08
836.8	4.8133e-08
837.0	4.1921e-08
837.2	2.7156e-08
837.4	1.7403e-08
837.6	1.7429e-08
837.8	2.7276e-08
838.0	4.1457e-08
838.2	2.4499e-08
838.4	1.4478e-08
838.6	2.8347e-08
838.8	5.8726e-08
839.0	5.9749e-08
839.2	2.9e-08
839.4	1.4433e-08
839.6	2.4565e-08
839.8	4.181e-08
840.0	4.8068e-08
840.2	5.4017e-08
840.4	5.4306e-08
840.6	4.8393e-08
840.8	4.2942e-08
841.0	2.5117e-08
841.2	1.4691e-08
841.4	1.8983e-08
841.6	2.5139e-08
841.8	3.4879e-08
842.0	5.0699e-08
842.2	7.0803e-08
842.4	3.2789e-08
842.6	1.5185e-08
842.8	1.4635e-08
843.0	1.4659e-08
843.2	2.0147e-08
843.4	3.8743e-08
843.6	7.2385e-08
843.8	3.2881e-08
844.0	1.4936e-08
844.2	3.8262e-08
844.4	1.0154e-07
844.6	9.8958e-08
844.8	3.7548e-08
845.0	1.4956e-08
845.2	1.498e-08
845.4	1.5004e-08
845.6	1.5004e-08
845.8	1.5003e-08
846.0	1.9784e-08
846.2	3.4794e-08
846.4	6.0129e-08
846.6	5.2514e-08
846.8	4.5863e-08
847.0	2.9967e-08
847.2	1.922e-08
847.4	1.5235e-08
847.6	1.5259e-08
847.8	1.5283e-08
848.0	1.5319e-08
848.2	1.5355e-08
848.4	2.5381e-08
848.6	4.2723e-08
848.8	5.0114e-08
849.0	4.3745e-08
849.2	3.8325e-08
849.4	3.5016e-08
849.6	3.1993e-08
849.8	2.6847e-08
850.0	2.1584e-08
850.2	1.7353e-08
850.4	1.3951e-08
850.6	1.1216e-08
850.8	9.8752e-09
851.0	9.8824e-09
851.2	9.8896e-09
851.4	9.8968e-09
851.6	9.9016e-09
851.8	9.9008e-09
852.0	9.9001e-09
852.2	9.8994e-09
852.4	9.8984e-09
852.6	9.8959e-09
852.8	9.8933e-09
853.0	9.8908e-09
853.2	9.8887e-09
853.4	9.8909e-09
853.6	9.8931e-09
853.8	9.8953e-09
854.0	9.8975e-09
854.2	9.8979e-09
854.4	9.8981e-09
854.6	9.8984e-09
854.8	9.8987e-09
855.0	9.9078e-09
855.2	9.9183e-09
855.4	9.9288e-09
855.6	9.9393e-09
855.8	9.9479e-09
856.0	9.9559e-09
856.2	9.9639e-09
856.4	9.9719e-09
856.6	9.9765e-09
856.8	9.9792e-09
857.0	9.982e-09
857.2	9.9848e-09
857.4	9.985e-09
857.6	9.9831e-09
857.8	9.9812e-09
858.0	9.9793e-09
858.2	9.9808e-09
858.4	9.9866e-09
858.6	9.9925e-09
858.8	9.9984e-09
859.0	9.9998e-09
859.2	9.9925e-09
859.4	9.9852e-09
859.6	9.9779e-09
859.8	9.9716e-09
860.0	9.9688e-09
860.2	6.1218e-09
860.4	3.7594e-09
860.6	2.3087e-09
860.8	1.4178e-09
861.0	8.7065e-10
861.2	6.2326e-10
861.4	6.2273e-10
861.6	6.222e-10
861.8	6.2167e-10
862.0	6.2114e-10
862.2	6.2061e-10
862.4	6.2008e-10
862.6	6.1955e-10
862.8	6.1902e-10
863.0	6.185e-10
863.2	6.1805e-10
863.4	6.177e-10
863.6	6.1735e-10
863.8	6.17e-10
864.0	6.1666e-10
864.2	6.1631e-10
864.4	6.1596e-10
864.6	6.1561e-10
864.8	6.1526e-10
865.0	6.1492e-10
865.2	6.1453e-10
865.4	6.1412e-10
865.6	6.1371e-10
865.8	6.133e-10
866.0	6.1289e-10
866.2	6.1248e-10
866.4	6.1207e-10
866.6	6.1167e-10
866.8	6.1126e-10
867.0	6.1085e-10
867.2	6.1038e-10
867.4	6.0988e-10
867.6	6.0939e-10
867.8	6.0889e-10
868.0	6.084e-10
868.2	6.0791e-10
868.4	6.0741e-10
868.6	6.0692e-10
868.8	6.0643e-10
869.0	6.0594e-10
869.2	6.0516e-10
869.4	6.0434e-10
869.6	6.0353e-10
869.8	6.0272e-10
870.0	6.0191e-10
870.2	6.0111e-10
870.4	6.003e-10
870.6	5.9949e-10
870.8	5.9869e-10
871.0	5.9789e-10
871.2	5.9707e-10
871.4	5.9622e-10
871.6	5.9537e-10
871.8	5.9453e-10
872.0	5.9368e-10
872.2	5.9284e-10
872.4	5.9199e-10
872.6	5.9115e-10
872.8	5.9031e-10
873.0	5.8947e-10
873.2	5.8865e-10
873.4	5.8786e-10
873.6	5.8708e-10
873.8	5.8629e-10
874.0	5.855e-10
874.2	5.8472e-10
874.4	5.8394e-10
874.6	5.8315e-10
874.8	5.8237e-10
875.0	5.8159e-10
875.2	5.8082e-10
875.4	5.8005e-10
875.6	5.7928e-10
875.8	5.7851e-10
876.0	5.7775e-10
876.2	5.7698e-10
876.4	5.7622e-10
876.6	5.7545e-10
876.8	5.7469e-10
877.0	5.7393e-10
877.2	5.7319e-10
877.4	5.7245e-10
877.6	5.7171e-10
877.8	5.7098e-10
878.0	5.7024e-10
878.2	5.6951e-10
878.4	5.6878e-10
878.6	5.6805e-10
878.8	5.6732e-10
879.0	5.6659e-10
879.2	6.6954e-10
879.4	8.0285e-10
879.6	9.6271e-10
879.8	1.1544e-09
880.0	1.3843e-09
880.2	1.6599e-09
880.4	1.9904e-09
880.6	2.3867e-09
880.8	2.8619e-09
881.0	3.4317e-09
881.2	4.0351e-09
881.4	4.5464e-09
881.6	5.1224e-09
881.8	5.7714e-09
882.0	6.5027e-09
882.2	7.3266e-09
882.4	8.255e-09
882.6	9.3009e-09
882.8	1.0479e-08
883.0	1.1807e-08
883.2	1.2689e-08
883.4	1.293e-08
883.6	1.3174e-08
883.8	1.3424e-08
884.0	1.3678e-08
884.2	1.3937e-08
884.4	1.4201e-08
884.6	1.447e-08
884.8	1.4744e-08
885.0	1.5023e-08
885.2	1.2215e-08
885.4	8.6995e-09
885.6	6.1956e-09
885.8	4.4124e-09
886.0	3.1424e-09
886.2	2.2379e-09
886.4	1.5938e-09
886.6	1.1351e-09
886.8	8.0836e-10
887.0	5.757e-10
887.2	5.3657e-10
887.4	5.3604e-10
887.6	5.3551e-10
887.8	5.3498e-10
888.0	5.3445e-10
888.2	5.3391e-10
888.4	5.3338e-10
888.6	5.3285e-10
888.8	5.3232e-10
889.0	5.318e-10
889.2	5.3114e-10
889.4	5.3049e-10
889.6	5.2983e-10
889.8	5.2917e-10
890.0	5.2852e-10
890.2	5.2786e-10
890.4	5.2721e-10
890.6	5.2656e-10
890.8	5.2591e-10
891.0	5.2526e-10
891.2	5.2467e-10
891.4	5.2423e-10
891.6	5.2379e-10
891.8	5.2336e-10
892.0	5.2292e-10
892.2	5.2248e-10
892.4	5.2205e-10
892.6	5.2161e-10
892.8	5.2118e-10
893.0	5.2074e-10
893.2	5.2035e-10
893.4	5.2001e-10
893.6	5.1967e-10
893.8	5.1932e-10
894.0	5.1898e-10
894.2	5.1864e-10
894.4	5.183e-10
894.6	5.1796e-10
894.8	5.1762e-10
895.0	5.1728e-10
895.2	6.4453e-10
895.4	9.1934e-10
895.6	1.3113e-09
895.8	1.8704e-09
896.0	2.6679e-09
896.2	3.8055e-09
896.4	5.4281e-09
896.6	7.7425e-09
896.8	1.1044e-08
897.0	1.5752e-08
897.2	1.7098e-08
897.4	1.7297e-08
897.6	1.7499e-08
897.8	1.7702e-08
898.0	1.7908e-08
898.2	1.8116e-08
898.4	1.8327e-08
898.6	1.854e-08
898.8	1.8756e-08
899.0	1.8974e-08
899.2	1.8169e-08
899.4	1.7365e-08
899.6	1.6595e-08
899.8	1.586e-08
900.0	1.5158e-08
900.2	1.4486e-08
900.4	1.3844e-08
900.6	1.3231e-08
900.8	1.2645e-08
901.0	1.2085e-08
901.2	1.0682e-08
901.4	7.7626e-09
901.6	5.6409e-09
901.8	4.0992e-09
902.0	2.9788e-09
902.2	2.1647e-09
902.4	1.573e-09
902.6	1.1431e-09
902.8	8.3067e-10
903.0	6.0364e-10
903.2	5.0708e-10
903.4	5.0673e-10
903.6	5.0638e-10
903.8	5.0603e-10
904.0	5.0568e-10
904.2	5.0534e-10
904.4	5.0499e-10
904.6	5.0464e-10
904.8	5.043e-10
905.0	5.0395e-10
905.2	6.3935e-10
905.4	9.3319e-10
905.6	1.3621e-09
905.8	1.9881e-09
906.0	2.9017e-09
906.2	4.2353e-09
906.4	6.1818e-09
906.6	9.0229e-09
906.8	1.317e-08
907.0	1.9222e-08
907.2	2.0174e-08
907.4	1.9548e-08
907.6	1.8941e-08
907.8	1.8353e-08
908.0	1.7783e-08
908.2	1.7231e-08
908.4	1.6696e-08
908.6	1.6178e-08
908.8	1.5676e-08
909.0	1.5189e-08
909.2	1.1098e-08
909.4	8.0737e-09
909.6	5.8736e-09
909.8	4.2731e-09
910.0	3.1087e-09
910.2	2.2616e-09
910.4	1.6453e-09
910.6	1.197e-09
910.8	8.7081e-10
911.0	6.3352e-10
911.2	4.9901e-10
911.4	4.989e-10
911.6	4.9878e-10
911.8	4.9866e-10
912.0	4.9854e-10
912.2	4.9842e-10
912.4	4.983e-10
912.6	4.9818e-10
912.8	4.9806e-10
913.0	4.9794e-10
913.2	4.9789e-10
913.4	4.9792e-10
913.6	4.9795e-10
913.8	4.9798e-10
914.0	4.9801e-10
914.2	4.9804e-10
914.4	4.9807e-10
914.6	4.9809e-10
914.8	4.9812e-10
915.0	4.9815e-10
915.2	4.984e-10
915.4	4.9877e-10
915.6	4.9915e-10
915.8	4.9953e-10
916.0	4.9991e-10
916.2	5.0029e-10
916.4	5.0067e-10
916.6	5.0105e-10
916.8	5.0143e-10
917.0	5.0181e-10
917.2	5.0214e-10
917.4	5.0245e-10
917.6	5.0277e-10
917.8	5.0308e-10
918.0	5.034e-10
918.2	5.0371e-10
918.4	5.0403e-10
918.6	5.0434e-10
918.8	5.0466e-10
919.0	5.0497e-10
919.2	5.0522e-10
919.4	5.0546e-10
919.6	5.057e-10
919.8	5.0594e-10
920.0	5.0618e-10
920.2	5.0642e-10
920.4	5.0666e-10
920.6	5.069e-10
920.8	5.0714e-10
921.0	5.0738e-10
921.2	5.0765e-10
921.4	5.0804e-10
921.6	5.0842e-10
921.8	5.088e-10
922.0	5.0918e-10
922.2	5.0956e-10
922.4	5.0994e-10
922.6	5.1033e-10
922.8	5.1071e-10
923.0	5.1109e-10
923.2	5.2754e-10
923.4	5.6637e-10
923.6	6.0805e-10
923.8	6.5281e-10
924.0	7.0086e-10
924.2	7.5245e-10
924.4	8.0783e-10
924.6	8.673e-10
924.8	9.3113e-10
925.0	9.9967e-10
925.2	1.2111e-09
925.4	1.575e-09
925.6	2.0483e-09
925.8	2.6639e-09
926.0	3.4644e-09
926.2	4.5055e-09
926.4	5.8595e-09
926.6	7.6203e-09
926.8	9.9104e-09
927.0	1.2889e-08
927.2	1.0298e-08
927.4	7.3935e-09
927.6	5.3083e-09
927.8	3.8111e-09
928.0	2.7362e-09
928.2	1.9645e-09
928.4	1.4104e-09
928.6	1.0126e-09
928.8	7.2704e-10
929.0	5.246e-10
929.2	5.2543e-10
929.4	5.2627e-10
929.6	5.2711e-10
929.8	5.2795e-10
930.0	5.2879e-10
930.2	5.2964e-10
930.4	5.3048e-10
930.6	5.3133e-10
930.8	5.3218e-10
931.0	5.3303e-10
931.2	5.3386e-10
931.4	5.3462e-10
931.6	5.3538e-10
931.8	5.3614e-10
932.0	5.3691e-10
932.2	5.3767e-10
932.4	5.3844e-10
932.6	5.3921e-10
932.8	5.3997e-10
933.0	5.4074e-10
933.2	5.4158e-10
933.4	5.4249e-10
933.6	5.4341e-10
933.8	5.4432e-10
934.0	5.4524e-10
934.2	5.4616e-10
934.4	5.4709e-10
934.6	5.4801e-10
934.8	5.4893e-10
935.0	5.4986e-10
935.2	6.1021e-10
935.4	7.2012e-10
935.6	8.4982e-10
935.8	1.0029e-09
936.0	1.1835e-09
936.2	1.3967e-09
936.4	1.6482e-09
936.6	1.9451e-09
936.8	2.2954e-09
937.0	2.7089e-09
937.2	3.5979e-09
937.4	4.9002e-09
937.6	6.6738e-09
937.8	9.0893e-09
938.0	1.2379e-08
938.2	1.686e-08
938.4	2.2962e-08
938.6	3.1273e-08
938.8	4.2591e-08
939.0	5.7969e-08
939.2	7.6921e-08
939.4	1.0207e-07
939.6	1.3544e-07
939.8	1.7971e-07
940.0	2.3846e-07
940.2	3.1642e-07
940.4	4.1987e-07
940.6	5.5713e-07
940.8	4.5993e-07
941.0	2.1586e-07
941.2	4.942e-07
941.4	7.2404e-07
941.6	1.7124e-07
941.8	6.7372e-07
942.0	5.6824e-07
942.2	1.6297e-07
942.4	6.3695e-07
942.6	5.1428e-07
942.8	5.8723e-07
943.0	5.2503e-07
943.2	7.4121e-07
943.4	8.0926e-07
943.6	1.3252e-06
943.8	1.3419e-06
944.0	1.3953e-06
944.2	1.2673e-06
944.4	2.3775e-06
944.6	2.3361e-06
944.8	2.3767e-06
945.0	2.7792e-06
945.2	4.3141e-06
945.4	4.493e-06
945.6	5.9633e-06
945.8	6.9508e-06
946.0	9.5014e-06
946.2	1.4247e-05
946.4	2.1978e-05
946.6	3.3172e-05
946.8	5.38e-05
947.0	9.3513e-05
947.2	1.991e-04
947.4	5.1147e-04
947.6	0.00219
947.8	0.00705
948.0	0.00456
948.2	0.00152
948.4	7.5349e-04
948.6	5.0678e-04
948.8	4.1325e-04
949.0	3.632e-04
949.2	3.3793e-04
949.4	3.4074e-04
949.6	3.5684e-04
949.8	3.8676e-04
950.0	4.4033e-04
950.2	5.3703e-04
950.4	6.5496e-04
950.6	7.9879e-04
950.8	0.00101
951.0	0.00144
951.2	0.00215
951.4	0.00333
951.6	0.00526
951.8	0.00739
952.0	0.00791
952.2	0.00629
952.4	0.00438
952.6	0.00305
952.8	0.0022
953.0	0.00168
953.2	0.00135
953.4	0.00114
953.6	9.8713e-04
953.8	8.7081e-04
954.0	8.0043e-04
954.2	7.5168e-04
954.4	7.1521e-04
954.6	6.9059e-04
954.8	6.7797e-04
955.0	6.8565e-04
955.2	7.0063e-04
955.4	7.1722e-04
955.6	7.4806e-04
955.8	7.9238e-04
956.0	8.559e-04
956.2	9.3193e-04
956.4	0.00102
956.6	0.00115
956.8	0.00131
957.0	0.0015
957.2	0.00176
957.4	0.00209
957.6	0.00253
957.8	0.00312
958.0	0.00385
958.2	0.00486
958.4	0.00606
958.6	0.0074
958.8	0.00858
959.0	0.00925
959.2	0.00915
959.4	0.00832
959.6	0.00726
959.8	0.00609
960.0	0.00508
960.2	0.00435
960.4	0.00373
960.6	0.00319
960.8	0.00274
961.0	0.00242
961.2	0.00222
961.4	0.00201
961.6	0.00184
961.8	0.00173
962.0	0.00162
962.2	0.00156
962.4	0.0015
962.6	0.00145
962.8	0.00142
963.0	0.0014
963.2	0.0014
963.4	0.00139
963.6	0.0014
963.8	0.00141
964.0	0.00145
964.2	0.00149
964.4	0.00155
964.6	0.00161
964.8	0.00168
965.0	0.00177
965.2	0.00187
965.4	0.00199
965.6	0.00213
965.8	0.0023
966.0	0.00251
966.2	0.00273
966.4	0.00297
966.6	0.00327
966.8	0.00362
967.0	0.00401
967.2	0.00444
967.4	0.00493
967.6	0.00547
967.8	0.00607
968.0	0.00668
968.2	0.00727
968.4	0.00778
968.6	0.00829
968.8	0.00864
969.0	0.00877
969.2	0.00885
969.4	0.00877
969.6	0.00847
969.8	0.00812
970.0	0.00778
970.2	0.00728
970.4	0.00682
970.6	0.00639
970.8	0.00603
971.0	0.0057
971.2	0.00538
971.4	0.00509
971.6	0.00485
971.8	0.00465
972.0	0.00447
972.2	0.00432
972.4	0.00418
972.6	0.00407
972.8	0.004
973.0	0.00389
973.2	0.00383
973.4	0.00379
973.6	0.00378
973.8	0.00377
974.0	0.00377
974.2	0.00378
974.4	0.00383
974.6	0.00388
974.8	0.00391
975.0	0.00398
975.2	0.0041
975.4	0.00419
975.6	0.00429
975.8	0.00442
976.0	0.00456
976.2	0.00474
976.4	0.0049
976.6	0.00504
976.8	0.00527
977.0	0.00552
977.2	0.00574
977.4	0.00595
977.6	0.00618
977.8	0.00649
978.0	0.00679
978.2	0.00698
978.4	0.00724
978.6	0.00755
978.8	0.0078
979.0	0.00801
979.2	0.00821
979.4	0.00845
979.6	0.00872
979.8	0.00891
980.0	0.00903
980.2	0.00911
980.4	0.0092
980.6	0.00928
980.8	0.00932
981.0	0.0093
981.2	0.00935
981.4	0.00931
981.6	0.00925
981.8	0.0092
982.0	0.00916
982.2	0.00915
982.4	0.00906
982.6	0.00891
982.8	0.0089
983.0	0.00888
983.2	0.00879
983.4	0.00873
983.6	0.00872
983.8	0.00873
984.0	0.00869
984.2	0.00866
984.4	0.00865
984.6	0.00868
984.8	0.00872
985.0	0.00872
985.2	0.00869
985.4	0.00878
985.6	0.00888
985.8	0.00886
986.0	0.0089
986.2	0.00899
986.4	0.00903
986.6	0.00912
986.8	0.00918
987.0	0.00923
987.2	0.00936
987.4	0.00949
987.6	0.00951
987.8	0.00959
988.0	0.00967
988.2	0.00975
988.4	0.00978
988.6	0.00984
988.8	0.0099
989.0	0.00996
989.2	0.00994
989.4	0.00993
989.6	0.00992
989.8	0.00996
990.0	0.00999
990.2	0.00993
990.4	0.00988
990.6	0.00982
990.8	0.00975
991.0	0.00967
991.2	0.00957
991.4	0.00955
991.6	0.00954
991.8	0.00943
992.0	0.00934
992.2	0.00924
992.4	0.00924
992.6	0.00913
992.8	0.00904
993.0	0.009
993.2	0.00895
993.4	0.00893
993.6	0.00885
993.8	0.00879
994.0	0.00878
994.2	0.00878
994.4	0.00872
994.6	0.00869
994.8	0.00872
995.0	0.0087
995.2	0.00873
995.4	0.00869
995.6	0.00869
995.8	0.00873
996.0	0.00881
996.2	0.00879
996.4	0.0088
996.6	0.00885
996.8	0.00897
997.0	0.00899
997.2	0.009
997.4	0.00907
997.6	0.00919
997.8	0.00924
998.0	0.00929
998.2	0.00929
998.4	0.00942
998.6	0.00952
998.8	0.00955
999.0	0.00958
999.2	0.00963
999.4	0.00972
999.6	0.00982
999.8	0.00979
1000.0	0.0098
1000.2	0.00987
1000.4	0.00991
1000.6	0.00992
1000.8	0.00987
1001.0	0.00986
1001.2	0.00985
1001.4	0.00988
1001.6	0.00979
1001.8	0.00974
1002.0	0.00974
1002.2	0.00972
1002.4	0.00963
1002.6	0.0095
1002.8	0.00942
1003.0	0.00941
1003.2	0.00938
1003.4	0.00923
1003.6	0.00911
1003.8	0.00907
1004.0	0.00906
1004.2	0.00894
1004.4	0.00883
1004.6	0.00873
1004.8	0.00871
1005.0	0.00873
1005.2	0.00897
1005.4	0.00893
1005.6	0.00889
1005.8	0.00881
1006.0	0.0087
1006.2	0.00871
1006.4	0.00876
1006.6	0.00871
1006.8	0.00868
1007.0	0.00862
1007.2	0.00868
1007.4	0.00872
1007.6	0.00865
1007.8	0.00866
1008.0	0.00871
1008.2	0.00877
1008.4	0.00879
1008.6	0.00881
1008.8	0.00882
1009.0	0.00893
1009.2	0.00897
1009.4	0.00904
1009.6	0.0091
1009.8	0.00915
1010.0	0.00929
1010.2	0.00938
1010.4	0.00942
1010.6	0.00947
1010.8	0.00959
1011.0	0.00972
1011.2	0.00981
1011.4	0.00982
1011.6	0.00988
1011.8	0.01004
1012.0	0.01014
1012.2	0.01018
1012.4	0.01021
1012.6	0.01027
1012.8	0.01042
1013.0	0.01045
1013.2	0.01049
1013.4	0.01047
1013.6	0.01053
1013.8	0.0106
1014.0	0.01059
1014.2	0.01053
1014.4	0.01054
1014.6	0.0106
1014.8	0.01059
1015.0	0.01045
1015.2	0.01042
1015.4	0.01042
1015.6	0.01038
1015.8	0.01027
1016.0	0.01018
1016.2	0.01012
1016.4	0.01005
1016.6	0.01
1016.8	0.00988
1017.0	0.00978
1017.2	0.00971
1017.4	0.00962
1017.6	0.00957
1017.8	0.00944
1018.0	0.00936
1018.2	0.0093
1018.4	0.00924
1018.6	0.00913
1018.8	0.00903
1019.0	0.00898
1019.2	0.00901
1019.4	0.00888
1019.6	0.00882
1019.8	0.00879
1020.0	0.00877
1020.2	0.00875
1020.4	0.0087
1020.6	0.00865
1020.8	0.00865
1021.0	0.00867
1021.2	0.00872
1021.4	0.00869
1021.6	0.00863
1021.8	0.00869
1022.0	0.0088
1022.2	0.0088
1022.4	0.0088
1022.6	0.00881
1022.8	0.00892
1023.0	0.00906
1023.2	0.00907
1023.4	0.00905
1023.6	0.00921
1023.8	0.00933
1024.0	0.00946
1024.2	0.00946
1024.4	0.00956
1024.6	0.00962
1024.8	0.00982
1025.0	0.01004
1025.2	0.01035
1025.4	0.01047
1025.6	0.0106
1025.8	0.01078
1026.0	0.01085
1026.2	0.01087
1026.4	0.01105
1026.6	0.01119
1026.8	0.01127
1027.0	0.01128
1027.2	0.0113
1027.4	0.01138
1027.6	0.0115
1027.8	0.01151
1028.0	0.01146
1028.2	0.01144
1028.4	0.01149
1028.6	0.01151
1028.8	0.01147
1029.0	0.01133
1029.2	0.01129
1029.4	0.01122
1029.6	0.01115
1029.8	0.01102
1030.0	0.01087
1030.2	0.01074
1030.4	0.01068
1030.6	0.01055
1030.8	0.01038
1031.0	0.01016
1031.2	0.01006
1031.4	0.00995
1031.6	0.0098
1031.8	0.0096
1032.0	0.00942
1032.2	0.00928
1032.4	0.00919
1032.6	0.00901
1032.8	0.00883
1033.0	0.00868
1033.2	0.00857
1033.4	0.00847
1033.6	0.00836
1033.8	0.00822
1034.0	0.00808
1034.2	0.00802
1034.4	0.00796
1034.6	0.00782
1034.8	0.00772
1035.0	0.00764
1035.2	0.00757
1035.4	0.00754
1035.6	0.00748
1035.8	0.00739
1036.0	0.00734
1036.2	0.00737
1036.4	0.00735
1036.6	0.00733
1036.8	0.00726
1037.0	0.00726
1037.2	0.00733
1037.4	0.00733
1037.6	0.00733
1037.8	0.00732
1038.0	0.00736
1038.2	0.00741
1038.4	0.00746
1038.6	0.00747
1038.8	0.00753
1039.0	0.00762
1039.2	0.00768
1039.4	0.00776
1039.6	0.00783
1039.8	0.00791
1040.0	0.00803
1040.2	0.00815
1040.4	0.00823
1040.6	0.00833
1040.8	0.00845
1041.0	0.00859
1041.2	0.00873
1041.4	0.00884
1041.6	0.00898
1041.8	0.0091
1042.0	0.00927
1042.2	0.00947
1042.4	0.0096
1042.6	0.00974
1042.8	0.00992
1043.0	0.01005
1043.2	0.01021
1043.4	0.01038
1043.6	0.01051
1043.8	0.01066
1044.0	0.01082
1044.2	0.01098
1044.4	0.01107
1044.6	0.01119
1044.8	0.01131
1045.0	0.01136
1045.2	0.01135
1045.4	0.01142
1045.6	0.01148
1045.8	0.01154
1046.0	0.01157
1046.2	0.01154
1046.4	0.01151
1046.6	0.01149
1046.8	0.01146
1047.0	0.01139
1047.2	0.01132
1047.4	0.01123
1047.6	0.01114
1047.8	0.01106
1048.0	0.01096
1048.2	0.0108
1048.4	0.01067
1048.6	0.01058
1048.8	0.01048
1049.0	0.01032
1049.2	0.01017
1049.4	0.01006
1049.6	0.00994
1049.8	0.00983
1050.0	0.00972
1050.2	0.00957
1050.4	0.00942
1050.6	0.00933
1050.8	0.00924
1051.0	0.00917
1051.2	0.00911
1051.4	0.00901
1051.6	0.00891
1051.8	0.00886
1052.0	0.00881
1052.2	0.00873
1052.4	0.00864
1052.6	0.00861
1052.8	0.00859
1053.0	0.00856
1053.2	0.00854
1053.4	0.00852
1053.6	0.0085
1053.8	0.00853
1054.0	0.00856
1054.2	0.00858
1054.4	0.00859
1054.6	0.00866
1054.8	0.00874
1055.0	0.00877
1055.2	0.00878
1055.4	0.00883
1055.6	0.0089
1055.8	0.00899
1056.0	0.0091
1056.2	0.00919
1056.4	0.00929
1056.6	0.00941
1056.8	0.00954
1057.0	0.00966
1057.2	0.00979
1057.4	0.00994
1057.6	0.01009
1057.8	0.01025
1058.0	0.01042
1058.2	0.01053
1058.4	0.01061
1058.6	0.01073
1058.8	0.0109
1059.0	0.01104
1059.2	0.01115
1059.4	0.01124
1059.6	0.01131
1059.8	0.01137
1060.0	0.01142
1060.2	0.01144
1060.4	0.0114
1060.6	0.01138
1060.8	0.01138
1061.0	0.01134
1061.2	0.0112
1061.4	0.01107
1061.6	0.01095
1061.8	0.01081
1062.0	0.01065
1062.2	0.01046
1062.4	0.01022
1062.6	0.00999
1062.8	0.00976
1063.0	0.00952
1063.2	0.00923
1063.4	0.00893
1063.6	0.00862
1063.8	0.00833
1064.0	0.00811
1064.2	0.00788
1064.4	0.00759
1064.6	0.00731
1064.8	0.00711
1065.0	0.00674
1065.2	0.00636
1065.4	0.00616
1065.6	0.00596
1065.8	0.00575
1066.0	0.00555
1066.2	0.00536
1066.4	0.00519
1066.6	0.00503
1066.8	0.00488
1067.0	0.00473
1067.2	0.00457
1067.4	0.00442
1067.6	0.00428
1067.8	0.00414
1068.0	0.00402
1068.2	0.00392
1068.4	0.00382
1068.6	0.00372
1068.8	0.00362
1069.0	0.00353
1069.2	0.00345
1069.4	0.00338
1069.6	0.0033
1069.8	0.00322
1070.0	0.00315
1070.2	0.0031
1070.4	0.00304
1070.6	0.003
1070.8	0.00295
1071.0	0.00291
1071.2	0.00288
1071.4	0.00285
1071.6	0.00281
1071.8	0.00278
1072.0	0.00275
1072.2	0.00273
1072.4	0.00271
1072.6	0.00267
1072.8	0.00264
1073.0	0.00264
1073.2	0.00264
1073.4	0.00264
1073.6	0.00263
1073.8	0.00262
1074.0	0.00264
1074.2	0.00266
1074.4	0.00267
1074.6	0.00267
1074.8	0.00267
1075.0	0.00269
1075.2	0.00272
1075.4	0.00274
1075.6	0.00276
1075.8	0.00279
1076.0	0.00283
1076.2	0.00287
1076.4	0.0029
1076.6	0.00293
1076.8	0.00298
1077.0	0.00305
1077.2	0.00313
1077.4	0.00317
1077.6	0.00322
1077.8	0.00328
1078.0	0.00336
1078.2	0.00343
1078.4	0.00351
1078.6	0.0036
1078.8	0.0037
1079.0	0.00381
1079.2	0.00392
1079.4	0.00404
1079.6	0.00416
1079.8	0.00429
1080.0	0.00444
1080.2	0.00459
1080.4	0.00476
1080.6	0.00494
1080.8	0.00513
1081.0	0.00533
1081.2	0.00554
1081.4	0.00575
1081.6	0.00597
1081.8	0.00622
1082.0	0.00649
1082.2	0.00676
1082.4	0.00703
1082.6	0.00731
1082.8	0.00762
1083.0	0.00794
1083.2	0.00825
1083.4	0.00857
1083.6	0.00891
1083.8	0.00927
1084.0	0.00965
1084.2	0.00991
1084.4	0.01018
1084.6	0.01044
1084.8	0.01069
1085.0	0.01093
1085.2	0.01108
1085.4	0.01123
1085.6	0.01131
1085.8	0.01136
1086.0	0.01138
1086.2	0.01128
1086.4	0.0112
1086.6	0.01104
1086.8	0.01087
1087.0	0.01067
1087.2	0.01041
1087.4	0.01016
1087.6	0.00983
1087.8	0.00951
1088.0	0.00921
1088.2	0.00892
1088.4	0.00862
1088.6	0.00827
1088.8	0.00794
1089.0	0.00766
1089.2	0.00741
1089.4	0.00715
1089.6	0.00688
1089.8	0.00662
1090.0	0.00626
1090.2	0.00592
1090.4	0.00574
1090.6	0.00557
1090.8	0.00535
1091.0	0.00514
1091.2	0.00498
1091.4	0.00485
1091.6	0.00471
1091.8	0.00456
1092.0	0.00441
1092.2	0.00428
1092.4	0.00415
1092.6	0.00402
1092.8	0.0039
1093.0	0.00379
1093.2	0.00369
1093.4	0.0036
1093.6	0.00352
1093.8	0.00346
1094.0	0.0034
1094.2	0.00332
1094.4	0.00325
1094.6	0.00318
1094.8	0.00312
1095.0	0.00307
1095.2	0.00304
1095.4	0.00302
1095.6	0.00297
1095.8	0.00292
1096.0	0.00288
1096.2	0.00284
1096.4	0.00281
1096.6	0.0028
1096.8	0.00279
1097.0	0.00277
1097.2	0.00275
1097.4	0.00274
1097.6	0.00272
1097.8	0.00271
1098.0	0.0027
1098.2	0.0027
1098.4	0.0027
1098.6	0.00271
1098.8	0.00272
1099.0	0.00273
1099.2	0.00274
1099.4	0.00275
1099.6	0.00277
1099.8	0.00278
1100.0	0.00282
1100.2	0.00286
1100.4	0.00288
1100.6	0.00288
1100.8	0.00289
1101.0	0.00292
1101.2	0.00295
1101.4	0.003
1101.6	0.00306
1101.8	0.00312
1102.0	0.00318
1102.2	0.00324
1102.4	0.0033
1102.6	0.00335
1102.8	0.0034
1103.0	0.00348
1103.2	0.00355
1103.4	0.00362
1103.6	0.0037
1103.8	0.00378
1104.0	0.00388
1104.2	0.00398
1104.4	0.00409
1104.6	0.0042
1104.8	0.00431
1105.0	0.0044
1105.2	0.00451
1105.4	0.00464
1105.6	0.00477
1105.8	0.00496
1106.0	0.00518
1106.2	0.00537
1106.4	0.00553
1106.6	0.00569
1106.8	0.00587
1107.0	0.00606
1107.2	0.00627
1107.4	0.0065
1107.6	0.00673
1107.8	0.00696
1108.0	0.0072
1108.2	0.00752
1108.4	0.00789
1108.6	0.00825
1108.8	0.00854
1109.0	0.00884
1109.2	0.00912
1109.4	0.0094
1109.6	0.00971
1109.8	0.01007
1110.0	0.01045
1110.2	0.0109
1110.4	0.01137
1110.6	0.01176
1110.8	0.01208
1111.0	0.01242
1111.2	0.01281
1111.4	0.01321
1111.6	0.01355
1111.8	0.01387
1112.0	0.01419
1112.2	0.01453
1112.4	0.01487
1112.6	0.01511
1112.8	0.01535
1113.0	0.01558
1113.2	0.01581
1113.4	0.01603
1113.6	0.01614
1113.8	0.01625
1114.0	0.01639
1114.2	0.01654
1114.4	0.01666
1114.6	0.01666
1114.8	0.01666
1115.0	0.01656
1115.2	0.01644
1115.4	0.01634
1115.6	0.0163
1115.8	0.01626
1116.0	0.01612
1116.2	0.01598
1116.4	0.01588
1116.6	0.01584
1116.8	0.01579
1117.0	0.01574
1117.2	0.01568
1117.4	0.01551
1117.6	0.0153
1117.8	0.01513
1118.0	0.01507
1118.2	0.01501
1118.4	0.01492
1118.6	0.01481
1118.8	0.01471
1119.0	0.01462
1119.2	0.01454
1119.4	0.01456
1119.6	0.01458
1119.8	0.01455
1120.0	0.01447
1120.2	0.01442
1120.4	0.01447
1120.6	0.01451
1120.8	0.01409
1121.0	0.01355
1121.2	0.01365
1121.4	0.01374
1121.6	0.01384
1121.8	0.01394
1122.0	0.01404
1122.2	0.01424
1122.4	0.01443
1122.6	0.01464
1122.8	0.01484
1123.0	0.01505
1123.2	0.01531
1123.4	0.01557
1123.6	0.01584
1123.8	0.01612
1124.0	0.0164
1124.2	0.01679
1124.4	0.0172
1124.6	0.01761
1124.8	0.01804
1125.0	0.01848
1125.2	0.0191
1125.4	0.01975
1125.6	0.02042
1125.8	0.02111
1126.0	0.02183
1126.2	0.02277
1126.4	0.02375
1126.6	0.02477
1126.8	0.02584
1127.0	0.02696
1127.2	0.02843
1127.4	0.02997
1127.6	0.0316
1127.8	0.03331
1128.0	0.03514
1128.2	0.03754
1128.4	0.04011
1128.6	0.04285
1128.8	0.04578
1129.0	0.04892
1129.2	0.05304
1129.4	0.05751
1129.6	0.06236
1129.8	0.06762
1130.0	0.07336
1130.2	0.0805
1130.4	0.08834
1130.6	0.09695
1130.8	0.10639
1131.0	0.11678
1131.2	0.12901
1131.4	0.14252
1131.6	0.15745
1131.8	0.17395
1132.0	0.1921
1132.2	0.20483
1132.4	0.2184
1132.6	0.23287
1132.8	0.24829
1133.0	0.26391
1133.2	0.25724
1133.4	0.25074
1133.6	0.24441
1133.8	0.23823
1134.0	0.23192
1134.2	0.21249
1134.4	0.19468
1134.6	0.17837
1134.8	0.16342
1135.0	0.14967
1135.2	0.136
1135.4	0.12357
1135.6	0.11228
1135.8	0.10202
1136.0	0.09274
1136.2	0.08554
1136.4	0.07889
1136.6	0.07276
1136.8	0.06711
1137.0	0.06191
1137.2	0.05788
1137.4	0.05411
1137.6	0.05059
1137.8	0.04729
1138.0	0.04424
1138.2	0.04193
1138.4	0.03975
1138.6	0.03767
1138.8	0.03571
1139.0	0.03385
1139.2	0.03244
1139.4	0.03108
1139.6	0.02978
1139.8	0.02854
1140.0	0.02736
1140.2	0.02644
1140.4	0.02555
1140.6	0.02469
1140.8	0.02385
1141.0	0.02306
1141.2	0.02246
1141.4	0.02187
1141.6	0.0213
1141.8	0.02074
1142.0	0.0202
1142.2	0.0198
1142.4	0.0194
1142.6	0.01901
1142.8	0.01863
1143.0	0.01826
1143.2	0.01802
1143.4	0.01778
1143.6	0.01754
1143.8	0.0173
1144.0	0.01707
1144.2	0.01693
1144.4	0.01679
1144.6	0.01665
1144.8	0.01651
1145.0	0.01638
1145.2	0.01635
1145.4	0.01631
1145.6	0.01628
1145.8	0.01625
1146.0	0.01622
1146.2	0.01625
1146.4	0.01629
1146.6	0.01632
1146.8	0.01636
1147.0	0.0164
1147.2	0.01649
1147.4	0.01659
1147.6	0.01668
1147.8	0.01678
1148.0	0.01687
1148.2	0.01706
1148.4	0.01725
1148.6	0.01743
1148.8	0.01762
1149.0	0.01782
1149.2	0.01811
1149.4	0.0184
1149.6	0.01869
1149.8	0.01899
1150.0	0.0193
1150.2	0.01974
1150.4	0.02018
1150.6	0.02064
1150.8	0.02111
1151.0	0.02158
1151.2	0.02213
1151.4	0.02269
1151.6	0.02326
1151.8	0.02385
1152.0	0.02446
1152.2	0.02517
1152.4	0.0259
1152.6	0.02665
1152.8	0.02742
1153.0	0.02822
1153.2	0.0292
1153.4	0.03022
1153.6	0.03127
1153.8	0.03237
1154.0	0.0335
1154.2	0.03486
1154.4	0.03628
1154.6	0.03775
1154.8	0.03929
1155.0	0.04089
1155.2	0.04279
1155.4	0.04477
1155.6	0.04685
1155.8	0.04902
1156.0	0.0513
1156.2	0.05384
1156.4	0.05651
1156.6	0.05931
1156.8	0.06225
1157.0	0.06534
1157.2	0.06864
1157.4	0.07211
1157.6	0.07576
1157.8	0.07959
1158.0	0.08361
1158.2	0.08797
1158.4	0.09255
1158.6	0.09738
1158.8	0.10246
1159.0	0.10779
1159.2	0.11286
1159.4	0.11816
1159.6	0.12371
1159.8	0.12952
1160.0	0.13555
1160.2	0.1406
1160.4	0.14583
1160.6	0.15127
1160.8	0.1569
1161.0	0.16262
1161.2	0.16582
1161.4	0.16908
1161.6	0.1724
1161.8	0.1758
1162.0	0.17912
1162.2	0.17914
1162.4	0.17916
1162.6	0.17918
1162.8	0.1792
1163.0	0.17911
1163.2	0.17654
1163.4	0.17401
1163.6	0.17152
1163.8	0.16907
1164.0	0.16659
1164.2	0.16288
1164.4	0.15925
1164.6	0.1557
1164.8	0.15223
1165.0	0.14882
1165.2	0.14527
1165.4	0.14181
1165.6	0.13842
1165.8	0.13512
1166.0	0.13191
1166.2	0.12914
1166.4	0.12643
1166.6	0.12378
1166.8	0.12118
1167.0	0.11865
1167.2	0.11652
1167.4	0.11443
1167.6	0.11238
1167.8	0.11036
1168.0	0.1084
1168.2	0.10693
1168.4	0.10549
1168.6	0.10406
1168.8	0.10265
1169.0	0.10128
1169.2	0.10031
1169.4	0.09935
1169.6	0.0984
1169.8	0.09745
1170.0	0.09655
1170.2	0.09616
1170.4	0.09578
1170.6	0.09539
1170.8	0.09501
1171.0	0.09463
1171.2	0.09477
1171.4	0.09491
1171.6	0.09504
1171.8	0.09518
1172.0	0.09532
1172.2	0.09596
1172.4	0.09661
1172.6	0.09726
1172.8	0.09792
1173.0	0.09859
1173.2	0.09971
1173.4	0.10085
1173.6	0.102
1173.8	0.10316
1174.0	0.10435
1174.2	0.10595
1174.4	0.10757
1174.6	0.10921
1174.8	0.11088
1175.0	0.1126
1175.2	0.11485
1175.4	0.11715
1175.6	0.11949
1175.8	0.12188
1176.0	0.12435
1176.2	0.12757
1176.4	0.13088
1176.6	0.13428
1176.8	0.13776
1177.0	0.14134
1177.2	0.14563
1177.4	0.15004
1177.6	0.1546
1177.8	0.15928
1178.0	0.16413
1178.2	0.16981
1178.4	0.17569
1178.6	0.18178
1178.8	0.18808
1179.0	0.1946
1179.2	0.20182
1179.4	0.2093
1179.6	0.21706
1179.8	0.2251
1180.0	0.23348
1180.2	0.24294
1180.4	0.25278
1180.6	0.26303
1180.8	0.27369
1181.0	0.28479
1181.2	0.29668
1181.4	0.30905
1181.6	0.32195
1181.8	0.33538
1182.0	0.34936
1182.2	0.36313
1182.4	0.37745
1182.6	0.39233
1182.8	0.4078
1183.0	0.4238
1183.2	0.43787
1183.4	0.4524
1183.6	0.46742
1183.8	0.48293
1184.0	0.4987
1184.2	0.50936
1184.4	0.52024
1184.6	0.53136
1184.8	0.54271
1185.0	0.5542
1185.2	0.55879
1185.4	0.56341
1185.6	0.56807
1185.8	0.57277
1186.0	0.57732
1186.2	0.57599
1186.4	0.57465
1186.6	0.57332
1186.8	0.57199
1187.0	0.57045
1187.2	0.56417
1187.4	0.55796
1187.6	0.55182
1187.8	0.54574
1188.0	0.5397
1188.2	0.53173
1188.4	0.52386
1188.6	0.51612
1188.8	0.50849
1189.0	0.50092
1189.2	0.49189
1189.4	0.48303
1189.6	0.47432
1189.8	0.46577
1190.0	0.45741
1190.2	0.4499
1190.4	0.44251
1190.6	0.43525
1190.8	0.4281
1191.0	0.4211
1191.2	0.41577
1191.4	0.4105
1191.6	0.4053
1191.8	0.40016
1192.0	0.39518
1192.2	0.39217
1192.4	0.38919
1192.6	0.38624
1192.8	0.3833
1193.0	0.3804
1193.2	0.37822
1193.4	0.37606
1193.6	0.37391
1193.8	0.37176
1194.0	0.36968
1194.2	0.36865
1194.4	0.36762
1194.6	0.36659
1194.8	0.36557
1195.0	0.36458
1195.2	0.36514
1195.4	0.36571
1195.6	0.36628
1195.8	0.36685
1196.0	0.36749
1196.2	0.37004
1196.4	0.37261
1196.6	0.3752
1196.8	0.37781
1197.0	0.38044
1197.2	0.38349
1197.4	0.38656
1197.6	0.38966
1197.8	0.39278
1198.0	0.39593
1198.2	0.39899
1198.4	0.40207
1198.6	0.40518
1198.8	0.40831
1199.0	0.41148
1199.2	0.41613
1199.4	0.42083
1199.6	0.42559
1199.8	0.43039
1200.0	0.43526
