LIMITED MEASUREMENT RANGE
Typical Measured Spectrum of Semrock FF01-716/43 Optical Filter	
Values near or below 1e-6 are measurement noise limited.	
Data format:  Wavelength (nm) <tab> Transmission (0 to 1)
450.0	0.01387
450.2	0.01398
450.4	0.01409
450.6	0.0142
450.8	0.01432
451.0	0.01443
451.2	0.01454
451.4	0.01466
451.6	0.01477
451.8	0.01489
452.0	0.01501
452.2	0.01522
452.4	0.01551
452.6	0.01581
452.8	0.01611
453.0	0.01641
453.2	0.01673
453.4	0.01705
453.6	0.01737
453.8	0.0177
454.0	0.01804
454.2	0.01805
454.4	0.01779
454.6	0.01753
454.8	0.01728
455.0	0.01703
455.2	0.01678
455.4	0.01654
455.6	0.0163
455.8	0.01606
456.0	0.01583
456.2	0.015
456.4	0.01375
456.6	0.01261
456.8	0.01156
457.0	0.0106
457.2	0.00971
457.4	0.00891
457.6	0.00816
457.8	0.00749
458.0	0.00686
458.2	0.00585
458.4	0.00469
458.6	0.00376
458.8	0.00301
459.0	0.00241
459.2	0.00194
459.4	0.00155
459.6	0.00124
459.8	9.9716e-04
460.0	7.9936e-04
460.2	7.1157e-04
460.4	6.9159e-04
460.6	6.7217e-04
460.8	6.5329e-04
461.0	6.3494e-04
461.2	6.1711e-04
461.4	5.9978e-04
461.6	5.8294e-04
461.8	5.6657e-04
462.0	5.5066e-04
462.2	5.2359e-04
462.4	4.8872e-04
462.6	4.5616e-04
462.8	4.2578e-04
463.0	3.9742e-04
463.2	3.7094e-04
463.4	3.4624e-04
463.6	3.2317e-04
463.8	3.0165e-04
464.0	2.8155e-04
464.2	2.4021e-04
464.4	1.8983e-04
464.6	1.5002e-04
464.8	1.1856e-04
465.0	9.3693e-05
465.2	7.4043e-05
465.4	5.8514e-05
465.6	4.6242e-05
465.8	3.6544e-05
466.0	2.888e-05
466.2	2.2758e-05
466.4	1.7889e-05
466.6	1.4063e-05
466.8	1.1054e-05
467.0	8.6896e-06
467.2	6.8307e-06
467.4	5.3695e-06
467.6	4.2209e-06
467.8	3.318e-06
468.0	2.6082e-06
468.2	2.4531e-06
468.4	2.6951e-06
468.6	2.9609e-06
468.8	3.2528e-06
469.0	3.5736e-06
469.2	3.9261e-06
469.4	4.3132e-06
469.6	4.7386e-06
469.8	5.2059e-06
470.0	5.7193e-06
470.2	6.0305e-06
470.4	6.1348e-06
470.6	6.241e-06
470.8	6.3489e-06
471.0	6.4587e-06
471.2	6.5705e-06
471.4	6.6841e-06
471.6	6.7997e-06
471.8	6.9173e-06
472.0	7.037e-06
472.2	6.7806e-06
472.4	6.2291e-06
472.6	5.7224e-06
472.8	5.2569e-06
473.0	4.8293e-06
473.2	4.4365e-06
473.4	4.0756e-06
473.6	3.7441e-06
473.8	3.4395e-06
474.0	3.1597e-06
474.2	2.464e-06
474.4	1.6617e-06
474.6	1.1206e-06
474.8	7.5572e-07
475.0	5.0964e-07
475.2	3.4369e-07
475.4	2.3178e-07
475.6	1.563e-07
475.8	1.0541e-07
476.0	7.1085e-08
476.2	6.069e-08
476.4	6.3974e-08
476.6	6.7437e-08
476.8	7.1087e-08
477.0	7.4935e-08
477.2	7.8991e-08
477.4	8.3267e-08
477.6	8.7774e-08
477.8	9.2525e-08
478.0	9.7533e-08
478.2	1.0e-07
478.4	1.0e-07
478.6	1.0e-07
478.8	1.0e-07
479.0	1.0e-07
479.2	1.0e-07
479.4	1.0e-07
479.6	1.0e-07
479.8	1.0e-07
480.0	1.0e-07
480.2	9.613e-08
480.4	8.9156e-08
480.6	8.2688e-08
480.8	7.6689e-08
481.0	7.1125e-08
481.2	6.5965e-08
481.4	6.118e-08
481.6	5.6741e-08
481.8	5.2625e-08
482.0	4.8807e-08
482.2	5.2304e-08
482.4	6.398e-08
482.6	7.8262e-08
482.8	9.5732e-08
483.0	1.171e-07
483.2	1.4324e-07
483.4	1.7522e-07
483.6	2.1433e-07
483.8	2.6218e-07
484.0	3.2071e-07
484.2	3.6038e-07
484.4	3.7447e-07
484.6	3.8911e-07
484.8	4.0433e-07
485.0	4.2014e-07
485.2	4.3656e-07
485.4	4.5363e-07
485.6	4.7137e-07
485.8	4.898e-07
486.0	5.0894e-07
486.2	5.1589e-07
486.4	5.1102e-07
486.6	5.0619e-07
486.8	5.0141e-07
487.0	4.9667e-07
487.2	4.9197e-07
487.4	4.8732e-07
487.6	4.8272e-07
487.8	4.7816e-07
488.0	4.7364e-07
488.2	4.7323e-07
488.4	4.7668e-07
488.6	4.8014e-07
488.8	4.8364e-07
489.0	4.8715e-07
489.2	4.907e-07
489.4	4.9427e-07
489.6	4.9786e-07
489.8	5.0148e-07
490.0	5.0513e-07
490.2	4.833e-07
490.4	4.4048e-07
490.6	4.0145e-07
490.8	3.6588e-07
491.0	3.3346e-07
491.2	3.0392e-07
491.4	2.7699e-07
491.6	2.5245e-07
491.8	2.3008e-07
492.0	2.097e-07
492.2	1.9341e-07
492.4	1.8042e-07
492.6	1.6831e-07
492.8	1.57e-07
493.0	1.4646e-07
493.2	1.3663e-07
493.4	1.2745e-07
493.6	1.1889e-07
493.8	1.1091e-07
494.0	1.0346e-07
494.2	1.0e-07
494.4	1.0e-07
494.6	1.0e-07
494.8	1.0e-07
495.0	1.0e-07
495.2	1.0e-07
495.4	1.0e-07
495.6	1.0e-07
495.8	1.0e-07
496.0	1.0e-07
496.2	1.0e-07
496.4	1.0e-07
496.6	1.0e-07
496.8	1.0e-07
497.0	1.0e-07
497.2	1.0e-07
497.4	1.0e-07
497.6	1.0e-07
497.8	1.0e-07
498.0	1.0e-07
498.2	8.9745e-08
498.4	7.2474e-08
498.6	5.8526e-08
498.8	4.7263e-08
499.0	3.8168e-08
499.2	3.0822e-08
499.4	2.4891e-08
499.6	2.0101e-08
499.8	1.6232e-08
500.0	1.3109e-08
500.2	1.3094e-08
500.4	1.6119e-08
500.6	1.9844e-08
500.8	2.443e-08
501.0	3.0075e-08
501.2	3.7025e-08
501.4	4.5581e-08
501.6	5.6114e-08
501.8	6.9081e-08
502.0	8.5044e-08
502.2	8.9782e-08
502.4	8.1393e-08
502.6	7.3788e-08
502.8	6.6894e-08
503.0	6.0644e-08
503.2	5.4977e-08
503.4	4.9841e-08
503.6	4.5184e-08
503.8	4.0962e-08
504.0	3.7135e-08
504.2	3.7245e-08
504.4	4.1325e-08
504.6	4.5852e-08
504.8	5.0874e-08
505.0	5.6447e-08
505.2	6.263e-08
505.4	6.949e-08
505.6	7.7102e-08
505.8	8.5548e-08
506.0	9.4919e-08
506.2	9.9705e-08
506.4	9.9114e-08
506.6	9.8528e-08
506.8	9.7945e-08
507.0	9.7365e-08
507.2	9.6789e-08
507.4	9.6216e-08
507.6	9.5646e-08
507.8	9.508e-08
508.0	9.4517e-08
508.2	9.6531e-08
508.4	1.0133e-07
508.6	1.0636e-07
508.8	1.1165e-07
509.0	1.172e-07
509.2	1.2302e-07
509.4	1.2913e-07
509.6	1.3555e-07
509.8	1.4229e-07
510.0	1.4936e-07
510.2	1.4988e-07
510.4	1.4363e-07
510.6	1.3765e-07
510.8	1.3191e-07
511.0	1.2642e-07
511.2	1.2115e-07
511.4	1.161e-07
511.6	1.1126e-07
511.8	1.0663e-07
512.0	1.0218e-07
512.2	1.0e-07
512.4	1.0e-07
512.6	1.0e-07
512.8	1.0e-07
513.0	1.0e-07
513.2	1.0e-07
513.4	1.0e-07
513.6	1.0e-07
513.8	1.0e-07
514.0	1.0e-07
514.2	9.7427e-08
514.4	9.2383e-08
514.6	8.76e-08
514.8	8.3064e-08
515.0	7.8764e-08
515.2	7.4686e-08
515.4	7.0819e-08
515.6	6.7152e-08
515.8	6.3676e-08
516.0	6.0379e-08
516.2	5.812e-08
516.4	5.6833e-08
516.6	5.5575e-08
516.8	5.4345e-08
517.0	5.3141e-08
517.2	5.1965e-08
517.4	5.0814e-08
517.6	4.9689e-08
517.8	4.8589e-08
518.0	4.7514e-08
518.2	4.8729e-08
518.4	5.2553e-08
518.6	5.6677e-08
518.8	6.1125e-08
519.0	6.5922e-08
519.2	7.1095e-08
519.4	7.6674e-08
519.6	8.2691e-08
519.8	8.9181e-08
520.0	9.618e-08
520.2	1.0e-07
520.4	1.0e-07
520.6	1.0e-07
520.8	1.0e-07
521.0	1.0e-07
521.2	1.0e-07
521.4	1.0e-07
521.6	1.0e-07
521.8	1.0e-07
522.0	1.0e-07
522.2	1.0e-07
522.4	1.0e-07
522.6	1.0e-07
522.8	1.0e-07
523.0	1.0e-07
523.2	1.0e-07
523.4	1.0e-07
523.6	1.0e-07
523.8	1.0e-07
524.0	1.0e-07
524.2	1.0e-07
524.4	1.0e-07
524.6	1.0e-07
524.8	1.0e-07
525.0	1.0e-07
525.2	1.0e-07
525.4	1.0e-07
525.6	1.0e-07
525.8	1.0e-07
526.0	1.0e-07
526.2	1.0e-07
526.4	1.0e-07
526.6	1.0e-07
526.8	1.0e-07
527.0	1.0e-07
527.2	1.0e-07
527.4	1.0e-07
527.6	1.0e-07
527.8	1.0e-07
528.0	1.0e-07
528.2	1.0e-07
528.4	1.0e-07
528.6	1.0e-07
528.8	1.0e-07
529.0	1.0e-07
529.2	1.0e-07
529.4	1.0e-07
529.6	1.0e-07
529.8	1.0e-07
530.0	1.0e-07
530.2	1.0e-07
530.4	1.0e-07
530.6	1.0e-07
530.8	1.0e-07
531.0	1.0e-07
531.2	1.0e-07
531.4	1.0e-07
531.6	1.0e-07
531.8	1.0e-07
532.0	1.0e-07
532.2	1.0e-07
532.4	1.0e-07
532.6	1.0e-07
532.8	1.0e-07
533.0	1.0e-07
533.2	1.0e-07
533.4	1.0e-07
533.6	1.0e-07
533.8	1.0e-07
534.0	1.0e-07
534.2	1.0e-07
534.4	1.0e-07
534.6	1.0e-07
534.8	1.0e-07
535.0	1.0e-07
535.2	1.0e-07
535.4	1.0e-07
535.6	1.0e-07
535.8	1.0e-07
536.0	1.0e-07
536.2	1.0e-07
536.4	1.0e-07
536.6	1.0e-07
536.8	1.0e-07
537.0	1.0e-07
537.2	1.0e-07
537.4	1.0e-07
537.6	1.0e-07
537.8	1.0e-07
538.0	1.0e-07
538.2	1.0e-07
538.4	1.0e-07
538.6	1.0e-07
538.8	1.0e-07
539.0	1.0e-07
539.2	1.0e-07
539.4	1.0e-07
539.6	1.0e-07
539.8	1.0e-07
540.0	1.0e-07
540.2	1.0e-07
540.4	1.0e-07
540.6	1.0e-07
540.8	1.0e-07
541.0	1.0e-07
541.2	1.0e-07
541.4	1.0e-07
541.6	1.0e-07
541.8	1.0e-07
542.0	1.0e-07
542.2	1.0e-07
542.4	1.0e-07
542.6	1.0e-07
542.8	1.0e-07
543.0	1.0e-07
543.2	1.0e-07
543.4	1.0e-07
543.6	1.0e-07
543.8	1.0e-07
544.0	1.0e-07
544.2	1.0e-07
544.4	1.0e-07
544.6	1.0e-07
544.8	1.0e-07
545.0	1.0e-07
545.2	1.0e-07
545.4	1.0e-07
545.6	1.0e-07
545.8	1.0e-07
546.0	1.0e-07
546.2	1.0e-07
546.4	1.0e-07
546.6	1.0e-07
546.8	1.0e-07
547.0	1.0e-07
547.2	1.0e-07
547.4	1.0e-07
547.6	1.0e-07
547.8	1.0e-07
548.0	1.0e-07
548.2	1.0e-07
548.4	1.0e-07
548.6	1.0e-07
548.8	1.0e-07
549.0	1.0e-07
549.2	1.0e-07
549.4	1.0e-07
549.6	1.0e-07
549.8	1.0e-07
550.0	1.0e-07
550.2	1.0e-07
550.4	1.0e-07
550.6	1.0e-07
550.8	1.0e-07
551.0	1.0e-07
551.2	1.0e-07
551.4	1.0e-07
551.6	1.0e-07
551.8	1.0e-07
552.0	1.0e-07
552.2	1.0e-07
552.4	1.0e-07
552.6	1.0e-07
552.8	1.0e-07
553.0	1.0e-07
553.2	1.0e-07
553.4	1.0e-07
553.6	1.0e-07
553.8	1.0e-07
554.0	1.0e-07
554.2	1.0e-07
554.4	1.0e-07
554.6	1.0e-07
554.8	1.0e-07
555.0	1.0e-07
555.2	1.0e-07
555.4	1.0e-07
555.6	1.0e-07
555.8	1.0e-07
556.0	1.0e-07
556.2	1.0e-07
556.4	1.0e-07
556.6	1.0e-07
556.8	1.0e-07
557.0	1.0e-07
557.2	1.0e-07
557.4	1.0e-07
557.6	1.0e-07
557.8	1.0e-07
558.0	1.0e-07
558.2	1.0e-07
558.4	1.0e-07
558.6	1.0e-07
558.8	1.0e-07
559.0	1.0e-07
559.2	1.0e-07
559.4	1.0e-07
559.6	1.0e-07
559.8	1.0e-07
560.0	1.0e-07
560.2	1.0e-07
560.4	1.0e-07
560.6	1.0e-07
560.8	1.0e-07
561.0	1.0e-07
561.2	1.0e-07
561.4	1.0e-07
561.6	1.0e-07
561.8	1.0e-07
562.0	1.0e-07
562.2	1.0e-07
562.4	1.0e-07
562.6	1.0e-07
562.8	1.0e-07
563.0	1.0e-07
563.2	1.0e-07
563.4	1.0e-07
563.6	1.0e-07
563.8	1.0e-07
564.0	1.0e-07
564.2	1.0e-07
564.4	1.0e-07
564.6	1.0e-07
564.8	1.0e-07
565.0	1.0e-07
565.2	1.0e-07
565.4	1.0e-07
565.6	1.0e-07
565.8	1.0e-07
566.0	1.0e-07
566.2	1.0e-07
566.4	1.0e-07
566.6	1.0e-07
566.8	1.0e-07
567.0	1.0e-07
567.2	1.0e-07
567.4	1.0e-07
567.6	1.0e-07
567.8	1.0e-07
568.0	1.0e-07
568.2	1.0e-07
568.4	1.0e-07
568.6	1.0e-07
568.8	1.0e-07
569.0	1.0e-07
569.2	1.0e-07
569.4	1.0e-07
569.6	1.0e-07
569.8	1.0e-07
570.0	1.0e-07
570.2	1.0e-07
570.4	1.0e-07
570.6	1.0e-07
570.8	1.0e-07
571.0	1.0e-07
571.2	1.0e-07
571.4	1.0e-07
571.6	1.0e-07
571.8	1.0e-07
572.0	1.0e-07
572.2	1.0e-07
572.4	1.0e-07
572.6	1.0e-07
572.8	1.0e-07
573.0	1.0e-07
573.2	1.0e-07
573.4	1.0e-07
573.6	1.0e-07
573.8	1.0e-07
574.0	1.0e-07
574.2	1.0e-07
574.4	1.0e-07
574.6	1.0e-07
574.8	1.0e-07
575.0	1.0e-07
575.2	1.0e-07
575.4	1.0e-07
575.6	1.0e-07
575.8	1.0e-07
576.0	1.0e-07
576.2	1.0e-07
576.4	1.0e-07
576.6	1.0e-07
576.8	1.0e-07
577.0	1.0e-07
577.2	1.0e-07
577.4	1.0e-07
577.6	1.0e-07
577.8	1.0e-07
578.0	1.0e-07
578.2	1.0e-07
578.4	1.0e-07
578.6	1.0e-07
578.8	1.0e-07
579.0	1.0e-07
579.2	1.0e-07
579.4	1.0e-07
579.6	1.0e-07
579.8	1.0e-07
580.0	1.0e-07
580.2	1.0e-07
580.4	1.0e-07
580.6	1.0e-07
580.8	1.0e-07
581.0	1.0e-07
581.2	1.0e-07
581.4	1.0e-07
581.6	1.0e-07
581.8	1.0e-07
582.0	1.0e-07
582.2	1.0e-07
582.4	1.0e-07
582.6	1.0e-07
582.8	1.0e-07
583.0	1.0e-07
583.2	1.0e-07
583.4	1.0e-07
583.6	1.0e-07
583.8	1.0e-07
584.0	1.0e-07
584.2	1.0e-07
584.4	1.0e-07
584.6	1.0e-07
584.8	1.0e-07
585.0	1.0e-07
585.2	1.0e-07
585.4	1.0e-07
585.6	1.0e-07
585.8	1.0e-07
586.0	1.0e-07
586.2	1.0e-07
586.4	1.0e-07
586.6	1.0e-07
586.8	1.0e-07
587.0	1.0e-07
587.2	1.0e-07
587.4	1.0e-07
587.6	1.0e-07
587.8	1.0e-07
588.0	1.0e-07
588.2	1.0e-07
588.4	1.0e-07
588.6	1.0e-07
588.8	1.0e-07
589.0	1.0e-07
589.2	1.0e-07
589.4	1.0e-07
589.6	1.0e-07
589.8	1.0e-07
590.0	1.0e-07
590.2	1.0e-07
590.4	1.0e-07
590.6	1.0e-07
590.8	1.0e-07
591.0	1.0e-07
591.2	1.0e-07
591.4	1.0e-07
591.6	1.0e-07
591.8	1.0e-07
592.0	1.0e-07
592.2	1.0e-07
592.4	1.0e-07
592.6	1.0e-07
592.8	1.0e-07
593.0	1.0e-07
593.2	1.0e-07
593.4	1.0e-07
593.6	1.0e-07
593.8	1.0e-07
594.0	1.0e-07
594.2	1.0e-07
594.4	1.0e-07
594.6	1.0e-07
594.8	1.0e-07
595.0	1.0e-07
595.2	1.0e-07
595.4	1.0e-07
595.6	1.0e-07
595.8	1.0e-07
596.0	1.0e-07
596.2	1.0e-07
596.4	1.0e-07
596.6	1.0e-07
596.8	1.0e-07
597.0	1.0e-07
597.2	1.0e-07
597.4	1.0e-07
597.6	1.0e-07
597.8	1.0e-07
598.0	1.0e-07
598.2	1.0e-07
598.4	1.0e-07
598.6	1.0e-07
598.8	1.0e-07
599.0	1.0e-07
599.2	1.0e-07
599.4	1.0e-07
599.6	1.0e-07
599.8	1.0e-07
600.0	1.0e-07
600.2	1.0e-07
600.4	1.0e-07
600.6	1.0e-07
600.8	1.0e-07
601.0	1.0e-07
601.2	1.0e-07
601.4	1.0e-07
601.6	1.0e-07
601.8	1.0e-07
602.0	1.0e-07
602.2	1.0e-07
602.4	1.0e-07
602.6	1.0e-07
602.8	1.0e-07
603.0	1.0e-07
603.2	1.0e-07
603.4	1.0e-07
603.6	1.0e-07
603.8	1.0e-07
604.0	1.0e-07
604.2	1.0e-07
604.4	1.0e-07
604.6	1.0e-07
604.8	1.0e-07
605.0	1.0e-07
605.2	1.0e-07
605.4	1.0e-07
605.6	1.0e-07
605.8	1.0e-07
606.0	1.0e-07
606.2	1.0e-07
606.4	1.0e-07
606.6	1.0e-07
606.8	1.0e-07
607.0	1.0e-07
607.2	1.0e-07
607.4	1.0e-07
607.6	1.0e-07
607.8	1.0e-07
608.0	1.0e-07
608.2	1.0e-07
608.4	1.0e-07
608.6	1.0e-07
608.8	1.0e-07
609.0	1.0e-07
609.2	1.0e-07
609.4	1.0e-07
609.6	1.0e-07
609.8	1.0e-07
610.0	1.0e-07
610.2	1.0e-07
610.4	1.0e-07
610.6	1.0e-07
610.8	1.0e-07
611.0	1.0e-07
611.2	1.0e-07
611.4	1.0e-07
611.6	1.0e-07
611.8	1.0e-07
612.0	1.0e-07
612.2	1.0e-07
612.4	1.0e-07
612.6	1.0e-07
612.8	1.0e-07
613.0	1.0e-07
613.2	1.0e-07
613.4	1.0e-07
613.6	1.0e-07
613.8	1.0e-07
614.0	1.0e-07
614.2	1.0e-07
614.4	1.0e-07
614.6	1.0e-07
614.8	1.0e-07
615.0	1.0e-07
615.2	1.0e-07
615.4	1.0e-07
615.6	1.0e-07
615.8	1.0e-07
616.0	1.0e-07
616.2	1.0e-07
616.4	1.0e-07
616.6	1.0e-07
616.8	1.0e-07
617.0	1.0e-07
617.2	1.0e-07
617.4	1.0e-07
617.6	1.0e-07
617.8	1.0e-07
618.0	1.0e-07
618.2	1.0e-07
618.4	1.0e-07
618.6	1.0e-07
618.8	1.0e-07
619.0	1.0e-07
619.2	1.0e-07
619.4	1.0e-07
619.6	1.0e-07
619.8	1.0e-07
620.0	1.0e-07
620.2	1.0e-07
620.4	1.0e-07
620.6	1.0e-07
620.8	1.0e-07
621.0	1.0e-07
621.2	1.0e-07
621.4	1.0e-07
621.6	1.0e-07
621.8	1.0e-07
622.0	1.0e-07
622.2	1.0e-07
622.4	1.0e-07
622.6	1.0e-07
622.8	1.0e-07
623.0	1.0e-07
623.2	1.0e-07
623.4	1.0e-07
623.6	1.0e-07
623.8	1.0e-07
624.0	1.0e-07
624.2	1.0e-07
624.4	1.0e-07
624.6	1.0e-07
624.8	1.0e-07
625.0	1.0e-07
625.2	1.0e-07
625.4	1.0e-07
625.6	1.0e-07
625.8	1.0e-07
626.0	1.0e-07
626.2	1.0e-07
626.4	1.0e-07
626.6	1.0e-07
626.8	1.0e-07
627.0	1.0e-07
627.2	1.0e-07
627.4	1.0e-07
627.6	1.0e-07
627.8	1.0e-07
628.0	1.0e-07
628.2	1.0e-07
628.4	1.0e-07
628.6	1.0e-07
628.8	1.0e-07
629.0	1.0e-07
629.2	1.0e-07
629.4	1.0e-07
629.6	1.0e-07
629.8	1.0e-07
630.0	1.0e-07
630.2	1.0e-07
630.4	1.0e-07
630.6	1.0e-07
630.8	1.0e-07
631.0	1.0e-07
631.2	1.0e-07
631.4	1.0e-07
631.6	1.0e-07
631.8	1.0e-07
632.0	1.0e-07
632.2	1.0e-07
632.4	1.0e-07
632.6	1.0e-07
632.8	1.0e-07
633.0	1.0e-07
633.2	1.0e-07
633.4	1.0e-07
633.6	1.0e-07
633.8	1.0e-07
634.0	1.0e-07
634.2	1.0e-07
634.4	1.0e-07
634.6	1.0e-07
634.8	1.0e-07
635.0	1.0e-07
635.2	1.0e-07
635.4	1.0e-07
635.6	1.0e-07
635.8	1.0e-07
636.0	1.0e-07
636.2	1.0e-07
636.4	1.0e-07
636.6	1.0e-07
636.8	1.0e-07
637.0	1.0e-07
637.2	1.0e-07
637.4	1.0e-07
637.6	1.0e-07
637.8	1.0e-07
638.0	1.0e-07
638.2	1.0e-07
638.4	1.0e-07
638.6	1.0e-07
638.8	1.0e-07
639.0	1.0e-07
639.2	1.0e-07
639.4	1.0e-07
639.6	1.0e-07
639.8	1.0e-07
640.0	1.0e-07
640.2	1.0e-07
640.4	1.0e-07
640.6	1.0e-07
640.8	1.0e-07
641.0	1.0e-07
641.2	1.0e-07
641.4	1.0e-07
641.6	1.0e-07
641.8	1.0e-07
642.0	1.0e-07
642.2	1.0e-07
642.4	1.0e-07
642.6	1.0e-07
642.8	1.0e-07
643.0	1.0e-07
643.2	1.0e-07
643.4	1.0e-07
643.6	1.0e-07
643.8	1.0e-07
644.0	1.0e-07
644.2	1.0e-07
644.4	1.0e-07
644.6	1.0e-07
644.8	1.0e-07
645.0	1.0e-07
645.2	1.0e-07
645.4	1.0e-07
645.6	1.0e-07
645.8	1.0e-07
646.0	1.0e-07
646.2	1.0e-07
646.4	1.0e-07
646.6	1.0e-07
646.8	1.0e-07
647.0	1.0e-07
647.2	1.0e-07
647.4	1.0e-07
647.6	1.0e-07
647.8	1.0e-07
648.0	1.0e-07
648.2	1.0e-07
648.4	1.0e-07
648.6	1.0e-07
648.8	1.0e-07
649.0	1.0e-07
649.2	1.0e-07
649.4	1.0e-07
649.6	1.0e-07
649.8	1.0e-07
650.0	1.0e-07
650.2	1.0e-07
650.4	1.0e-07
650.6	1.0e-07
650.8	1.0e-07
651.0	1.0e-07
651.2	1.0e-07
651.4	1.0e-07
651.6	1.0e-07
651.8	1.0e-07
652.0	1.0e-07
652.2	1.0e-07
652.4	1.0e-07
652.6	1.0e-07
652.8	1.0e-07
653.0	1.0e-07
653.2	1.0e-07
653.4	1.0e-07
653.6	1.0e-07
653.8	1.0e-07
654.0	1.0e-07
654.2	1.0e-07
654.4	1.0e-07
654.6	1.0e-07
654.8	1.0e-07
655.0	1.0e-07
655.2	1.0e-07
655.4	1.0e-07
655.6	1.0e-07
655.8	1.0e-07
656.0	1.0e-07
656.2	1.0e-07
656.4	1.0e-07
656.6	1.0e-07
656.8	1.0e-07
657.0	1.0e-07
657.2	1.0e-07
657.4	1.0e-07
657.6	1.0e-07
657.8	1.0e-07
658.0	1.0e-07
658.2	1.0e-07
658.4	1.0e-07
658.6	1.0e-07
658.8	1.0e-07
659.0	1.0e-07
659.2	1.0e-07
659.4	1.0e-07
659.6	1.0e-07
659.8	1.0e-07
660.0	1.0e-07
660.2	1.0e-07
660.4	1.0e-07
660.6	1.0e-07
660.8	1.0e-07
661.0	1.0e-07
661.2	1.0e-07
661.4	1.0e-07
661.6	1.0e-07
661.8	1.0e-07
662.0	1.0e-07
662.2	1.0e-07
662.4	1.0e-07
662.6	1.0e-07
662.8	1.0e-07
663.0	1.0e-07
663.2	1.0e-07
663.4	1.0e-07
663.6	1.0e-07
663.8	1.0e-07
664.0	1.0e-07
664.2	1.0e-07
664.4	1.0e-07
664.6	1.0e-07
664.8	1.0e-07
665.0	1.0e-07
665.2	1.0e-07
665.4	1.0e-07
665.6	1.0e-07
665.8	1.0e-07
666.0	1.0e-07
666.2	1.0e-07
666.4	1.0e-07
666.6	1.0e-07
666.8	1.0e-07
667.0	1.0e-07
667.2	1.0e-07
667.4	1.0e-07
667.6	1.0e-07
667.8	1.0e-07
668.0	1.0e-07
668.2	1.0e-07
668.4	1.0e-07
668.6	1.0e-07
668.8	1.0e-07
669.0	1.0e-07
669.2	1.0e-07
669.4	1.0e-07
669.6	1.0e-07
669.8	1.0e-07
670.0	1.0e-07
670.2	1.0008e-07
670.4	1.003e-07
670.6	1.0053e-07
670.8	1.0076e-07
671.0	1.0099e-07
671.2	1.0122e-07
671.4	1.0145e-07
671.6	1.0168e-07
671.8	1.0191e-07
672.0	1.0215e-07
672.2	1.0743e-07
672.4	1.2438e-07
672.6	1.4401e-07
672.8	1.6674e-07
673.0	1.9306e-07
673.2	2.2353e-07
673.4	2.5881e-07
673.6	2.9965e-07
673.8	3.4695e-07
674.0	4.017e-07
674.2	4.8337e-07
674.4	6.2856e-07
674.6	8.1737e-07
674.8	1.0629e-06
675.0	1.3822e-06
675.2	1.5155e-06
675.4	1.1907e-06
675.6	1.072e-06
675.8	1.6819e-06
676.0	2.1997e-06
676.2	2.3225e-06
676.4	2.4523e-06
676.6	2.5893e-06
676.8	2.2165e-06
677.0	1.8171e-06
677.2	1.6438e-06
677.4	1.7414e-06
677.6	1.1129e-06
677.8	1.2438e-06
678.0	1.6079e-06
678.2	2.2122e-06
678.4	3.1942e-06
678.6	3.0271e-06
678.8	2.4711e-06
679.0	2.8478e-06
679.2	3.7543e-06
679.4	3.719e-06
679.6	3.9197e-06
679.8	4.0241e-06
680.0	4.4326e-06
680.2	5.1545e-06
680.4	5.9825e-06
680.6	7.086e-06
680.8	7.5189e-06
681.0	8.4774e-06
681.2	1.011e-05
681.4	1.1863e-05
681.6	1.3258e-05
681.8	1.4676e-05
682.0	1.7054e-05
682.2	2.0368e-05
682.4	2.3766e-05
682.6	2.6991e-05
682.8	3.1988e-05
683.0	3.7411e-05
683.2	4.3859e-05
683.4	5.3447e-05
683.6	6.3891e-05
683.8	7.5908e-05
684.0	9.0219e-05
684.2	1.0772e-04
684.4	1.2952e-04
684.6	1.5581e-04
684.8	1.8499e-04
685.0	2.2492e-04
685.2	2.773e-04
685.4	3.3771e-04
685.6	4.1504e-04
685.8	5.0672e-04
686.0	6.2154e-04
686.2	7.6737e-04
686.4	9.5082e-04
686.6	0.00117
686.8	0.00145
687.0	0.00181
687.2	0.00227
687.4	0.00285
687.6	0.00359
687.8	0.00457
688.0	0.00583
688.2	0.00747
688.4	0.00964
688.6	0.01258
688.8	0.01644
689.0	0.02159
689.2	0.02858
689.4	0.03806
689.6	0.05138
689.8	0.06941
690.0	0.09367
690.2	0.12423
690.4	0.173
690.6	0.2322
690.8	0.30709
691.0	0.39711
691.2	0.49886
691.4	0.60501
691.6	0.70887
691.8	0.80054
692.0	0.87192
692.2	0.92156
692.4	0.95391
692.6	0.97061
692.8	0.97985
693.0	0.98095
693.2	0.98239
693.4	0.983
693.6	0.98253
693.8	0.98165
694.0	0.98284
694.2	0.98373
694.4	0.98546
694.6	0.98661
694.8	0.9869
695.0	0.98782
695.2	0.98792
695.4	0.98722
695.6	0.98621
695.8	0.98401
696.0	0.9828
696.2	0.98105
696.4	0.97921
696.6	0.97679
696.8	0.97454
697.0	0.97372
697.2	0.97314
697.4	0.97345
697.6	0.97218
697.8	0.97299
698.0	0.97394
698.2	0.9735
698.4	0.97532
698.6	0.97514
698.8	0.97761
699.0	0.97968
699.2	0.98066
699.4	0.98274
699.6	0.9844
699.8	0.98534
700.0	0.98737
700.2	0.98858
700.4	0.989
700.6	0.98914
700.8	0.98912
701.0	0.98911
701.2	0.98881
701.4	0.98855
701.6	0.98779
701.8	0.98493
702.0	0.98377
702.2	0.9825
702.4	0.98084
702.6	0.97886
702.8	0.97751
703.0	0.97495
703.2	0.97345
703.4	0.97224
703.6	0.96983
703.8	0.96852
704.0	0.96802
704.2	0.96826
704.4	0.96748
704.6	0.96631
704.8	0.96653
705.0	0.96805
705.2	0.96885
705.4	0.9688
705.6	0.96982
705.8	0.97188
706.0	0.97385
706.2	0.97519
706.4	0.97648
706.6	0.97881
706.8	0.98188
707.0	0.9829
707.2	0.98471
707.4	0.98672
707.6	0.98877
707.8	0.99067
708.0	0.9913
708.2	0.99185
708.4	0.99252
708.6	0.99313
708.8	0.99234
709.0	0.99349
709.2	0.99356
709.4	0.99283
709.6	0.99254
709.8	0.99176
710.0	0.99042
710.2	0.98797
710.4	0.98748
710.6	0.98713
710.8	0.98565
711.0	0.98404
711.2	0.98367
711.4	0.98251
711.6	0.98177
711.8	0.98056
712.0	0.97989
712.2	0.97981
712.4	0.98007
712.6	0.98045
712.8	0.98057
713.0	0.98005
713.2	0.98116
713.4	0.9827
713.6	0.98345
713.8	0.98345
714.0	0.98417
714.2	0.98504
714.4	0.98508
714.6	0.98657
714.8	0.98764
715.0	0.98828
715.2	0.98849
715.4	0.98861
715.6	0.98969
715.8	0.98946
716.0	0.98921
716.2	0.98941
716.4	0.98975
716.6	0.98945
716.8	0.9887
717.0	0.98844
717.2	0.98736
717.4	0.98676
717.6	0.98635
717.8	0.9845
718.0	0.98317
718.2	0.98267
718.4	0.98233
718.6	0.98225
718.8	0.98148
719.0	0.98097
719.2	0.9815
719.4	0.98171
719.6	0.98115
719.8	0.98178
720.0	0.98212
720.2	0.98248
720.4	0.98348
720.6	0.98377
720.8	0.98364
721.0	0.98436
721.2	0.98541
721.4	0.98531
721.6	0.98522
721.8	0.98538
722.0	0.9852
722.2	0.98475
722.4	0.98428
722.6	0.98311
722.8	0.98201
723.0	0.98123
723.2	0.98127
723.4	0.98049
723.6	0.97863
723.8	0.97803
724.0	0.97694
724.2	0.97598
724.4	0.97543
724.6	0.97493
724.8	0.97373
725.0	0.97252
725.2	0.97266
725.4	0.97306
725.6	0.97314
725.8	0.97355
726.0	0.97411
726.2	0.97547
726.4	0.97638
726.6	0.97721
726.8	0.97852
727.0	0.97951
727.2	0.981
727.4	0.98234
727.6	0.98352
727.8	0.98473
728.0	0.98511
728.2	0.98581
728.4	0.98586
728.6	0.98643
728.8	0.98596
729.0	0.98528
729.2	0.98549
729.4	0.9857
729.6	0.98478
729.8	0.98386
730.0	0.98376
730.2	0.9832
730.4	0.98258
730.6	0.98277
730.8	0.98376
731.0	0.98367
731.2	0.98308
731.4	0.98302
731.6	0.9837
731.8	0.98423
732.0	0.98429
732.2	0.98525
732.4	0.98588
732.6	0.9855
732.8	0.98534
733.0	0.98522
733.2	0.98377
733.4	0.98179
733.6	0.98065
733.8	0.97881
734.0	0.97647
734.2	0.97521
734.4	0.97183
734.6	0.97
734.8	0.97014
735.0	0.96952
735.2	0.96881
735.4	0.96934
735.6	0.9703
735.8	0.97167
736.0	0.97475
736.2	0.97624
736.4	0.97754
736.6	0.97858
736.8	0.97801
737.0	0.97687
737.2	0.97461
737.4	0.96988
737.6	0.96316
737.8	0.95743
738.0	0.95145
738.2	0.94617
738.4	0.94285
738.6	0.94443
738.8	0.94974
739.0	0.95633
739.2	0.95879
739.4	0.94833
739.6	0.91048
739.8	0.83444
740.0	0.71801
740.2	0.57488
740.4	0.42925
740.6	0.30072
740.8	0.20188
741.0	0.13243
741.2	0.08604
741.4	0.05626
741.6	0.03695
741.8	0.0246
742.0	0.01697
742.2	0.01185
742.4	0.00835
742.6	0.00593
742.8	0.00428
743.0	0.00311
743.2	0.0023
743.4	0.00172
743.6	0.0013
743.8	9.7862e-04
744.0	7.4386e-04
744.2	5.7415e-04
744.4	4.457e-04
744.6	3.4562e-04
744.8	2.7163e-04
745.0	2.1363e-04
745.2	1.7043e-04
745.4	1.354e-04
745.6	1.0659e-04
745.8	8.8521e-05
746.0	6.8088e-05
746.2	5.2586e-05
746.4	4.2313e-05
746.6	3.5787e-05
746.8	2.9977e-05
747.0	2.5754e-05
747.2	2.0644e-05
747.4	1.6519e-05
747.6	1.39e-05
747.8	1.1278e-05
748.0	1.1267e-05
748.2	1.1061e-05
748.4	9.1322e-06
748.6	6.2899e-06
748.8	5.6076e-06
749.0	6.2036e-06
749.2	6.2747e-06
749.4	5.8764e-06
749.6	4.9397e-06
749.8	2.5906e-06
750.0	3.4649e-06
750.2	5.114e-06
750.4	4.8557e-06
750.6	2.5662e-06
750.8	1.966e-06
751.0	2.182e-06
751.2	3.375e-06
751.4	3.8266e-06
751.6	2.6858e-06
751.8	5.9661e-06
752.0	2.5292e-06
752.2	2.9605e-06
752.4	4.7255e-06
752.6	4.5273e-06
752.8	3.4792e-06
753.0	2.9013e-06
753.2	2.4402e-06
753.4	2.4526e-06
753.6	2.1643e-06
753.8	2.3069e-07
754.0	4.643e-06
754.2	5.0707e-06
754.4	3.448e-06
754.6	1.5263e-06
754.8	2.7367e-06
755.0	1.6025e-06
755.2	2.2896e-06
755.4	1.7712e-06
755.6	2.6369e-07
755.8	3.9255e-08
756.0	9.765e-07
756.2	2.0039e-06
756.4	1.4424e-06
756.6	2.0644e-06
756.8	2.3163e-06
757.0	2.5486e-06
757.2	1.9145e-06
757.4	9.2996e-07
757.6	3.1975e-07
757.8	1.0994e-07
758.0	7.8089e-07
758.2	2.0694e-06
758.4	2.2987e-06
758.6	1.9139e-06
758.8	1.744e-06
759.0	1.5892e-06
759.2	3.6896e-06
759.4	6.3887e-06
759.6	1.8714e-06
759.8	1.6525e-08
760.0	1.3438e-08
760.2	1.6761e-08
760.4	2.0905e-08
760.6	2.6074e-08
760.8	3.2521e-08
761.0	4.0562e-08
761.2	5.0591e-08
761.4	6.31e-08
761.6	7.8702e-08
761.8	9.8161e-08
762.0	1.0e-07
762.2	1.0e-07
762.4	1.0e-07
762.6	1.0e-07
762.8	1.0e-07
763.0	1.0e-07
763.2	1.0e-07
763.4	1.0e-07
763.6	1.0e-07
763.8	1.0e-07
764.0	1.0e-07
764.2	1.0e-07
764.4	1.0e-07
764.6	1.0e-07
764.8	1.0e-07
765.0	1.0e-07
765.2	1.0e-07
765.4	1.0e-07
765.6	1.0e-07
765.8	1.0e-07
766.0	1.0e-07
766.2	1.0e-07
766.4	1.0e-07
766.6	1.0e-07
766.8	1.0e-07
767.0	1.0e-07
767.2	1.0e-07
767.4	1.0e-07
767.6	1.0e-07
767.8	1.0e-07
768.0	1.0e-07
768.2	1.0e-07
768.4	1.0e-07
768.6	1.0e-07
768.8	1.0e-07
769.0	1.0e-07
769.2	1.0e-07
769.4	1.0e-07
769.6	1.0e-07
769.8	1.0e-07
770.0	1.0e-07
770.2	1.0e-07
770.4	1.0e-07
770.6	1.0e-07
770.8	1.0e-07
771.0	1.0e-07
771.2	1.0e-07
771.4	1.0e-07
771.6	1.0e-07
771.8	1.0e-07
772.0	1.0e-07
772.2	1.0e-07
772.4	1.0e-07
772.6	1.0e-07
772.8	1.0e-07
773.0	1.0e-07
773.2	1.0e-07
773.4	1.0e-07
773.6	1.0e-07
773.8	1.0e-07
774.0	1.0e-07
774.2	1.0e-07
774.4	1.0e-07
774.6	1.0e-07
774.8	1.0e-07
775.0	1.0e-07
775.2	1.0e-07
775.4	1.0e-07
775.6	1.0e-07
775.8	1.0e-07
776.0	1.0e-07
776.2	1.0e-07
776.4	1.0e-07
776.6	1.0e-07
776.8	1.0e-07
777.0	1.0e-07
777.2	1.0e-07
777.4	1.0e-07
777.6	1.0e-07
777.8	1.0e-07
778.0	1.0e-07
778.2	1.0e-07
778.4	1.0e-07
778.6	1.0e-07
778.8	1.0e-07
779.0	1.0e-07
779.2	1.0e-07
779.4	1.0e-07
779.6	1.0e-07
779.8	1.0e-07
780.0	1.0e-07
780.2	1.0e-07
780.4	1.0e-07
780.6	1.0e-07
780.8	1.0e-07
781.0	1.0e-07
781.2	1.0e-07
781.4	1.0e-07
781.6	1.0e-07
781.8	1.0e-07
782.0	1.0e-07
782.2	1.0e-07
782.4	1.0e-07
782.6	1.0e-07
782.8	1.0e-07
783.0	1.0e-07
783.2	1.0e-07
783.4	1.0e-07
783.6	1.0e-07
783.8	1.0e-07
784.0	1.0e-07
784.2	1.0e-07
784.4	1.0e-07
784.6	1.0e-07
784.8	1.0e-07
785.0	1.0e-07
785.2	1.0e-07
785.4	1.0e-07
785.6	1.0e-07
785.8	1.0e-07
786.0	1.0e-07
786.2	1.0e-07
786.4	1.0e-07
786.6	1.0e-07
786.8	1.0e-07
787.0	1.0e-07
787.2	1.0e-07
787.4	1.0e-07
787.6	1.0e-07
787.8	1.0e-07
788.0	1.0e-07
788.2	1.0e-07
788.4	1.0e-07
788.6	1.0e-07
788.8	1.0e-07
789.0	1.0e-07
789.2	1.0e-07
789.4	1.0e-07
789.6	1.0e-07
789.8	1.0e-07
790.0	1.0e-07
790.2	1.0e-07
790.4	1.0e-07
790.6	1.0e-07
790.8	1.0e-07
791.0	1.0e-07
791.2	1.0e-07
791.4	1.0e-07
791.6	1.0e-07
791.8	1.0e-07
792.0	1.0e-07
792.2	1.0e-07
792.4	1.0e-07
792.6	1.0e-07
792.8	1.0e-07
793.0	1.0e-07
793.2	1.0e-07
793.4	1.0e-07
793.6	1.0e-07
793.8	1.0e-07
794.0	1.0e-07
794.2	1.0e-07
794.4	1.0e-07
794.6	1.0e-07
794.8	1.0e-07
795.0	1.0e-07
795.2	1.0e-07
795.4	1.0e-07
795.6	1.0e-07
795.8	1.0e-07
796.0	1.0e-07
796.2	1.0e-07
796.4	1.0e-07
796.6	1.0e-07
796.8	1.0e-07
797.0	1.0e-07
797.2	1.0e-07
797.4	1.0e-07
797.6	1.0e-07
797.8	1.0e-07
798.0	1.0e-07
798.2	1.0e-07
798.4	1.0e-07
798.6	1.0e-07
798.8	1.0e-07
799.0	1.0e-07
799.2	1.0e-07
799.4	1.0e-07
799.6	1.0e-07
799.8	1.0e-07
800.0	8.6384e-08
800.2	7.4187e-08
800.4	6.3713e-08
800.6	5.4717e-08
800.8	4.6992e-08
801.0	4.0357e-08
801.2	3.4659e-08
801.4	2.9766e-08
801.6	2.5563e-08
801.8	2.1954e-08
802.0	2.5285e-08
802.2	2.9442e-08
802.4	3.4283e-08
802.6	3.9919e-08
802.8	4.6481e-08
803.0	5.4123e-08
803.2	6.302e-08
803.4	7.3381e-08
803.6	8.5444e-08
803.8	9.9491e-08
804.0	1.0e-07
804.2	1.0e-07
804.4	1.0e-07
804.6	1.0e-07
804.8	1.0e-07
805.0	1.0e-07
805.2	1.0e-07
805.4	1.0e-07
805.6	1.0e-07
805.8	1.0e-07
806.0	1.0e-07
806.2	1.0e-07
806.4	1.0e-07
806.6	1.0e-07
806.8	1.0e-07
807.0	1.0e-07
807.2	1.0e-07
807.4	1.0e-07
807.6	1.0e-07
807.8	1.0e-07
808.0	1.0e-07
808.2	1.0e-07
808.4	1.0e-07
808.6	1.0e-07
808.8	1.0e-07
809.0	1.0e-07
809.2	1.0e-07
809.4	1.0e-07
809.6	1.0e-07
809.8	1.0e-07
810.0	1.0e-07
810.2	1.0e-07
810.4	1.0e-07
810.6	1.0e-07
810.8	1.0e-07
811.0	1.0e-07
811.2	1.0e-07
811.4	1.0e-07
811.6	1.0e-07
811.8	1.0e-07
812.0	1.0e-07
812.2	1.0e-07
812.4	1.0e-07
812.6	1.0e-07
812.8	1.0e-07
813.0	1.0e-07
813.2	1.0e-07
813.4	1.0e-07
813.6	1.0e-07
813.8	1.0e-07
814.0	1.0e-07
814.2	1.0e-07
814.4	1.0e-07
814.6	1.0e-07
814.8	1.0e-07
815.0	1.0e-07
815.2	1.0e-07
815.4	1.0e-07
815.6	1.0e-07
815.8	1.0e-07
816.0	1.0e-07
816.2	1.0e-07
816.4	1.0e-07
816.6	1.0e-07
816.8	1.0e-07
817.0	1.0e-07
817.2	1.0e-07
817.4	1.0e-07
817.6	1.0e-07
817.8	1.0e-07
818.0	1.0e-07
818.2	1.0e-07
818.4	1.0e-07
818.6	1.0e-07
818.8	1.0e-07
819.0	1.0e-07
819.2	1.0e-07
819.4	1.0e-07
819.6	1.0e-07
819.8	1.0e-07
820.0	9.2186e-08
820.2	8.4882e-08
820.4	7.8157e-08
820.6	7.1964e-08
820.8	6.6263e-08
821.0	6.1013e-08
821.2	5.6179e-08
821.4	5.1728e-08
821.6	4.763e-08
821.8	4.3856e-08
822.0	4.8421e-08
822.2	5.3579e-08
822.4	5.9286e-08
822.6	6.56e-08
822.8	7.2587e-08
823.0	8.0319e-08
823.2	8.8874e-08
823.4	9.834e-08
823.6	1.0881e-07
823.8	1.204e-07
824.0	1.1816e-07
824.2	1.1582e-07
824.4	1.1352e-07
824.6	1.1128e-07
824.8	1.0907e-07
825.0	1.0691e-07
825.2	1.048e-07
825.4	1.0272e-07
825.6	1.0069e-07
825.8	9.8694e-08
826.0	9.7547e-08
826.2	9.6419e-08
826.4	9.5304e-08
826.6	9.4201e-08
826.8	9.3112e-08
827.0	9.2035e-08
827.2	9.0971e-08
827.4	8.9919e-08
827.6	8.8879e-08
827.8	8.7851e-08
828.0	8.8987e-08
828.2	9.0148e-08
828.4	9.1324e-08
828.6	9.2515e-08
828.8	9.3722e-08
829.0	9.4945e-08
829.2	9.6184e-08
829.4	9.7438e-08
829.6	9.8709e-08
829.8	9.9997e-08
830.0	1.0e-07
830.2	1.0e-07
830.4	1.0e-07
830.6	1.0e-07
830.8	1.0e-07
831.0	1.0e-07
831.2	1.0e-07
831.4	1.0e-07
831.6	1.0e-07
831.8	9.9998e-08
832.0	8.5949e-08
832.2	7.3875e-08
832.4	6.3496e-08
832.6	5.4576e-08
832.8	4.6909e-08
833.0	4.0319e-08
833.2	3.4654e-08
833.4	2.9786e-08
833.6	2.5601e-08
833.8	2.2022e-08
834.0	2.5621e-08
834.2	2.9809e-08
834.4	3.4681e-08
834.6	4.035e-08
834.8	4.6945e-08
835.0	5.4618e-08
835.2	6.3545e-08
835.4	7.3932e-08
835.6	8.6016e-08
835.8	1.0e-07
836.0	1.0e-07
836.2	1.0e-07
836.4	1.0e-07
836.6	1.0e-07
836.8	1.0e-07
837.0	1.0e-07
837.2	1.0e-07
837.4	1.0e-07
837.6	1.0e-07
837.8	1.0e-07
838.0	1.0e-07
838.2	1.0e-07
838.4	1.0e-07
838.6	1.0e-07
838.8	1.0e-07
839.0	1.0e-07
839.2	1.0e-07
839.4	1.0e-07
839.6	1.0e-07
839.8	1.0e-07
840.0	1.0e-07
840.2	1.0e-07
840.4	1.0e-07
840.6	1.0e-07
840.8	1.0e-07
841.0	1.0e-07
841.2	1.0e-07
841.4	1.0e-07
841.6	1.0e-07
841.8	1.0e-07
842.0	1.0e-07
842.2	1.0e-07
842.4	1.0e-07
842.6	1.0e-07
842.8	1.0e-07
843.0	1.0e-07
843.2	1.0e-07
843.4	1.0e-07
843.6	1.0e-07
843.8	1.0e-07
844.0	1.0e-07
844.2	1.0e-07
844.4	1.0e-07
844.6	1.0e-07
844.8	1.0e-07
845.0	1.0e-07
845.2	1.0e-07
845.4	1.0e-07
845.6	1.0e-07
845.8	1.0e-07
846.0	1.0e-07
846.2	1.0e-07
846.4	1.0e-07
846.6	1.0e-07
846.8	1.0e-07
847.0	1.0e-07
847.2	1.0e-07
847.4	1.0e-07
847.6	1.0e-07
847.8	1.0e-07
848.0	1.0e-07
848.2	1.0e-07
848.4	1.0e-07
848.6	1.0e-07
848.8	1.0e-07
849.0	1.0e-07
849.2	1.0e-07
849.4	1.0e-07
849.6	1.0e-07
849.8	1.0e-07
850.0	1.0e-07
850.2	1.0e-07
850.4	1.0e-07
850.6	1.0e-07
850.8	1.0e-07
851.0	1.0e-07
851.2	1.0e-07
851.4	1.0e-07
851.6	1.0e-07
851.8	1.0e-07
852.0	1.0e-07
852.2	1.0e-07
852.4	1.0e-07
852.6	1.0e-07
852.8	1.0e-07
853.0	1.0e-07
853.2	1.0e-07
853.4	1.0e-07
853.6	1.0e-07
853.8	1.0e-07
854.0	1.0e-07
854.2	1.0e-07
854.4	1.0e-07
854.6	1.0e-07
854.8	1.0e-07
855.0	1.0e-07
855.2	1.0e-07
855.4	1.0e-07
855.6	1.0e-07
855.8	9.9972e-08
856.0	9.9015e-08
856.2	9.8067e-08
856.4	9.7127e-08
856.6	9.6197e-08
856.8	9.5276e-08
857.0	9.4364e-08
857.2	9.346e-08
857.4	9.2565e-08
857.6	9.1679e-08
857.8	9.0856e-08
858.0	9.1734e-08
858.2	9.2621e-08
858.4	9.3517e-08
858.6	9.4421e-08
858.8	9.5334e-08
859.0	9.6255e-08
859.2	9.7186e-08
859.4	9.8126e-08
859.6	9.9075e-08
859.8	1.0e-07
860.0	1.0e-07
860.2	1.0e-07
860.4	1.0e-07
860.6	1.0e-07
860.8	1.0e-07
861.0	1.0e-07
861.2	1.0e-07
861.4	1.0e-07
861.6	1.0e-07
861.8	1.0e-07
862.0	1.0e-07
862.2	1.0e-07
862.4	1.0e-07
862.6	1.0e-07
862.8	1.0e-07
863.0	1.0e-07
863.2	1.0e-07
863.4	1.0e-07
863.6	1.0e-07
863.8	1.0e-07
864.0	1.0e-07
864.2	1.0e-07
864.4	1.0e-07
864.6	1.0e-07
864.8	1.0e-07
865.0	1.0e-07
865.2	1.0e-07
865.4	1.0e-07
865.6	1.0e-07
865.8	1.0e-07
866.0	1.0e-07
866.2	1.0e-07
866.4	1.0e-07
866.6	1.0e-07
866.8	1.0e-07
867.0	1.0e-07
867.2	1.0e-07
867.4	1.0e-07
867.6	1.0e-07
867.8	1.0e-07
868.0	1.0e-07
868.2	1.0e-07
868.4	1.0e-07
868.6	1.0e-07
868.8	1.0e-07
869.0	1.0e-07
869.2	1.0e-07
869.4	1.0e-07
869.6	1.0e-07
869.8	1.0e-07
870.0	1.0e-07
870.2	1.0e-07
870.4	1.0e-07
870.6	1.0e-07
870.8	1.0e-07
871.0	1.0e-07
871.2	1.0e-07
871.4	1.0e-07
871.6	1.0e-07
871.8	1.0e-07
872.0	1.0e-07
872.2	1.0e-07
872.4	1.0e-07
872.6	1.0e-07
872.8	1.0e-07
873.0	1.0e-07
873.2	1.0e-07
873.4	1.0e-07
873.6	1.0e-07
873.8	1.0e-07
874.0	1.0e-07
874.2	1.0e-07
874.4	1.0e-07
874.6	1.0e-07
874.8	1.0e-07
875.0	1.0e-07
875.2	1.0e-07
875.4	1.0e-07
875.6	1.0e-07
875.8	1.0e-07
876.0	1.0e-07
876.2	1.0e-07
876.4	1.0e-07
876.6	1.0e-07
876.8	1.0e-07
877.0	1.0e-07
877.2	1.0e-07
877.4	1.0e-07
877.6	1.0e-07
877.8	1.0e-07
878.0	1.0e-07
878.2	1.0e-07
878.4	1.0e-07
878.6	1.0e-07
878.8	1.0e-07
879.0	1.0e-07
879.2	1.0e-07
879.4	1.0e-07
879.6	1.0e-07
879.8	1.0e-07
880.0	1.0e-07
880.2	1.0e-07
880.4	1.0e-07
880.6	1.0e-07
880.8	1.0e-07
881.0	1.0e-07
881.2	1.0e-07
881.4	1.0e-07
881.6	1.0e-07
881.8	1.0e-07
882.0	1.0e-07
882.2	1.0e-07
882.4	1.0e-07
882.6	1.0e-07
882.8	1.0e-07
883.0	1.0e-07
883.2	1.0e-07
883.4	1.0e-07
883.6	1.0e-07
883.8	1.0e-07
884.0	1.0e-07
884.2	1.0e-07
884.4	1.0e-07
884.6	1.0e-07
884.8	1.0e-07
885.0	1.0e-07
885.2	1.0e-07
885.4	1.0e-07
885.6	1.0e-07
885.8	1.0e-07
886.0	1.0e-07
886.2	1.0e-07
886.4	1.0e-07
886.6	1.0e-07
886.8	1.0e-07
887.0	1.0e-07
887.2	1.0e-07
887.4	1.0e-07
887.6	1.0e-07
887.8	1.0e-07
888.0	1.0e-07
888.2	1.0e-07
888.4	1.0e-07
888.6	1.0e-07
888.8	1.0e-07
889.0	1.0e-07
889.2	1.0e-07
889.4	1.0e-07
889.6	1.0e-07
889.8	1.0e-07
890.0	1.0e-07
890.2	1.0e-07
890.4	1.0e-07
890.6	1.0e-07
890.8	1.0e-07
891.0	1.0e-07
891.2	1.0e-07
891.4	1.0e-07
891.6	1.0e-07
891.8	1.0e-07
892.0	1.0e-07
892.2	1.0e-07
892.4	1.0e-07
892.6	1.0e-07
892.8	1.0e-07
893.0	1.0e-07
893.2	1.0e-07
893.4	1.0e-07
893.6	1.0e-07
893.8	1.0e-07
894.0	1.0e-07
894.2	1.0e-07
894.4	1.0e-07
894.6	1.0e-07
894.8	1.0e-07
895.0	1.0e-07
895.2	1.0e-07
895.4	1.0e-07
895.6	1.0e-07
895.8	1.0e-07
896.0	1.0e-07
896.2	1.0e-07
896.4	1.0e-07
896.6	1.0e-07
896.8	1.0e-07
897.0	1.0e-07
897.2	1.0e-07
897.4	1.0e-07
897.6	1.0e-07
897.8	1.0e-07
898.0	1.0e-07
898.2	1.0e-07
898.4	1.0e-07
898.6	1.0e-07
898.8	1.0e-07
899.0	1.0e-07
899.2	1.0e-07
899.4	1.0e-07
899.6	1.0e-07
899.8	1.0e-07
900.0	1.0e-07
900.2	1.0e-07
900.4	1.0e-07
900.6	1.0e-07
900.8	1.0e-07
901.0	1.0e-07
901.2	1.0e-07
901.4	1.0e-07
901.6	1.0e-07
901.8	1.0e-07
902.0	1.0e-07
902.2	1.0e-07
902.4	1.0e-07
902.6	1.0e-07
902.8	1.0e-07
903.0	1.0e-07
903.2	1.0e-07
903.4	1.0e-07
903.6	1.0e-07
903.8	1.0e-07
904.0	1.0e-07
904.2	1.0e-07
904.4	1.0e-07
904.6	1.0e-07
904.8	1.0e-07
905.0	1.0e-07
905.2	1.0e-07
905.4	1.0e-07
905.6	1.0e-07
905.8	1.0e-07
906.0	1.0e-07
906.2	1.0e-07
906.4	1.0e-07
906.6	1.0e-07
906.8	1.0e-07
907.0	1.0e-07
907.2	1.0e-07
907.4	1.0e-07
907.6	1.0e-07
907.8	1.0e-07
908.0	1.0e-07
908.2	1.0e-07
908.4	1.0e-07
908.6	1.0e-07
908.8	1.0e-07
909.0	1.0e-07
909.2	1.0e-07
909.4	1.0e-07
909.6	1.0e-07
909.8	1.0e-07
910.0	1.0e-07
910.2	1.0e-07
910.4	1.0e-07
910.6	1.0e-07
910.8	1.0e-07
911.0	1.0e-07
911.2	1.0e-07
911.4	1.0e-07
911.6	1.0e-07
911.8	1.0e-07
912.0	1.0e-07
912.2	1.0e-07
912.4	1.0e-07
912.6	1.0e-07
912.8	1.0e-07
913.0	1.0e-07
913.2	1.0e-07
913.4	1.0e-07
913.6	1.0e-07
913.8	1.0e-07
914.0	1.0e-07
914.2	1.0e-07
914.4	1.0e-07
914.6	1.0e-07
914.8	1.0e-07
915.0	1.0e-07
915.2	1.0e-07
915.4	1.0e-07
915.6	1.0e-07
915.8	1.0e-07
916.0	1.0e-07
916.2	1.0e-07
916.4	1.0e-07
916.6	1.0e-07
916.8	1.0e-07
917.0	1.0e-07
917.2	1.0e-07
917.4	1.0e-07
917.6	1.0e-07
917.8	1.0e-07
918.0	1.0e-07
918.2	1.0e-07
918.4	1.0e-07
918.6	1.0e-07
918.8	1.0e-07
919.0	1.0e-07
919.2	1.0e-07
919.4	1.0e-07
919.6	1.0e-07
919.8	1.0e-07
920.0	1.0e-07
920.2	1.0e-07
920.4	1.0e-07
920.6	1.0e-07
920.8	1.0e-07
921.0	1.0e-07
921.2	1.0e-07
921.4	1.0e-07
921.6	1.0e-07
921.8	1.0e-07
922.0	1.0e-07
922.2	1.0e-07
922.4	1.0e-07
922.6	1.0e-07
922.8	1.0e-07
923.0	1.0e-07
923.2	1.0e-07
923.4	1.0e-07
923.6	1.0e-07
923.8	1.0e-07
924.0	1.0e-07
924.2	1.0e-07
924.4	1.0e-07
924.6	1.0e-07
924.8	1.0e-07
925.0	1.0e-07
925.2	1.0e-07
925.4	1.0e-07
925.6	1.0e-07
925.8	1.0e-07
926.0	1.0e-07
926.2	1.0e-07
926.4	1.0e-07
926.6	1.0e-07
926.8	1.0e-07
927.0	1.0e-07
927.2	1.0e-07
927.4	1.0e-07
927.6	1.0e-07
927.8	1.0e-07
928.0	1.0e-07
928.2	1.0e-07
928.4	1.0e-07
928.6	1.0e-07
928.8	1.0e-07
929.0	1.0e-07
929.2	1.0e-07
929.4	1.0e-07
929.6	1.0e-07
929.8	1.0e-07
930.0	1.0e-07
930.2	1.0e-07
930.4	1.0e-07
930.6	1.0e-07
930.8	1.0e-07
931.0	1.0e-07
931.2	1.0e-07
931.4	1.0e-07
931.6	1.0e-07
931.8	1.0e-07
932.0	1.0e-07
932.2	1.0e-07
932.4	1.0e-07
932.6	1.0e-07
932.8	1.0e-07
933.0	1.0e-07
933.2	1.0e-07
933.4	1.0e-07
933.6	1.0e-07
933.8	1.0e-07
934.0	1.0e-07
934.2	1.0e-07
934.4	1.0e-07
934.6	1.0e-07
934.8	1.0e-07
935.0	1.0e-07
935.2	1.0e-07
935.4	1.0e-07
935.6	1.0e-07
935.8	1.0e-07
936.0	1.0e-07
936.2	1.0e-07
936.4	1.0e-07
936.6	1.0e-07
936.8	1.0e-07
937.0	1.0e-07
937.2	1.0e-07
937.4	1.0e-07
937.6	1.0e-07
937.8	1.0e-07
938.0	1.0e-07
938.2	1.0e-07
938.4	1.0e-07
938.6	1.0e-07
938.8	1.0e-07
939.0	1.0e-07
939.2	1.0e-07
939.4	1.0e-07
939.6	1.0e-07
939.8	1.0e-07
940.0	1.0e-07
940.2	1.0e-07
940.4	1.0e-07
940.6	1.0e-07
940.8	1.0e-07
941.0	1.0e-07
941.2	1.0e-07
941.4	1.0e-07
941.6	1.0e-07
941.8	1.0e-07
942.0	1.0e-07
942.2	1.0e-07
942.4	1.0e-07
942.6	1.0e-07
942.8	1.0e-07
943.0	1.0e-07
943.2	1.0e-07
943.4	1.0e-07
943.6	1.0e-07
943.8	1.0e-07
944.0	1.0e-07
944.2	1.0e-07
944.4	1.0e-07
944.6	1.0e-07
944.8	1.0e-07
945.0	1.0e-07
945.2	1.0e-07
945.4	1.0e-07
945.6	1.0e-07
945.8	1.0e-07
946.0	1.0e-07
946.2	1.0e-07
946.4	1.0e-07
946.6	1.0e-07
946.8	1.0e-07
947.0	1.0e-07
947.2	1.0e-07
947.4	1.0e-07
947.6	1.0e-07
947.8	1.0e-07
948.0	1.0e-07
948.2	1.0e-07
948.4	1.0e-07
948.6	1.0e-07
948.8	1.0e-07
949.0	1.0e-07
949.2	1.0e-07
949.4	1.0e-07
949.6	1.0e-07
949.8	1.0e-07
950.0	1.0e-07
950.2	1.0e-07
950.4	1.0e-07
950.6	1.0e-07
950.8	1.0e-07
951.0	1.0e-07
951.2	1.0e-07
951.4	1.0e-07
951.6	1.0e-07
951.8	1.0e-07
952.0	1.0e-07
952.2	1.0e-07
952.4	1.0e-07
952.6	1.0e-07
952.8	1.0e-07
953.0	1.0e-07
953.2	1.0e-07
953.4	1.0e-07
953.6	1.0e-07
953.8	1.0e-07
954.0	1.0e-07
954.2	1.0e-07
954.4	1.0e-07
954.6	1.0e-07
954.8	1.0e-07
955.0	1.0e-07
955.2	1.0e-07
955.4	1.0e-07
955.6	1.0e-07
955.8	1.0e-07
956.0	1.0e-07
956.2	1.0e-07
956.4	1.0e-07
956.6	1.0e-07
956.8	1.0e-07
957.0	1.0e-07
957.2	1.0e-07
957.4	1.0e-07
957.6	1.0e-07
957.8	1.0e-07
958.0	1.0e-07
958.2	1.0e-07
958.4	1.0e-07
958.6	1.0e-07
958.8	1.0e-07
959.0	1.0e-07
959.2	1.0e-07
959.4	1.0e-07
959.6	1.0e-07
959.8	1.0e-07
960.0	1.0e-07
960.2	1.0e-07
960.4	1.0e-07
960.6	1.0e-07
960.8	1.0e-07
961.0	1.0e-07
961.2	1.0e-07
961.4	1.0e-07
961.6	1.0e-07
961.8	1.0e-07
962.0	1.0e-07
962.2	1.0e-07
962.4	1.0e-07
962.6	1.0e-07
962.8	1.0e-07
963.0	1.0e-07
963.2	1.0e-07
963.4	1.0e-07
963.6	1.0e-07
963.8	1.0e-07
964.0	1.0e-07
964.2	1.0e-07
964.4	1.0e-07
964.6	1.0e-07
964.8	1.0e-07
965.0	1.0e-07
965.2	1.0e-07
965.4	1.0e-07
965.6	1.0e-07
965.8	1.0e-07
966.0	1.0e-07
966.2	1.0e-07
966.4	1.0e-07
966.6	1.0e-07
966.8	1.0e-07
967.0	1.0e-07
967.2	1.0e-07
967.4	1.0e-07
967.6	1.0e-07
967.8	1.0e-07
968.0	1.0e-07
968.2	1.0e-07
968.4	1.0e-07
968.6	1.0e-07
968.8	1.0e-07
969.0	1.0e-07
969.2	1.0e-07
969.4	1.0e-07
969.6	1.0e-07
969.8	1.0e-07
970.0	1.0e-07
970.2	1.0e-07
970.4	1.0e-07
970.6	1.0e-07
970.8	1.0e-07
971.0	1.0e-07
971.2	1.0e-07
971.4	1.0e-07
971.6	1.0e-07
971.8	1.0e-07
972.0	1.0e-07
972.2	1.0e-07
972.4	1.0e-07
972.6	1.0e-07
972.8	1.0e-07
973.0	1.0e-07
973.2	1.0e-07
973.4	1.0e-07
973.6	1.0e-07
973.8	1.0e-07
974.0	1.0e-07
974.2	1.0e-07
974.4	1.0e-07
974.6	1.0e-07
974.8	1.0e-07
975.0	1.0e-07
975.2	1.0e-07
975.4	1.0e-07
975.6	1.0e-07
975.8	1.0e-07
976.0	1.0e-07
976.2	1.0e-07
976.4	1.0e-07
976.6	1.0e-07
976.8	1.0e-07
977.0	1.0e-07
977.2	1.0e-07
977.4	1.0e-07
977.6	1.0e-07
977.8	1.0e-07
978.0	1.0e-07
978.2	1.0e-07
978.4	1.0e-07
978.6	1.0e-07
978.8	1.0e-07
979.0	1.0e-07
979.2	1.0e-07
979.4	1.0e-07
979.6	1.0e-07
979.8	1.0e-07
980.0	1.0e-07
980.2	1.0e-07
980.4	1.0e-07
980.6	1.0e-07
980.8	1.0e-07
981.0	1.0e-07
981.2	1.0e-07
981.4	1.0e-07
981.6	1.0e-07
981.8	1.0e-07
982.0	1.0e-07
982.2	1.0e-07
982.4	1.0e-07
982.6	1.0e-07
982.8	1.0e-07
983.0	1.0e-07
983.2	1.0e-07
983.4	1.0e-07
983.6	1.0e-07
983.8	1.0e-07
984.0	1.0e-07
984.2	1.0e-07
984.4	1.0e-07
984.6	1.0e-07
984.8	1.0e-07
985.0	1.0e-07
985.2	1.0e-07
985.4	1.0e-07
985.6	1.0e-07
985.8	1.0e-07
986.0	1.0e-07
986.2	1.0e-07
986.4	1.0e-07
986.6	1.0e-07
986.8	1.0e-07
987.0	1.0e-07
987.2	1.0e-07
987.4	1.0e-07
987.6	1.0e-07
987.8	1.0e-07
988.0	1.0e-07
988.2	1.0e-07
988.4	1.0e-07
988.6	1.0e-07
988.8	1.0e-07
989.0	1.0e-07
989.2	1.0e-07
989.4	1.0e-07
989.6	1.0e-07
989.8	1.0e-07
990.0	1.0e-07
990.2	1.0e-07
990.4	1.0e-07
990.6	1.0e-07
990.8	1.0e-07
991.0	1.0e-07
991.2	1.0e-07
991.4	1.0e-07
991.6	1.0e-07
991.8	1.0294e-07
992.0	1.1967e-07
992.2	1.3911e-07
992.4	1.6171e-07
992.6	1.8799e-07
992.8	2.1853e-07
993.0	2.5404e-07
993.2	2.9531e-07
993.4	3.433e-07
993.6	3.9907e-07
993.8	4.3747e-07
994.0	3.7633e-07
994.2	3.2373e-07
994.4	2.7848e-07
994.6	2.3956e-07
994.8	2.0608e-07
995.0	1.7727e-07
995.2	1.5249e-07
995.4	1.3118e-07
995.6	1.1285e-07
995.8	1.0e-07
996.0	1.0e-07
996.2	1.0e-07
996.4	1.0e-07
996.6	1.0e-07
996.8	1.0e-07
997.0	1.0e-07
997.2	1.0e-07
997.4	1.0e-07
997.6	1.0e-07
997.8	1.0e-07
998.0	1.0e-07
998.2	1.0e-07
998.4	1.0e-07
998.6	1.0e-07
998.8	1.0e-07
999.0	1.0e-07
999.2	1.0e-07
999.4	1.0e-07
999.6	1.0e-07
999.8	1.0e-07
1000.0	1.0e-07
