Typical Measured Spectrum of Semrock FF01-589/18 Optical Filter	
For wavelengths between 320 and 1120 nm, values near or below 3e-7 (Optical Density 6.5) are measurement noise limited.
For wavelengths < 320 nm and > 1120 nm, values near or below 3e-6 (Optical Density 5.5) are measurement noise limited. 
Data format:  Wavelength (nm) <tab> Transmission (0 to 1)
265.0	1.3055e-05
265.2	1.1105e-05
265.4	9.4466e-06
265.6	8.0357e-06
265.8	6.8356e-06
266.0	5.8147e-06
266.2	4.9463e-06
266.4	4.2076e-06
266.6	3.5792e-06
266.8	3.0447e-06
267.0	2.59e-06
267.2	2.2032e-06
267.4	1.8741e-06
267.6	1.5942e-06
267.8	1.3561e-06
268.0	1.1536e-06
268.2	9.8131e-07
268.4	8.3476e-07
268.6	7.1009e-07
268.8	6.0404e-07
269.0	5.1383e-07
269.2	4.3709e-07
269.4	3.9128e-07
269.6	3.8764e-07
269.8	3.8402e-07
270.0	3.8044e-07
270.2	3.769e-07
270.4	3.7338e-07
270.6	3.699e-07
270.8	3.6645e-07
271.0	3.6304e-07
271.2	3.5965e-07
271.4	3.563e-07
271.6	3.5298e-07
271.8	3.4969e-07
272.0	3.4643e-07
272.2	3.432e-07
272.4	3.4e-07
272.6	3.3683e-07
272.8	3.3369e-07
273.0	3.3058e-07
273.2	3.275e-07
273.4	3.2445e-07
273.6	3.2142e-07
273.8	3.1843e-07
274.0	3.1757e-07
274.2	6.1357e-07
274.4	1.1854e-06
274.6	2.2903e-06
274.8	4.4249e-06
275.0	8.5491e-06
275.2	8.8646e-06
275.4	9.1917e-06
275.6	9.5308e-06
275.8	9.8825e-06
276.0	1.0247e-05
276.2	1.0625e-05
276.4	1.1017e-05
276.6	1.1424e-05
276.8	1.1845e-05
277.0	1.2282e-05
277.2	1.2735e-05
277.4	1.3205e-05
277.6	1.3693e-05
277.8	1.4198e-05
278.0	1.2175e-05
278.2	1.0135e-05
278.4	8.4367e-06
278.6	7.0231e-06
278.8	5.8464e-06
279.0	4.8669e-06
279.2	4.0514e-06
279.4	3.3726e-06
279.6	2.8075e-06
279.8	2.3371e-06
280.0	1.9455e-06
280.2	1.6196e-06
280.4	1.3482e-06
280.6	1.1223e-06
280.8	9.3427e-07
281.0	7.7773e-07
281.2	6.4742e-07
281.4	5.3895e-07
281.6	4.4865e-07
281.8	3.7348e-07
282.0	3.109e-07
282.2	2.5881e-07
282.4	2.1545e-07
282.6	1.9671e-07
282.8	1.9372e-07
283.0	1.9077e-07
283.2	1.8787e-07
283.4	1.8501e-07
283.6	1.822e-07
283.8	1.7942e-07
284.0	1.7669e-07
284.2	1.74e-07
284.4	1.7136e-07
284.6	1.6875e-07
284.8	1.6618e-07
285.0	1.6365e-07
285.2	1.6124e-07
285.4	1.5886e-07
285.6	1.5652e-07
285.8	1.5421e-07
286.0	1.5193e-07
286.2	1.4969e-07
286.4	1.4749e-07
286.6	1.4531e-07
286.8	1.4317e-07
287.0	1.4106e-07
287.2	1.3898e-07
287.4	1.3693e-07
287.6	1.3491e-07
287.8	1.3292e-07
288.0	1.3101e-07
288.2	1.2914e-07
288.4	1.273e-07
288.6	1.2548e-07
288.8	1.2369e-07
289.0	1.2192e-07
289.2	1.2018e-07
289.4	1.1846e-07
289.6	1.1677e-07
289.8	1.151e-07
290.0	1.1346e-07
290.2	1.1183e-07
290.4	1.1024e-07
290.6	1.0866e-07
290.8	1.0711e-07
291.0	1.0558e-07
291.2	1.0407e-07
291.4	1.0258e-07
291.6	1.0112e-07
291.8	9.9674e-08
292.0	9.825e-08
292.2	9.6847e-08
292.4	9.5463e-08
292.6	9.3839e-08
292.8	9.2092e-08
293.0	9.0377e-08
293.2	8.8695e-08
293.4	8.7044e-08
293.6	8.5423e-08
293.8	8.3833e-08
294.0	8.2273e-08
294.2	8.0741e-08
294.4	7.9238e-08
294.6	7.7763e-08
294.8	7.6315e-08
295.0	7.4895e-08
295.2	8.7427e-08
295.4	1.0206e-07
295.6	1.1914e-07
295.8	1.3036e-07
296.0	1.4108e-07
296.2	1.5269e-07
296.4	1.6525e-07
296.6	1.7884e-07
296.8	1.9355e-07
297.0	2.0947e-07
297.2	2.267e-07
297.4	2.4535e-07
297.6	2.6554e-07
297.8	2.8738e-07
298.0	3.1102e-07
298.2	3.366e-07
298.4	3.6429e-07
298.6	3.9426e-07
298.8	4.2669e-07
299.0	4.6179e-07
299.2	4.9977e-07
299.4	5.4088e-07
299.6	5.8538e-07
299.8	6.3353e-07
300.0	6.8564e-07
300.2	7.4205e-07
300.4	7.6363e-07
300.6	7.5411e-07
300.8	7.4471e-07
301.0	7.3542e-07
301.2	7.2625e-07
301.4	7.172e-07
301.6	7.0825e-07
301.8	6.9942e-07
302.0	6.907e-07
302.2	6.8209e-07
302.4	6.7359e-07
302.6	6.6519e-07
302.8	6.5689e-07
303.0	6.487e-07
303.2	6.4061e-07
303.4	6.3263e-07
303.6	6.2474e-07
303.8	6.1695e-07
304.0	6.0926e-07
304.2	6.0166e-07
304.4	5.9416e-07
304.6	5.8675e-07
304.8	5.7943e-07
305.0	5.749e-07
305.2	5.8859e-07
305.4	6.0261e-07
305.6	6.1696e-07
305.8	6.3166e-07
306.0	6.467e-07
306.2	6.621e-07
306.4	6.7787e-07
306.6	6.9402e-07
306.8	7.1055e-07
307.0	7.0615e-07
307.2	6.3701e-07
307.4	5.7465e-07
307.6	5.1839e-07
307.8	4.6764e-07
308.0	4.2185e-07
308.2	3.8055e-07
308.4	3.4329e-07
308.6	3.0968e-07
308.8	2.7936e-07
309.0	2.5201e-07
309.2	2.2734e-07
309.4	2.0508e-07
309.6	1.85e-07
309.8	1.6689e-07
310.0	1.5055e-07
310.2	1.3581e-07
310.4	1.2252e-07
310.6	1.1052e-07
310.8	9.9701e-08
311.0	8.994e-08
311.2	8.1134e-08
311.4	7.3191e-08
311.6	6.6025e-08
311.8	6.5206e-08
312.0	6.4941e-08
312.2	6.4677e-08
312.4	6.4414e-08
312.6	6.4152e-08
312.8	6.3891e-08
313.0	6.3631e-08
313.2	6.3372e-08
313.4	6.3114e-08
313.6	6.2857e-08
313.8	6.2602e-08
314.0	6.2347e-08
314.2	6.2093e-08
314.4	6.1841e-08
314.6	6.1589e-08
314.8	6.1339e-08
315.0	6.1089e-08
315.2	6.0841e-08
315.4	6.0593e-08
315.6	6.0347e-08
315.8	6.0101e-08
316.0	5.9857e-08
316.2	5.9613e-08
316.4	5.9429e-08
316.6	5.9282e-08
316.8	5.9136e-08
317.0	5.899e-08
317.2	5.8845e-08
317.4	5.8699e-08
317.6	5.8554e-08
317.8	5.841e-08
318.0	5.8266e-08
318.2	5.8122e-08
318.4	5.7979e-08
318.6	5.7836e-08
318.8	5.7693e-08
319.0	5.755e-08
319.2	5.7408e-08
319.4	5.7267e-08
319.6	5.7125e-08
319.8	5.6984e-08
320.0	5.6844e-08
320.2	5.6703e-08
320.4	5.6564e-08
320.6	5.6424e-08
320.8	5.6285e-08
321.0	5.6084e-08
321.2	5.5751e-08
321.4	5.5421e-08
321.6	5.5093e-08
321.8	5.4767e-08
322.0	5.4443e-08
322.2	5.412e-08
322.4	5.38e-08
322.6	5.3481e-08
322.8	5.3165e-08
323.0	5.285e-08
323.2	5.2537e-08
323.4	5.2226e-08
323.6	5.1916e-08
323.8	5.1609e-08
324.0	5.1303e-08
324.2	5.1e-08
324.4	5.0698e-08
324.6	5.0398e-08
324.8	5.0099e-08
325.0	4.9802e-08
325.2	4.9508e-08
325.4	4.9214e-08
325.6	4.9158e-08
325.8	5.6044e-08
326.0	6.3893e-08
326.2	7.2843e-08
326.4	8.3046e-08
326.6	9.4678e-08
326.8	1.0794e-07
327.0	1.2306e-07
327.2	1.4029e-07
327.4	1.5994e-07
327.6	1.8235e-07
327.8	2.0789e-07
328.0	2.3701e-07
328.2	2.702e-07
328.4	3.0805e-07
328.6	3.512e-07
328.8	4.0039e-07
329.0	4.5647e-07
329.2	5.204e-07
329.4	5.9329e-07
329.6	6.7639e-07
329.8	7.7114e-07
330.0	8.7915e-07
330.2	1.0023e-06
330.4	1.0005e-06
330.6	9.5992e-07
330.8	9.2096e-07
331.0	8.8358e-07
331.2	8.4771e-07
331.4	8.1331e-07
331.6	7.803e-07
331.8	7.4863e-07
332.0	7.1824e-07
332.2	6.8909e-07
332.4	6.6112e-07
332.6	6.3429e-07
332.8	6.0854e-07
333.0	5.8384e-07
333.2	5.6014e-07
333.4	5.3741e-07
333.6	5.156e-07
333.8	4.9467e-07
334.0	4.7459e-07
334.2	4.5533e-07
334.4	4.3685e-07
334.6	4.1912e-07
334.8	4.0211e-07
335.0	3.9217e-07
335.2	4.0127e-07
335.4	4.1059e-07
335.6	4.2012e-07
335.8	4.2987e-07
336.0	4.3985e-07
336.2	4.5006e-07
336.4	4.605e-07
336.6	4.7119e-07
336.8	4.8213e-07
337.0	4.703e-07
337.2	4.135e-07
337.4	3.6357e-07
337.6	3.1966e-07
337.8	2.8105e-07
338.0	2.4711e-07
338.2	2.1726e-07
338.4	1.9102e-07
338.6	1.6795e-07
338.8	1.4767e-07
339.0	1.2984e-07
339.2	1.1416e-07
339.4	1.0037e-07
339.6	8.8247e-08
339.8	7.7589e-08
340.0	6.8219e-08
340.2	5.998e-08
340.4	5.2736e-08
340.6	4.6367e-08
340.8	4.0767e-08
341.0	3.5843e-08
341.2	3.1515e-08
341.4	2.7709e-08
341.6	2.4541e-08
341.8	2.6593e-08
342.0	2.8816e-08
342.2	3.1225e-08
342.4	3.3836e-08
342.6	3.6665e-08
342.8	3.973e-08
343.0	4.3052e-08
343.2	4.6651e-08
343.4	5.0552e-08
343.6	5.4778e-08
343.8	5.9358e-08
344.0	6.4321e-08
344.2	6.9699e-08
344.4	7.5526e-08
344.6	8.184e-08
344.8	8.8683e-08
345.0	9.6097e-08
345.2	1.0413e-07
345.4	1.1284e-07
345.6	1.2227e-07
345.8	1.3249e-07
346.0	1.4357e-07
346.2	1.5558e-07
346.4	1.4899e-07
346.6	1.3738e-07
346.8	1.2666e-07
347.0	1.1679e-07
347.2	1.0768e-07
347.4	9.9285e-08
347.6	9.1544e-08
347.8	8.4406e-08
348.0	7.7825e-08
348.2	7.1756e-08
348.4	6.6161e-08
348.6	6.1003e-08
348.8	5.6246e-08
349.0	5.1861e-08
349.2	4.7817e-08
349.4	4.4088e-08
349.6	4.0651e-08
349.8	3.7481e-08
350.0	3.4559e-08
350.2	3.1864e-08
350.4	2.938e-08
350.6	2.7089e-08
350.8	2.4977e-08
351.0	2.4004e-08
351.2	2.4027e-08
351.4	2.4049e-08
351.6	2.4072e-08
351.8	2.4095e-08
352.0	2.4117e-08
352.2	2.414e-08
352.4	2.4163e-08
352.6	2.4186e-08
352.8	2.4209e-08
353.0	2.4231e-08
353.2	2.4254e-08
353.4	2.4277e-08
353.6	2.43e-08
353.8	2.4323e-08
354.0	2.4346e-08
354.2	2.4369e-08
354.4	2.4392e-08
354.6	2.4415e-08
354.8	2.4438e-08
355.0	2.4461e-08
355.2	2.4484e-08
355.4	2.4507e-08
355.6	2.4561e-08
355.8	2.4706e-08
356.0	2.4851e-08
356.2	2.4998e-08
356.4	2.5145e-08
356.6	2.5293e-08
356.8	2.5442e-08
357.0	2.5592e-08
357.2	2.5742e-08
357.4	2.5894e-08
357.6	2.6047e-08
357.8	2.62e-08
358.0	2.6354e-08
358.2	2.6509e-08
358.4	2.6666e-08
358.6	2.6823e-08
358.8	2.6981e-08
359.0	2.7139e-08
359.2	2.7299e-08
359.4	2.746e-08
359.6	2.7622e-08
359.8	2.7784e-08
360.0	2.7948e-08
360.2	2.8152e-08
360.4	2.994e-08
360.6	3.1841e-08
360.8	3.3864e-08
361.0	3.6015e-08
361.2	3.8302e-08
361.4	4.0735e-08
361.6	4.3322e-08
361.8	4.6074e-08
362.0	4.9e-08
362.2	5.2113e-08
362.4	5.5423e-08
362.6	5.8943e-08
362.8	6.2687e-08
363.0	6.6668e-08
363.2	7.0903e-08
363.4	7.5406e-08
363.6	8.0195e-08
363.8	8.5289e-08
364.0	9.0706e-08
364.2	9.6467e-08
364.4	1.0259e-07
364.6	1.0911e-07
364.8	1.1604e-07
365.0	1.2209e-07
365.2	1.2638e-07
365.4	1.3083e-07
365.6	1.3543e-07
365.8	1.4019e-07
366.0	1.4513e-07
366.2	1.5023e-07
366.4	1.5552e-07
366.6	1.6099e-07
366.8	1.6665e-07
367.0	1.7252e-07
367.2	1.7859e-07
367.4	1.8487e-07
367.6	1.9137e-07
367.8	1.9811e-07
368.0	2.0507e-07
368.2	2.1229e-07
368.4	2.0926e-07
368.6	1.8978e-07
368.8	1.7211e-07
369.0	1.5609e-07
369.2	1.4156e-07
369.4	1.2838e-07
369.6	1.1642e-07
369.8	1.0559e-07
370.0	9.5756e-08
370.2	8.6841e-08
370.4	7.8756e-08
370.6	7.1424e-08
370.8	6.4775e-08
371.0	5.8744e-08
371.2	5.3275e-08
371.4	4.8315e-08
371.6	4.3817e-08
371.8	3.9738e-08
372.0	3.6038e-08
372.2	3.2683e-08
372.4	2.9641e-08
372.6	2.6881e-08
372.8	2.4378e-08
373.0	2.2317e-08
373.2	2.2228e-08
373.4	2.2139e-08
373.6	2.2051e-08
373.8	2.1963e-08
374.0	2.1875e-08
374.2	2.1788e-08
374.4	2.1701e-08
374.6	2.1614e-08
374.8	2.1528e-08
375.0	2.1442e-08
375.2	2.1356e-08
375.4	2.1271e-08
375.6	2.1186e-08
375.8	2.1101e-08
376.0	2.1017e-08
376.2	2.0933e-08
376.4	2.0849e-08
376.6	2.0766e-08
376.8	2.0683e-08
377.0	2.0601e-08
377.2	2.0518e-08
377.4	2.0437e-08
377.6	2.0355e-08
377.8	2.2483e-08
378.0	2.5328e-08
378.2	2.8533e-08
378.4	3.2143e-08
378.6	3.621e-08
378.8	4.0792e-08
379.0	4.5953e-08
379.2	5.1767e-08
379.4	5.8318e-08
379.6	6.5697e-08
379.8	7.4009e-08
380.0	8.3374e-08
380.2	9.3923e-08
380.4	1.0581e-07
380.6	1.192e-07
380.8	1.3428e-07
381.0	1.5127e-07
381.2	1.7041e-07
381.4	1.9197e-07
381.6	2.1626e-07
381.8	2.4362e-07
382.0	2.7445e-07
382.2	3.0917e-07
382.4	3.003e-07
382.6	2.6368e-07
382.8	2.3153e-07
383.0	2.0329e-07
383.2	1.785e-07
383.4	1.5674e-07
383.6	1.3762e-07
383.8	1.2084e-07
384.0	1.0611e-07
384.2	9.3167e-08
384.4	8.1806e-08
384.6	7.183e-08
384.8	6.3071e-08
385.0	5.538e-08
385.2	4.8627e-08
385.4	4.2697e-08
385.6	3.749e-08
385.8	3.2919e-08
386.0	2.8904e-08
386.2	2.538e-08
386.4	2.2285e-08
386.6	1.9567e-08
386.8	1.7181e-08
387.0	1.5775e-08
387.2	1.5682e-08
387.4	1.5589e-08
387.6	1.5496e-08
387.8	1.5404e-08
388.0	1.5313e-08
388.2	1.5222e-08
388.4	1.5132e-08
388.6	1.5042e-08
388.8	1.4953e-08
389.0	1.4864e-08
389.2	1.4776e-08
389.4	1.4688e-08
389.6	1.4601e-08
389.8	1.4514e-08
390.0	1.4428e-08
390.2	1.4343e-08
390.4	1.4257e-08
390.6	1.4173e-08
390.8	1.4089e-08
391.0	1.4005e-08
391.2	1.3922e-08
391.4	1.3839e-08
391.6	1.5736e-08
391.8	4.2324e-08
392.0	1.1384e-07
392.2	7.1185e-08
392.4	4.4514e-08
392.6	2.7836e-08
392.8	1.7406e-08
393.0	1.3941e-08
393.2	1.3787e-08
393.4	1.3634e-08
393.6	1.3483e-08
393.8	1.3334e-08
394.0	1.3186e-08
394.2	1.304e-08
394.4	1.2896e-08
394.6	1.2753e-08
394.8	1.2612e-08
395.0	1.2472e-08
395.2	1.2334e-08
395.4	1.2197e-08
395.6	1.2062e-08
395.8	1.1929e-08
396.0	1.1797e-08
396.2	1.1666e-08
396.4	1.1537e-08
396.6	1.1409e-08
396.8	1.2767e-08
397.0	1.4351e-08
397.2	1.6131e-08
397.4	1.8133e-08
397.6	2.0382e-08
397.8	2.2911e-08
398.0	2.5753e-08
398.2	2.8948e-08
398.4	3.254e-08
398.6	3.6577e-08
398.8	4.1115e-08
399.0	4.6215e-08
399.2	5.1949e-08
399.4	5.8394e-08
399.6	6.5638e-08
399.8	7.3781e-08
400.0	8.2935e-08
400.2	9.3224e-08
400.4	1.0e-07
400.6	1.0e-07
400.8	1.0e-07
401.0	1.0e-07
401.2	1.0e-07
401.4	1.0e-07
401.6	1.0e-07
401.8	1.0e-07
402.0	1.0e-07
402.2	1.0e-07
402.4	1.0e-07
402.6	1.0e-07
402.8	1.0e-07
403.0	1.0e-07
403.2	1.0e-07
403.4	1.0e-07
403.6	1.0e-07
403.8	1.0e-07
404.0	1.0e-07
404.2	1.0e-07
404.4	1.0e-07
404.6	1.0e-07
404.8	1.0e-07
405.0	1.0e-07
405.2	1.0e-07
405.4	1.0e-07
405.6	1.0e-07
405.8	1.0e-07
406.0	1.0e-07
406.2	1.0e-07
406.4	1.0e-07
406.6	1.0e-07
406.8	1.0e-07
407.0	1.0e-07
407.2	1.0e-07
407.4	1.0e-07
407.6	1.0e-07
407.8	9.9197e-08
408.0	9.6566e-08
408.2	9.4004e-08
408.4	9.1511e-08
408.6	8.9084e-08
408.8	8.6721e-08
409.0	8.4421e-08
409.2	8.2181e-08
409.4	8.0002e-08
409.6	7.788e-08
409.8	7.5814e-08
410.0	7.3803e-08
410.2	7.1845e-08
410.4	6.994e-08
410.6	6.8085e-08
410.8	6.6279e-08
411.0	6.4521e-08
411.2	6.2809e-08
411.4	6.1143e-08
411.6	6.2022e-08
411.8	6.3712e-08
412.0	6.5449e-08
412.2	6.7234e-08
412.4	6.9066e-08
412.6	7.0949e-08
412.8	7.2884e-08
413.0	7.487e-08
413.2	7.6912e-08
413.4	7.9008e-08
413.6	8.1162e-08
413.8	8.3375e-08
414.0	8.5648e-08
414.2	8.7983e-08
414.4	9.0381e-08
414.6	9.2845e-08
414.8	9.5376e-08
415.0	9.7977e-08
415.2	9.7568e-08
415.4	8.8054e-08
415.6	7.9467e-08
415.8	7.1718e-08
416.0	6.4725e-08
416.2	5.8413e-08
416.4	5.2717e-08
416.6	4.7576e-08
416.8	4.2937e-08
417.0	3.875e-08
417.2	3.4972e-08
417.4	3.1561e-08
417.6	2.8484e-08
417.8	2.5706e-08
418.0	2.32e-08
418.2	2.0937e-08
418.4	1.8896e-08
418.6	1.7053e-08
418.8	1.539e-08
419.0	1.6134e-08
419.2	1.7878e-08
419.4	1.981e-08
419.6	2.1951e-08
419.8	2.4324e-08
420.0	2.6953e-08
420.2	2.9866e-08
420.4	3.3094e-08
420.6	3.6671e-08
420.8	4.0634e-08
421.0	4.5026e-08
421.2	4.9892e-08
421.4	5.5284e-08
421.6	6.1259e-08
421.8	6.788e-08
422.0	7.5217e-08
422.2	8.3346e-08
422.4	9.2354e-08
422.6	1.0036e-07
422.8	1.0197e-07
423.0	1.0362e-07
423.2	1.0528e-07
423.4	1.0698e-07
423.6	1.087e-07
423.8	1.1045e-07
424.0	1.1223e-07
424.2	1.1403e-07
424.4	1.1587e-07
424.6	1.1773e-07
424.8	1.1962e-07
425.0	1.2155e-07
425.2	1.2351e-07
425.4	1.2549e-07
425.6	1.2751e-07
425.8	1.2956e-07
426.0	1.3165e-07
426.2	1.3377e-07
426.4	1.5568e-07
426.6	1.9052e-07
426.8	2.3314e-07
427.0	2.8531e-07
427.2	2.7084e-07
427.4	2.571e-07
427.6	2.4406e-07
427.8	2.3168e-07
428.0	2.1993e-07
428.2	2.0877e-07
428.4	1.9818e-07
428.6	1.8813e-07
428.8	1.7858e-07
429.0	1.6953e-07
429.2	1.6093e-07
429.4	1.5276e-07
429.6	1.4501e-07
429.8	1.3766e-07
430.0	1.3068e-07
430.2	1.2437e-07
430.4	1.2192e-07
430.6	1.1952e-07
430.8	1.1717e-07
431.0	1.1487e-07
431.2	1.1261e-07
431.4	1.104e-07
431.6	1.0822e-07
431.8	1.061e-07
432.0	1.0401e-07
432.2	1.0196e-07
432.4	9.9959e-08
432.6	9.7993e-08
432.8	9.6066e-08
433.0	9.4177e-08
433.2	9.2325e-08
433.4	9.0509e-08
433.6	8.8729e-08
433.8	8.6984e-08
434.0	8.2863e-08
434.2	7.7032e-08
434.4	7.1611e-08
434.6	6.6572e-08
434.8	6.1887e-08
435.0	5.7532e-08
435.2	5.3483e-08
435.4	4.972e-08
435.6	4.6221e-08
435.8	4.2968e-08
436.0	3.9944e-08
436.2	3.7134e-08
436.4	3.452e-08
436.6	3.2091e-08
436.8	2.9833e-08
437.0	2.7734e-08
437.2	2.5782e-08
437.4	2.3968e-08
437.6	2.2298e-08
437.8	2.4181e-08
438.0	2.6222e-08
438.2	2.8436e-08
438.4	3.0837e-08
438.6	3.344e-08
438.8	3.6264e-08
439.0	3.9325e-08
439.2	4.2645e-08
439.4	4.6246e-08
439.6	5.015e-08
439.8	5.4384e-08
440.0	5.8975e-08
440.2	6.3954e-08
440.4	6.9354e-08
440.6	7.5209e-08
440.8	8.1559e-08
441.0	8.8445e-08
441.2	9.5912e-08
441.4	1.0e-07
441.6	1.0e-07
441.8	1.0e-07
442.0	1.0e-07
442.2	1.0e-07
442.4	1.0e-07
442.6	1.0e-07
442.8	1.0e-07
443.0	1.0e-07
443.2	1.0e-07
443.4	1.0e-07
443.6	1.0e-07
443.8	1.0e-07
444.0	1.0e-07
444.2	1.0e-07
444.4	1.0e-07
444.6	1.0e-07
444.8	1.0e-07
445.0	1.0e-07
445.2	1.0e-07
445.4	1.0e-07
445.6	1.0e-07
445.8	1.0e-07
446.0	1.0e-07
446.2	1.0e-07
446.4	1.0e-07
446.6	1.0e-07
446.8	1.0e-07
447.0	1.0e-07
447.2	1.0e-07
447.4	1.0e-07
447.6	1.0e-07
447.8	1.0e-07
448.0	1.0e-07
448.2	1.0e-07
448.4	1.0e-07
448.6	1.0e-07
448.8	1.0e-07
449.0	1.0e-07
449.2	1.0e-07
449.4	1.0e-07
449.6	1.0e-07
449.8	1.0e-07
450.0	1.0e-07
450.2	1.0e-07
450.4	1.0e-07
450.6	1.0e-07
450.8	1.0e-07
451.0	1.0e-07
451.2	1.0e-07
451.4	1.0e-07
451.6	1.0e-07
451.8	1.0e-07
452.0	1.0e-07
452.2	1.0e-07
452.4	1.0e-07
452.6	9.1384e-08
452.8	8.3357e-08
453.0	7.6035e-08
453.2	6.9356e-08
453.4	6.3264e-08
453.6	5.7707e-08
453.8	5.2638e-08
454.0	4.8014e-08
454.2	4.3796e-08
454.4	3.9949e-08
454.6	3.644e-08
454.8	3.3239e-08
455.0	3.032e-08
455.2	2.7656e-08
455.4	2.5227e-08
455.6	2.3011e-08
455.8	2.099e-08
456.0	1.9146e-08
456.2	1.9129e-08
456.4	2.0973e-08
456.6	2.2994e-08
456.8	2.521e-08
457.0	2.764e-08
457.2	3.0304e-08
457.4	3.3225e-08
457.6	3.6427e-08
457.8	3.9938e-08
458.0	4.3787e-08
458.2	4.8007e-08
458.4	5.2634e-08
458.6	5.7707e-08
458.8	6.3269e-08
459.0	6.9367e-08
459.2	7.6053e-08
459.4	8.3383e-08
459.6	9.1419e-08
459.8	9.972e-08
460.0	8.9132e-08
460.2	7.9668e-08
460.4	7.1208e-08
460.6	6.3648e-08
460.8	5.6889e-08
461.0	5.0849e-08
461.2	4.545e-08
461.4	4.0624e-08
461.6	3.6311e-08
461.8	3.2455e-08
462.0	2.9009e-08
462.2	2.5929e-08
462.4	2.3176e-08
462.6	2.0715e-08
462.8	1.8515e-08
463.0	1.6549e-08
463.2	1.4792e-08
463.4	1.3222e-08
463.6	1.3416e-08
463.8	1.5011e-08
464.0	1.6795e-08
464.2	1.8792e-08
464.4	2.1025e-08
464.6	2.3524e-08
464.8	2.632e-08
465.0	2.9449e-08
465.2	3.2949e-08
465.4	3.6866e-08
465.6	4.1248e-08
465.8	4.615e-08
466.0	5.1636e-08
466.2	5.7773e-08
466.4	6.464e-08
466.6	7.2324e-08
466.8	8.092e-08
467.0	9.0538e-08
467.2	1.0382e-07
467.4	1.4388e-07
467.6	1.9938e-07
467.8	2.7631e-07
468.0	3.829e-07
468.2	3.8216e-07
468.4	3.8142e-07
468.6	3.8068e-07
468.8	3.7994e-07
469.0	3.792e-07
469.2	3.7846e-07
469.4	3.7773e-07
469.6	3.77e-07
469.8	3.7627e-07
470.0	3.7553e-07
470.2	3.7481e-07
470.4	3.7408e-07
470.6	3.7373e-07
470.8	3.7812e-07
471.0	3.8256e-07
471.2	3.8705e-07
471.4	3.916e-07
471.6	3.962e-07
471.8	4.0085e-07
472.0	4.0555e-07
472.2	4.1032e-07
472.4	4.1513e-07
472.6	4.2001e-07
472.8	4.2494e-07
473.0	4.2993e-07
473.2	4.3498e-07
473.4	4.4008e-07
473.6	4.4525e-07
473.8	4.5048e-07
474.0	4.5577e-07
474.2	4.6112e-07
474.4	4.6535e-07
474.6	4.688e-07
474.8	4.7228e-07
475.0	4.7578e-07
475.2	4.793e-07
475.4	4.8285e-07
475.6	4.8643e-07
475.8	4.9003e-07
476.0	4.9367e-07
476.2	4.9732e-07
476.4	5.0101e-07
476.6	5.0472e-07
476.8	5.0846e-07
477.0	5.1223e-07
477.2	5.1602e-07
477.4	5.1985e-07
477.6	5.237e-07
477.8	5.2758e-07
478.0	5.3142e-07
478.2	5.3471e-07
478.4	5.3802e-07
478.6	5.4136e-07
478.8	5.4471e-07
479.0	5.4809e-07
479.2	5.5149e-07
479.4	5.5491e-07
479.6	5.5835e-07
479.8	5.6181e-07
480.0	5.6529e-07
480.2	5.6879e-07
480.4	5.7232e-07
480.6	5.7587e-07
480.8	5.7944e-07
481.0	5.8303e-07
481.2	5.8664e-07
481.4	5.9028e-07
481.6	5.9394e-07
481.8	5.9969e-07
482.0	6.0664e-07
482.2	6.1368e-07
482.4	6.208e-07
482.6	6.28e-07
482.8	6.3529e-07
483.0	6.4266e-07
483.2	6.5011e-07
483.4	6.5765e-07
483.6	6.6528e-07
483.8	6.73e-07
484.0	6.8081e-07
484.2	6.887e-07
484.4	6.9669e-07
484.6	7.0477e-07
484.8	7.1295e-07
485.0	7.2122e-07
485.2	7.2958e-07
485.4	7.3767e-07
485.6	7.4424e-07
485.8	7.5086e-07
486.0	7.5755e-07
486.2	7.6429e-07
486.4	7.711e-07
486.6	7.7796e-07
486.8	7.8488e-07
487.0	7.9187e-07
487.2	7.9892e-07
487.4	8.0603e-07
487.6	8.1321e-07
487.8	8.2044e-07
488.0	8.2775e-07
488.2	8.3512e-07
488.4	8.4255e-07
488.6	8.5005e-07
488.8	8.5762e-07
489.0	8.6525e-07
489.2	8.7515e-07
489.4	8.8591e-07
489.6	8.9682e-07
489.8	9.0785e-07
490.0	9.1902e-07
490.2	9.3033e-07
490.4	9.4178e-07
490.6	9.5337e-07
490.8	9.651e-07
491.0	9.7698e-07
491.2	9.89e-07
491.4	1.0012e-06
491.6	1.0135e-06
491.8	1.026e-06
492.0	1.0386e-06
492.2	1.0514e-06
492.4	1.0643e-06
492.6	1.0774e-06
492.8	1.0904e-06
493.0	1.103e-06
493.2	1.1156e-06
493.4	1.1285e-06
493.6	1.1415e-06
493.8	1.1546e-06
494.0	1.1679e-06
494.2	1.1814e-06
494.4	1.195e-06
494.6	1.2087e-06
494.8	1.2226e-06
495.0	1.2367e-06
495.2	1.2509e-06
495.4	1.2653e-06
495.6	1.2799e-06
495.8	1.2946e-06
496.0	1.3095e-06
496.2	1.3246e-06
496.4	1.3398e-06
496.6	1.2283e-06
496.8	1.111e-06
497.0	1.0049e-06
497.2	9.0899e-07
497.4	8.222e-07
497.6	7.437e-07
497.8	6.7269e-07
498.0	6.0846e-07
498.2	5.5037e-07
498.4	4.9782e-07
498.6	4.5029e-07
498.8	4.073e-07
499.0	3.6841e-07
499.2	3.3323e-07
499.4	3.0142e-07
499.6	2.7264e-07
499.8	2.4661e-07
500.0	2.2306e-07
500.2	2.0177e-07
500.4	1.825e-07
500.6	1.6508e-07
500.8	1.4932e-07
501.0	1.3506e-07
501.2	1.2216e-07
501.4	1.105e-07
501.6	1.1026e-07
501.8	1.1149e-07
502.0	1.1275e-07
502.2	1.1401e-07
502.4	1.153e-07
502.6	1.1659e-07
502.8	1.179e-07
503.0	1.1922e-07
503.2	1.2056e-07
503.4	1.2192e-07
503.6	1.2329e-07
503.8	1.2467e-07
504.0	1.2607e-07
504.2	1.2749e-07
504.4	1.2892e-07
504.6	1.3037e-07
504.8	1.3184e-07
505.0	1.3254e-07
505.2	1.3091e-07
505.4	1.293e-07
505.6	1.2772e-07
505.8	1.2615e-07
506.0	1.246e-07
506.2	1.2307e-07
506.4	1.2156e-07
506.6	1.2007e-07
506.8	1.186e-07
507.0	1.1714e-07
507.2	1.1571e-07
507.4	1.1429e-07
507.6	1.1288e-07
507.8	1.115e-07
508.0	1.1013e-07
508.2	1.0878e-07
508.4	1.0744e-07
508.6	1.0613e-07
508.8	1.0482e-07
509.0	1.0354e-07
509.2	1.0227e-07
509.4	1.0101e-07
509.6	9.9773e-08
509.8	9.8548e-08
510.0	9.7477e-08
510.2	9.6562e-08
510.4	9.5655e-08
510.6	9.4757e-08
510.8	9.3868e-08
511.0	9.2987e-08
511.2	9.2114e-08
511.4	9.1249e-08
511.6	9.0393e-08
511.8	8.9544e-08
512.0	8.8704e-08
512.2	8.7871e-08
512.4	8.7046e-08
512.6	8.6229e-08
512.8	8.5419e-08
513.0	8.4618e-08
513.2	8.3823e-08
513.4	8.3036e-08
513.6	8.2257e-08
513.8	8.1485e-08
514.0	8.072e-08
514.2	7.9962e-08
514.4	7.9212e-08
514.6	7.8468e-08
514.8	7.7731e-08
515.0	7.7609e-08
515.2	7.7725e-08
515.4	7.7841e-08
515.6	7.7957e-08
515.8	7.8073e-08
516.0	7.8189e-08
516.2	7.8305e-08
516.4	7.8422e-08
516.6	7.8538e-08
516.8	7.8655e-08
517.0	7.8772e-08
517.2	7.889e-08
517.4	7.9007e-08
517.6	7.9125e-08
517.8	7.9242e-08
518.0	7.936e-08
518.2	7.9478e-08
518.4	7.9597e-08
518.6	7.9715e-08
518.8	7.9834e-08
519.0	7.9953e-08
519.2	8.0072e-08
519.4	8.0191e-08
519.6	8.031e-08
519.8	8.0267e-08
520.0	7.9694e-08
520.2	7.9126e-08
520.4	7.8562e-08
520.6	7.8002e-08
520.8	7.7446e-08
521.0	7.6894e-08
521.2	7.6346e-08
521.4	7.5802e-08
521.6	7.5262e-08
521.8	7.4725e-08
522.0	7.4193e-08
522.2	7.3664e-08
522.4	7.3139e-08
522.6	7.2617e-08
522.8	7.21e-08
523.0	7.1586e-08
523.2	7.1076e-08
523.4	7.0569e-08
523.6	7.0066e-08
523.8	6.9566e-08
524.0	6.9071e-08
524.2	6.8578e-08
524.4	6.8089e-08
524.6	6.7604e-08
524.8	6.7537e-08
525.0	6.7613e-08
525.2	6.7689e-08
525.4	6.7765e-08
525.6	6.7841e-08
525.8	6.7918e-08
526.0	6.7994e-08
526.2	6.807e-08
526.4	6.8147e-08
526.6	6.8223e-08
526.8	6.83e-08
527.0	6.8377e-08
527.2	6.8453e-08
527.4	6.853e-08
527.6	6.8607e-08
527.8	6.8684e-08
528.0	6.8761e-08
528.2	6.8839e-08
528.4	6.8916e-08
528.6	6.8993e-08
528.8	6.9071e-08
529.0	6.9148e-08
529.2	6.9226e-08
529.4	6.9304e-08
529.6	6.9468e-08
529.8	6.9907e-08
530.0	7.0348e-08
530.2	7.0792e-08
530.4	7.1239e-08
530.6	7.1689e-08
530.8	7.2141e-08
531.0	7.2597e-08
531.2	7.3055e-08
531.4	7.3516e-08
531.6	7.398e-08
531.8	7.4448e-08
532.0	7.4918e-08
532.2	7.5391e-08
532.4	7.5867e-08
532.6	7.6346e-08
532.8	7.6828e-08
533.0	7.7313e-08
533.2	7.7801e-08
533.4	7.8292e-08
533.6	7.8786e-08
533.8	7.9284e-08
534.0	7.9784e-08
534.2	8.0288e-08
534.4	8.0795e-08
534.6	8.108e-08
534.8	8.1286e-08
535.0	8.1493e-08
535.2	8.1701e-08
535.4	8.1909e-08
535.6	8.2118e-08
535.8	8.2327e-08
536.0	8.2537e-08
536.2	8.2747e-08
536.4	8.2958e-08
536.6	8.317e-08
536.8	8.3382e-08
537.0	8.3594e-08
537.2	8.3807e-08
537.4	8.4021e-08
537.6	8.4235e-08
537.8	8.445e-08
538.0	8.4665e-08
538.2	8.4881e-08
538.4	8.5097e-08
538.6	8.5314e-08
538.8	8.5531e-08
539.0	8.5749e-08
539.2	8.5968e-08
539.4	8.8079e-08
539.6	9.6489e-08
539.8	1.057e-07
540.0	1.1579e-07
540.2	1.2685e-07
540.4	1.3896e-07
540.6	1.5223e-07
540.8	1.6676e-07
541.0	1.8269e-07
541.2	2.0013e-07
541.4	2.1924e-07
541.6	2.4017e-07
541.8	2.631e-07
542.0	2.8822e-07
542.2	3.1574e-07
542.4	3.4589e-07
542.6	3.7892e-07
542.8	4.1509e-07
543.0	4.5473e-07
543.2	4.9814e-07
543.4	5.4571e-07
543.6	5.9781e-07
543.8	6.5489e-07
544.0	7.1742e-07
544.2	7.8592e-07
544.4	7.5629e-07
544.6	6.978e-07
544.8	6.4383e-07
545.0	5.9404e-07
545.2	5.481e-07
545.4	5.0571e-07
545.6	4.666e-07
545.8	4.3052e-07
546.0	3.9722e-07
546.2	3.665e-07
546.4	3.3816e-07
546.6	3.1201e-07
546.8	2.8788e-07
547.0	2.6561e-07
547.2	2.4507e-07
547.4	2.2612e-07
547.6	2.0863e-07
547.8	1.925e-07
548.0	1.7761e-07
548.2	1.6387e-07
548.4	1.512e-07
548.6	1.3951e-07
548.8	1.2872e-07
549.0	1.1876e-07
549.2	1.1199e-07
549.4	1.1273e-07
549.6	1.1347e-07
549.8	1.1422e-07
550.0	1.1497e-07
550.2	1.1572e-07
550.4	1.1649e-07
550.6	1.1725e-07
550.8	1.1803e-07
551.0	1.188e-07
551.2	1.1959e-07
551.4	1.2037e-07
551.6	1.2117e-07
551.8	1.2196e-07
552.0	1.2277e-07
552.2	1.2357e-07
552.4	1.2439e-07
552.6	1.2521e-07
552.8	1.2604e-07
553.0	1.272e-07
553.2	1.2838e-07
553.4	1.2956e-07
553.6	1.3076e-07
553.8	1.3197e-07
554.0	1.3319e-07
554.2	1.3442e-07
554.4	1.3566e-07
554.6	1.3691e-07
554.8	1.3818e-07
555.0	1.3946e-07
555.2	1.4074e-07
555.4	1.4204e-07
555.6	1.4336e-07
555.8	1.4468e-07
556.0	1.4602e-07
556.2	1.4737e-07
556.4	1.4878e-07
556.6	1.5026e-07
556.8	1.5177e-07
557.0	1.5328e-07
557.2	1.5481e-07
557.4	1.5636e-07
557.6	1.5792e-07
557.8	1.595e-07
558.0	1.6109e-07
558.2	1.627e-07
558.4	1.6433e-07
558.6	1.6182e-07
558.8	1.3877e-07
559.0	1.1901e-07
559.2	1.0206e-07
559.4	8.753e-08
559.6	7.5065e-08
559.8	6.4375e-08
560.0	5.5208e-08
560.2	5.6612e-08
560.4	6.9169e-08
560.6	8.451e-08
560.8	8.4665e-08
561.0	8.4735e-08
561.2	9.0045e-08
561.4	1.0198e-07
561.6	1.0526e-07
561.8	1.0859e-07
562.0	1.1037e-07
562.2	1.1041e-07
562.4	1.1046e-07
562.6	1.1061e-07
562.8	1.1062e-07
563.0	1.1048e-07
563.2	1.1033e-07
563.4	1.0326e-07
563.6	9.654e-08
563.8	1.0064e-07
564.0	1.1834e-07
564.2	1.6181e-07
564.4	2.2157e-07
564.6	2.7634e-07
564.8	3.1147e-07
565.0	3.5107e-07
565.2	4.197e-07
565.4	4.8469e-07
565.6	5.3809e-07
565.8	5.9736e-07
566.0	7.1714e-07
566.2	8.6303e-07
566.4	1.0038e-06
566.6	1.1225e-06
566.8	1.3874e-06
567.0	1.7194e-06
567.2	2.0932e-06
567.4	2.4978e-06
567.6	2.9806e-06
567.8	3.5801e-06
568.0	4.3471e-06
568.2	5.3304e-06
568.4	6.5372e-06
568.6	8.1567e-06
568.8	1.0177e-05
569.0	1.2474e-05
569.2	1.5025e-05
569.4	1.9102e-05
569.6	2.4284e-05
569.8	3.073e-05
570.0	3.8708e-05
570.2	4.8757e-05
570.4	6.189e-05
570.6	7.9701e-05
570.8	1.041e-04
571.0	1.3596e-04
571.2	1.7659e-04
571.4	2.2937e-04
571.6	2.9528e-04
571.8	3.8056e-04
572.0	5.0176e-04
572.2	6.6942e-04
572.4	8.9243e-04
572.6	0.00121
572.8	0.00165
573.0	0.00227
573.2	0.00311
573.4	0.0043
573.6	0.00606
573.8	0.00855
574.0	0.01223
574.2	0.01766
574.4	0.02428
574.6	0.03542
574.8	0.05218
575.0	0.07718
575.2	0.11403
575.4	0.16764
575.6	0.24258
575.8	0.36167
576.0	0.48043
576.2	0.60262
576.4	0.71507
576.6	0.80387
576.8	0.86778
577.0	0.91059
577.2	0.93703
577.4	0.95401
577.6	0.96445
577.8	0.97143
578.0	0.97643
578.2	0.97919
578.4	0.98078
578.6	0.98227
578.8	0.98269
579.0	0.98245
579.2	0.98205
579.4	0.98211
579.6	0.9818
579.8	0.98131
580.0	0.98138
580.2	0.98122
580.4	0.98118
580.6	0.98134
580.8	0.98114
581.0	0.98183
581.2	0.98229
581.4	0.98266
581.6	0.98322
581.8	0.98351
582.0	0.98461
582.2	0.98535
582.4	0.98563
582.6	0.98636
582.8	0.98724
583.0	0.98823
583.2	0.98849
583.4	0.98953
583.6	0.99018
583.8	0.99052
584.0	0.99062
584.2	0.99085
584.4	0.99079
584.6	0.98997
584.8	0.9902
585.0	0.98914
585.2	0.98832
585.4	0.98767
585.6	0.98657
585.8	0.98586
586.0	0.98448
586.2	0.98346
586.4	0.98204
586.6	0.98165
586.8	0.98111
587.0	0.98001
587.2	0.98018
587.4	0.97946
587.6	0.97916
587.8	0.97908
588.0	0.97884
588.2	0.97907
588.4	0.97853
588.6	0.97884
588.8	0.9783
589.0	0.9782
589.2	0.97841
589.4	0.97792
589.6	0.97835
589.8	0.97902
590.0	0.97945
590.2	0.9805
590.4	0.98105
590.6	0.98266
590.8	0.98339
591.0	0.98494
591.2	0.98599
591.4	0.98723
591.6	0.98707
591.8	0.98741
592.0	0.98697
592.2	0.98606
592.4	0.98469
592.6	0.98356
592.8	0.98151
593.0	0.97913
593.2	0.97749
593.4	0.9758
593.6	0.97448
593.8	0.97401
594.0	0.97376
594.2	0.97482
594.4	0.97573
594.6	0.97731
594.8	0.97913
595.0	0.98091
595.2	0.98146
595.4	0.98166
595.6	0.98108
595.8	0.98046
596.0	0.97849
596.2	0.97682
596.4	0.97486
596.6	0.9733
596.8	0.97283
597.0	0.9735
597.2	0.97541
597.4	0.97777
597.6	0.98004
597.8	0.98195
598.0	0.98194
598.2	0.98082
598.4	0.97827
598.6	0.97599
598.8	0.97403
599.0	0.97026
599.2	0.95034
599.4	0.89022
599.6	0.75473
599.8	0.55426
600.0	0.35361
600.2	0.20472
600.4	0.11429
600.6	0.06382
600.8	0.03515
601.0	0.02016
601.2	0.01194
601.4	0.00727
601.6	0.00456
601.8	0.00293
602.0	0.00184
602.2	0.00121
602.4	8.0023e-04
602.6	5.4305e-04
602.8	3.7664e-04
603.0	2.6315e-04
603.2	1.8237e-04
603.4	1.2464e-04
603.6	9.2406e-05
603.8	6.5612e-05
604.0	4.9831e-05
604.2	3.5228e-05
604.4	2.6909e-05
604.6	2.0006e-05
604.8	1.4692e-05
605.0	1.1639e-05
605.2	8.8363e-06
605.4	6.6993e-06
605.6	5.1057e-06
605.8	4.34e-06
606.0	3.1305e-06
606.2	2.5134e-06
606.4	1.9053e-06
606.6	1.2833e-06
606.8	1.2908e-06
607.0	1.0609e-06
607.2	1.0024e-06
607.4	8.0975e-07
607.6	7.1408e-07
607.8	3.6679e-07
608.0	3.403e-07
608.2	4.3692e-07
608.4	2.9678e-07
608.6	3.9568e-07
608.8	1.0445e-07
609.0	8.418e-08
609.2	1.6888e-07
609.4	2.3999e-07
609.6	1.0431e-07
609.8	1.1744e-07
610.0	1.3867e-07
610.2	7.7066e-08
610.4	9.996e-08
610.6	4.9025e-08
610.8	1.178e-07
611.0	6.4616e-08
611.2	9.8592e-08
611.4	4.996e-08
611.6	4.9143e-08
611.8	1.1559e-07
612.0	1.4781e-07
612.2	4.9233e-08
612.4	1.128e-07
612.6	1.1297e-07
612.8	5.6412e-08
613.0	6.9436e-08
613.2	5.6286e-08
613.4	5.6077e-08
613.6	5.2805e-08
613.8	6.179e-08
614.0	9.386e-08
614.2	1.7232e-07
614.4	1.2776e-07
614.6	5.6025e-08
614.8	6.2694e-08
615.0	5.243e-08
615.2	7.9412e-08
615.4	1.3215e-07
615.6	2.3843e-07
615.8	1.0065e-07
616.0	9.4281e-08
616.2	1.0241e-07
616.4	1.1124e-07
616.6	1.2083e-07
616.8	1.3124e-07
617.0	1.4256e-07
617.2	1.5485e-07
617.4	1.6385e-07
617.6	1.6126e-07
617.8	1.5871e-07
618.0	1.5619e-07
618.2	1.5372e-07
618.4	1.5129e-07
618.6	1.4889e-07
618.8	1.4653e-07
619.0	1.4421e-07
619.2	1.4193e-07
619.4	1.3968e-07
619.6	1.3747e-07
619.8	1.3529e-07
620.0	1.3315e-07
620.2	1.3104e-07
620.4	1.2897e-07
620.6	1.2693e-07
620.8	1.2492e-07
621.0	1.2395e-07
621.2	1.2332e-07
621.4	1.2269e-07
621.6	1.2206e-07
621.8	1.2143e-07
622.0	1.2081e-07
622.2	1.202e-07
622.4	1.1958e-07
622.6	1.1897e-07
622.8	1.1836e-07
623.0	1.1776e-07
623.2	1.1716e-07
623.4	1.1656e-07
623.6	1.1596e-07
623.8	1.1537e-07
624.0	1.1478e-07
624.2	1.1419e-07
624.4	1.1361e-07
624.6	1.1303e-07
624.8	1.1245e-07
625.0	1.1187e-07
625.2	1.113e-07
625.4	1.1073e-07
625.6	1.1017e-07
625.8	1.0953e-07
626.0	1.0864e-07
626.2	1.0777e-07
626.4	1.069e-07
626.6	1.0603e-07
626.8	1.0518e-07
627.0	1.0433e-07
627.2	1.0348e-07
627.4	1.0265e-07
627.6	1.0182e-07
627.8	1.01e-07
628.0	1.0018e-07
628.2	9.9373e-08
628.4	9.8571e-08
628.6	9.7775e-08
628.8	9.6986e-08
629.0	9.6202e-08
629.2	9.5426e-08
629.4	9.4655e-08
629.6	9.3891e-08
629.8	9.3133e-08
630.0	9.2381e-08
630.2	9.1635e-08
630.4	9.0895e-08
630.6	9.0161e-08
630.8	8.9814e-08
631.0	8.962e-08
631.2	8.9427e-08
631.4	8.9234e-08
631.6	8.9041e-08
631.8	8.8849e-08
632.0	8.8657e-08
632.2	8.8466e-08
632.4	8.8275e-08
632.6	8.8084e-08
632.8	8.7894e-08
633.0	8.7704e-08
633.2	8.7515e-08
633.4	8.7326e-08
633.6	8.7138e-08
633.8	8.6949e-08
634.0	8.6762e-08
634.2	8.6575e-08
634.4	8.6388e-08
634.6	8.6201e-08
634.8	8.6015e-08
635.0	8.5829e-08
635.2	8.5644e-08
635.4	8.5459e-08
635.6	8.5742e-08
635.8	8.757e-08
636.0	8.9437e-08
636.2	9.1344e-08
636.4	9.3292e-08
636.6	9.5281e-08
636.8	9.7312e-08
637.0	9.9387e-08
637.2	1.0151e-07
637.4	1.0367e-07
637.6	1.0588e-07
637.8	1.0814e-07
638.0	1.1044e-07
638.2	1.128e-07
638.4	1.152e-07
638.6	1.1766e-07
638.8	1.2017e-07
639.0	1.2273e-07
639.2	1.2535e-07
639.4	1.2802e-07
639.6	1.3075e-07
639.8	1.3354e-07
640.0	1.3638e-07
640.2	1.3929e-07
640.4	1.4226e-07
640.6	1.4062e-07
640.8	1.3757e-07
641.0	1.3459e-07
641.2	1.3168e-07
641.4	1.2882e-07
641.6	1.2603e-07
641.8	1.233e-07
642.0	1.2063e-07
642.2	1.1801e-07
642.4	1.1546e-07
642.6	1.1295e-07
642.8	1.1051e-07
643.0	1.0811e-07
643.2	1.0577e-07
643.4	1.0348e-07
643.6	1.0123e-07
643.8	9.9039e-08
644.0	9.6893e-08
644.2	9.4793e-08
644.4	9.2739e-08
644.6	9.0729e-08
644.8	8.8763e-08
645.0	8.6839e-08
645.2	8.4957e-08
645.4	8.3512e-08
645.6	8.3334e-08
645.8	8.3156e-08
646.0	8.2979e-08
646.2	8.2802e-08
646.4	8.2625e-08
646.6	8.2449e-08
646.8	8.2274e-08
647.0	8.2098e-08
647.2	8.1923e-08
647.4	8.1749e-08
647.6	8.1574e-08
647.8	8.1401e-08
648.0	8.1227e-08
648.2	8.1054e-08
648.4	8.0881e-08
648.6	8.0709e-08
648.8	8.0537e-08
649.0	8.0365e-08
649.2	8.0194e-08
649.4	8.0023e-08
649.6	7.9852e-08
649.8	7.9682e-08
650.0	7.9512e-08
650.2	7.9343e-08
650.4	8.1127e-08
650.6	8.374e-08
650.8	8.6439e-08
651.0	8.9224e-08
651.2	9.2098e-08
651.4	9.5066e-08
651.6	9.8129e-08
651.8	1.0129e-07
652.0	1.0455e-07
652.2	1.0792e-07
652.4	1.114e-07
652.6	1.1499e-07
652.8	1.1869e-07
653.0	1.2252e-07
653.2	1.2647e-07
653.4	1.3054e-07
653.6	1.3475e-07
653.8	1.3909e-07
654.0	1.4357e-07
654.2	1.482e-07
654.4	1.5297e-07
654.6	1.579e-07
654.8	1.6299e-07
655.0	1.6824e-07
655.2	1.746e-07
655.4	1.8472e-07
655.6	1.9542e-07
655.8	2.0674e-07
656.0	2.1872e-07
656.2	2.3139e-07
656.4	2.448e-07
656.6	2.5898e-07
656.8	2.7399e-07
657.0	2.8986e-07
657.2	3.0666e-07
657.4	3.2442e-07
657.6	3.4322e-07
657.8	3.631e-07
658.0	3.8414e-07
658.2	4.064e-07
658.4	4.2994e-07
658.6	4.5486e-07
658.8	4.8121e-07
659.0	5.0909e-07
659.2	5.3859e-07
659.4	5.6979e-07
659.6	6.028e-07
659.8	6.3773e-07
660.0	6.7468e-07
660.2	6.9044e-07
660.4	6.9772e-07
660.6	7.0508e-07
660.8	7.1252e-07
661.0	7.2004e-07
661.2	7.2763e-07
661.4	7.3531e-07
661.6	7.4306e-07
661.8	7.509e-07
662.0	7.5882e-07
662.2	7.6682e-07
662.4	7.7491e-07
662.6	7.8309e-07
662.8	7.9135e-07
663.0	7.9969e-07
663.2	8.0813e-07
663.4	8.1665e-07
663.6	8.2527e-07
663.8	8.3397e-07
664.0	8.4277e-07
664.2	8.5166e-07
664.4	8.6064e-07
664.6	8.6972e-07
664.8	8.7889e-07
665.0	8.8707e-07
665.2	8.9174e-07
665.4	8.9643e-07
665.6	9.0115e-07
665.8	9.0589e-07
666.0	9.1066e-07
666.2	9.1545e-07
666.4	9.2027e-07
666.6	9.2512e-07
666.8	9.2999e-07
667.0	9.3488e-07
667.2	9.398e-07
667.4	9.4475e-07
667.6	9.4972e-07
667.8	9.5472e-07
668.0	9.5975e-07
668.2	9.648e-07
668.4	9.6988e-07
668.6	9.7498e-07
668.8	9.8011e-07
669.0	9.8527e-07
669.2	9.9046e-07
669.4	9.9567e-07
669.6	1.0009e-06
669.8	9.99e-07
670.0	9.8907e-07
670.2	9.7925e-07
670.4	9.6952e-07
670.6	9.5989e-07
670.8	9.5035e-07
671.0	9.4091e-07
671.2	9.3156e-07
671.4	9.223e-07
671.6	9.1314e-07
671.8	9.0407e-07
672.0	8.9509e-07
672.2	8.8619e-07
672.4	8.7739e-07
672.6	8.6867e-07
672.8	8.6004e-07
673.0	8.515e-07
673.2	8.4289e-07
673.4	8.2866e-07
673.6	8.1468e-07
673.8	8.0093e-07
674.0	7.8742e-07
674.2	7.7413e-07
674.4	7.6107e-07
674.6	7.4822e-07
674.8	7.356e-07
675.0	7.2319e-07
675.2	7.1098e-07
675.4	6.9898e-07
675.6	6.8719e-07
675.8	6.7559e-07
676.0	6.6419e-07
676.2	6.5298e-07
676.4	6.4197e-07
676.6	6.3755e-07
676.8	6.4792e-07
677.0	6.5846e-07
677.2	6.6918e-07
677.4	6.8006e-07
677.6	6.9113e-07
677.8	7.0237e-07
678.0	7.138e-07
678.2	7.2542e-07
678.4	7.3722e-07
678.6	7.4921e-07
678.8	7.614e-07
679.0	7.7379e-07
679.2	7.8638e-07
679.4	7.9918e-07
679.6	8.1218e-07
679.8	8.254e-07
680.0	8.3883e-07
680.2	8.5247e-07
680.4	8.6634e-07
680.6	8.8044e-07
680.8	8.9476e-07
681.0	9.0932e-07
681.2	9.2412e-07
681.4	9.2668e-07
681.6	9.2011e-07
681.8	9.1359e-07
682.0	9.0711e-07
682.2	9.0068e-07
682.4	8.9429e-07
682.6	8.8795e-07
682.8	8.8165e-07
683.0	8.754e-07
683.2	8.6919e-07
683.4	8.6303e-07
683.6	8.5691e-07
683.8	8.5084e-07
684.0	8.448e-07
684.2	8.3881e-07
684.4	8.3287e-07
684.6	8.2696e-07
684.8	8.211e-07
685.0	8.1791e-07
685.2	8.2169e-07
685.4	8.2549e-07
685.6	8.2931e-07
685.8	8.3315e-07
686.0	8.37e-07
686.2	8.4087e-07
686.4	8.4476e-07
686.6	8.4867e-07
686.8	8.5259e-07
687.0	8.5653e-07
687.2	8.605e-07
687.4	8.6448e-07
687.6	8.6847e-07
687.8	8.7249e-07
688.0	8.7653e-07
688.2	8.8058e-07
688.4	8.8465e-07
688.6	8.8874e-07
688.8	8.9282e-07
689.0	8.9692e-07
689.2	9.0103e-07
689.4	9.0516e-07
689.6	9.0931e-07
689.8	9.1349e-07
690.0	9.1768e-07
690.2	9.2189e-07
690.4	9.2611e-07
690.6	9.3036e-07
690.8	9.3463e-07
691.0	9.3892e-07
691.2	9.4322e-07
691.4	9.4755e-07
691.6	9.519e-07
691.8	9.5626e-07
692.0	9.6065e-07
692.2	9.6506e-07
692.4	9.6909e-07
692.6	9.7299e-07
692.8	9.769e-07
693.0	9.8082e-07
693.2	9.8476e-07
693.4	9.8872e-07
693.6	9.9269e-07
693.8	9.9668e-07
694.0	1.0007e-06
694.2	1.0047e-06
694.4	1.0087e-06
694.6	1.0128e-06
694.8	1.0169e-06
695.0	1.021e-06
695.2	1.0251e-06
695.4	1.0292e-06
695.6	1.0333e-06
695.8	1.0375e-06
696.0	1.0403e-06
696.2	1.0414e-06
696.4	1.0425e-06
696.6	1.0436e-06
696.8	1.0448e-06
697.0	1.0459e-06
697.2	1.047e-06
697.4	1.0481e-06
697.6	1.0492e-06
697.8	1.0503e-06
698.0	1.0515e-06
698.2	1.0526e-06
698.4	1.0537e-06
698.6	1.0548e-06
698.8	1.056e-06
699.0	1.0571e-06
699.2	1.0582e-06
699.4	1.0594e-06
699.6	1.0596e-06
699.8	1.0554e-06
700.0	1.0513e-06
700.2	1.0471e-06
700.4	1.043e-06
700.6	1.0389e-06
700.8	1.0349e-06
701.0	1.0308e-06
701.2	1.0267e-06
701.4	1.0227e-06
701.6	1.0187e-06
701.8	1.0147e-06
702.0	1.0107e-06
702.2	1.0067e-06
702.4	1.0028e-06
702.6	9.9885e-07
702.8	9.9493e-07
703.0	9.9102e-07
703.2	9.8713e-07
703.4	9.8779e-07
703.6	9.8882e-07
703.8	9.8985e-07
704.0	9.9088e-07
704.2	9.9192e-07
704.4	9.9295e-07
704.6	9.9399e-07
704.8	9.9502e-07
705.0	9.9606e-07
705.2	9.971e-07
705.4	9.9814e-07
705.6	9.9918e-07
705.8	1.0002e-06
706.0	1.0013e-06
706.2	1.0023e-06
706.4	1.0034e-06
706.6	1.0044e-06
706.8	1.0054e-06
707.0	9.7994e-07
707.2	9.4366e-07
707.4	9.0874e-07
707.6	8.751e-07
707.8	8.4271e-07
708.0	8.1152e-07
708.2	7.8148e-07
708.4	7.5256e-07
708.6	7.247e-07
708.8	6.9788e-07
709.0	6.7205e-07
709.2	6.4717e-07
709.4	6.2322e-07
709.6	6.0015e-07
709.8	5.7794e-07
710.0	5.5654e-07
710.2	5.3594e-07
710.4	5.1611e-07
710.6	5.0234e-07
710.8	4.951e-07
711.0	4.8797e-07
711.2	4.8094e-07
711.4	4.7402e-07
711.6	4.6719e-07
711.8	4.6046e-07
712.0	4.5383e-07
712.2	4.4729e-07
712.4	4.4085e-07
712.6	4.345e-07
712.8	4.2824e-07
713.0	4.2207e-07
713.2	4.16e-07
713.4	4.1e-07
713.6	4.041e-07
713.8	3.9828e-07
714.0	3.9254e-07
714.2	3.9076e-07
714.4	4.0144e-07
714.6	4.1242e-07
714.8	4.2369e-07
715.0	4.3528e-07
715.2	4.4718e-07
715.4	4.594e-07
715.6	4.7196e-07
715.8	4.8486e-07
716.0	4.9812e-07
716.2	5.1174e-07
716.4	5.2573e-07
716.6	5.401e-07
716.8	5.5487e-07
717.0	5.7004e-07
717.2	5.8562e-07
717.4	6.0163e-07
717.6	6.1808e-07
717.8	6.3478e-07
718.0	6.4539e-07
718.2	6.5617e-07
718.4	6.6713e-07
718.6	6.7828e-07
718.8	6.8961e-07
719.0	7.0113e-07
719.2	7.1284e-07
719.4	7.2475e-07
719.6	7.3686e-07
719.8	7.4917e-07
720.0	7.6169e-07
720.2	7.7442e-07
720.4	7.8736e-07
720.6	8.0051e-07
720.8	8.1388e-07
721.0	8.2748e-07
721.2	8.4131e-07
721.4	8.5536e-07
721.6	8.5171e-07
721.8	8.446e-07
722.0	8.3753e-07
722.2	8.3053e-07
722.4	8.2359e-07
722.6	8.1671e-07
722.8	8.0988e-07
723.0	8.0311e-07
723.2	7.964e-07
723.4	7.8974e-07
723.6	7.8314e-07
723.8	7.7659e-07
724.0	7.701e-07
724.2	7.6366e-07
724.4	7.5728e-07
724.6	7.5095e-07
724.8	7.4467e-07
725.0	7.3844e-07
725.2	7.4154e-07
725.4	7.4982e-07
725.6	7.5819e-07
725.8	7.6666e-07
726.0	7.7522e-07
726.2	7.8388e-07
726.4	7.9263e-07
726.6	8.0149e-07
726.8	8.1044e-07
727.0	8.1949e-07
727.2	8.2864e-07
727.4	8.3789e-07
727.6	8.4725e-07
727.8	8.5671e-07
728.0	8.6628e-07
728.2	8.7595e-07
728.4	8.8573e-07
728.6	8.9562e-07
728.8	8.9609e-07
729.0	8.8569e-07
729.2	8.7541e-07
729.4	8.6525e-07
729.6	8.5521e-07
729.8	8.4529e-07
730.0	8.3548e-07
730.2	8.2579e-07
730.4	8.1621e-07
730.6	8.0673e-07
730.8	7.9737e-07
731.0	7.8812e-07
731.2	7.7898e-07
731.4	7.6994e-07
731.6	7.61e-07
731.8	7.5217e-07
732.0	7.4345e-07
732.2	7.3482e-07
732.4	7.3029e-07
732.6	7.3513e-07
732.8	7.4001e-07
733.0	7.4492e-07
733.2	7.4987e-07
733.4	7.5484e-07
733.6	7.5985e-07
733.8	7.6489e-07
734.0	7.6997e-07
734.2	7.7508e-07
734.4	7.8022e-07
734.6	7.854e-07
734.8	7.9061e-07
735.0	7.9585e-07
735.2	8.0114e-07
735.4	8.0645e-07
735.6	8.118e-07
735.8	8.1719e-07
736.0	8.1887e-07
736.2	7.9789e-07
736.4	7.7745e-07
736.6	7.5754e-07
736.8	7.3813e-07
737.0	7.1923e-07
737.2	7.008e-07
737.4	6.8285e-07
737.6	6.6536e-07
737.8	6.4831e-07
738.0	6.3171e-07
738.2	6.2153e-07
738.4	6.1152e-07
738.6	6.0166e-07
738.8	5.9197e-07
739.0	5.8243e-07
739.2	5.4867e-07
739.4	4.9984e-07
739.6	4.5536e-07
739.8	4.1484e-07
740.0	3.7792e-07
740.2	3.4429e-07
740.4	3.1365e-07
740.6	2.8574e-07
740.8	2.6031e-07
741.0	2.3714e-07
741.2	2.1604e-07
741.4	1.9682e-07
741.6	1.793e-07
741.8	1.6334e-07
742.0	1.4881e-07
742.2	1.3557e-07
742.4	1.235e-07
742.6	1.1251e-07
742.8	1.0386e-07
743.0	9.8586e-08
743.2	9.3583e-08
743.4	8.8834e-08
743.6	8.4326e-08
743.8	8.0046e-08
744.0	7.5984e-08
744.2	7.2128e-08
744.4	6.8468e-08
744.6	6.4993e-08
744.8	6.1695e-08
745.0	5.8564e-08
745.2	5.5592e-08
745.4	5.2771e-08
745.6	5.0093e-08
745.8	4.7551e-08
746.0	4.5138e-08
746.2	4.2847e-08
746.4	4.0744e-08
746.6	3.9433e-08
746.8	3.8165e-08
747.0	3.6938e-08
747.2	3.575e-08
747.4	3.46e-08
747.6	3.3488e-08
747.8	3.2411e-08
748.0	3.1368e-08
748.2	3.0359e-08
748.4	2.9383e-08
748.6	2.8438e-08
748.8	2.7524e-08
749.0	2.6638e-08
749.2	2.5782e-08
749.4	2.4953e-08
749.6	2.415e-08
749.8	2.3374e-08
750.0	2.2622e-08
750.2	2.269e-08
750.4	2.2886e-08
750.6	2.3084e-08
750.8	2.3284e-08
751.0	2.3485e-08
751.2	2.3687e-08
751.4	2.3892e-08
751.6	2.4098e-08
751.8	2.4307e-08
752.0	2.4517e-08
752.2	2.4728e-08
752.4	2.4942e-08
752.6	2.5157e-08
752.8	2.5375e-08
753.0	2.5594e-08
753.2	2.5815e-08
753.4	2.6038e-08
753.6	2.6263e-08
753.8	2.7636e-08
754.0	2.9737e-08
754.2	3.1998e-08
754.4	3.4431e-08
754.6	3.7049e-08
754.8	3.9866e-08
755.0	4.2897e-08
755.2	4.6158e-08
755.4	4.9668e-08
755.6	5.3444e-08
755.8	5.7507e-08
756.0	6.188e-08
756.2	6.6584e-08
756.4	7.1647e-08
756.6	7.7094e-08
756.8	8.2956e-08
757.0	8.9263e-08
757.2	9.605e-08
757.4	9.7127e-08
757.6	9.1035e-08
757.8	8.5325e-08
758.0	7.9973e-08
758.2	7.4956e-08
758.4	7.0255e-08
758.6	6.5848e-08
758.8	6.1718e-08
759.0	5.7847e-08
759.2	5.4218e-08
759.4	5.0817e-08
759.6	4.763e-08
759.8	4.4642e-08
760.0	4.1842e-08
760.2	3.9218e-08
760.4	3.6758e-08
760.6	3.4452e-08
760.8	3.2291e-08
761.0	3.1599e-08
761.2	3.496e-08
761.4	3.8678e-08
761.6	4.2792e-08
761.8	4.7343e-08
762.0	5.2379e-08
762.2	5.795e-08
762.4	6.4113e-08
762.6	7.0932e-08
762.8	7.8476e-08
763.0	8.6823e-08
763.2	9.6057e-08
763.4	1.0627e-07
763.6	1.1758e-07
763.8	1.3008e-07
764.0	1.4392e-07
764.2	1.5922e-07
764.4	1.7616e-07
764.6	1.929e-07
764.8	1.8602e-07
765.0	1.7939e-07
765.2	1.7299e-07
765.4	1.6682e-07
765.6	1.6087e-07
765.8	1.5514e-07
766.0	1.4961e-07
766.2	1.4427e-07
766.4	1.3913e-07
766.6	1.3417e-07
766.8	1.2938e-07
767.0	1.2477e-07
767.2	1.2032e-07
767.4	1.1603e-07
767.6	1.1189e-07
767.8	1.079e-07
768.0	1.0406e-07
768.2	1.0035e-07
768.4	1.0e-07
768.6	1.0e-07
768.8	1.0e-07
769.0	1.0e-07
769.2	1.0e-07
769.4	1.0e-07
769.6	1.0e-07
769.8	1.0e-07
770.0	1.0e-07
770.2	1.0e-07
770.4	1.0e-07
770.6	1.0e-07
770.8	1.0e-07
771.0	1.0e-07
771.2	1.0e-07
771.4	1.0e-07
771.6	1.0e-07
771.8	1.0e-07
772.0	1.0e-07
772.2	1.0e-07
772.4	1.0e-07
772.6	1.0e-07
772.8	1.0e-07
773.0	1.0e-07
773.2	1.0e-07
773.4	1.0e-07
773.6	1.0e-07
773.8	1.0e-07
774.0	1.0e-07
774.2	1.0e-07
774.4	1.0e-07
774.6	1.0e-07
774.8	1.0e-07
775.0	1.0e-07
775.2	1.0e-07
775.4	1.0e-07
775.6	1.0e-07
775.8	1.0e-07
776.0	1.0e-07
776.2	1.0e-07
776.4	1.0e-07
776.6	1.0e-07
776.8	1.0e-07
777.0	1.0e-07
777.2	1.0e-07
777.4	1.0e-07
777.6	1.0e-07
777.8	1.0e-07
778.0	1.0e-07
778.2	1.0e-07
778.4	1.0e-07
778.6	1.0e-07
778.8	1.0e-07
779.0	1.0e-07
779.2	1.0e-07
779.4	1.0e-07
779.6	1.0e-07
779.8	1.0e-07
780.0	1.0e-07
780.2	1.0e-07
780.4	1.0e-07
780.6	1.0e-07
780.8	1.0e-07
781.0	1.0e-07
781.2	1.0e-07
781.4	1.0e-07
781.6	1.0e-07
781.8	1.0e-07
782.0	1.0e-07
782.2	1.0e-07
782.4	1.0e-07
782.6	1.0e-07
782.8	1.0e-07
783.0	1.0e-07
783.2	1.0e-07
783.4	1.0e-07
783.6	1.0e-07
783.8	1.0e-07
784.0	1.0e-07
784.2	1.0e-07
784.4	1.0e-07
784.6	1.0e-07
784.8	1.0e-07
785.0	1.0e-07
785.2	1.0e-07
785.4	1.0e-07
785.6	1.0e-07
785.8	1.0e-07
786.0	1.0e-07
786.2	1.0e-07
786.4	1.0039e-07
786.6	1.0242e-07
786.8	1.0449e-07
787.0	1.066e-07
787.2	1.0875e-07
787.4	1.1094e-07
787.6	1.1318e-07
787.8	1.1547e-07
788.0	1.178e-07
788.2	1.2018e-07
788.4	1.2261e-07
788.6	1.2508e-07
788.8	1.2761e-07
789.0	1.3018e-07
789.2	1.3281e-07
789.4	1.355e-07
789.6	1.3823e-07
789.8	1.4102e-07
790.0	1.429e-07
790.2	1.34e-07
790.4	1.2566e-07
790.6	1.1783e-07
790.8	1.1049e-07
791.0	1.0361e-07
791.2	9.7154e-08
791.4	9.1103e-08
791.6	8.5429e-08
791.8	8.0107e-08
792.0	7.5118e-08
792.2	7.0439e-08
792.4	6.6052e-08
792.6	6.1938e-08
792.8	5.808e-08
793.0	5.4462e-08
793.2	5.107e-08
793.4	4.7889e-08
793.6	4.4906e-08
793.8	4.1756e-08
794.0	3.882e-08
794.2	3.6091e-08
794.4	3.3554e-08
794.6	3.1195e-08
794.8	2.9001e-08
795.0	2.6962e-08
795.2	3.0421e-08
795.4	3.4324e-08
795.6	3.8726e-08
795.8	4.3694e-08
796.0	4.9299e-08
796.2	5.5623e-08
796.4	6.2759e-08
796.6	7.0809e-08
796.8	7.9892e-08
797.0	9.0141e-08
797.2	1.0e-07
797.4	1.0e-07
797.6	1.0e-07
797.8	1.0e-07
798.0	1.0e-07
798.2	1.0e-07
798.4	1.0e-07
798.6	1.0e-07
798.8	1.0e-07
799.0	1.0e-07
799.2	1.0e-07
799.4	1.0e-07
799.6	1.0e-07
799.8	1.0e-07
800.0	1.0e-07
800.2	1.0e-07
800.4	1.0e-07
800.6	1.0e-07
800.8	1.0e-07
801.0	1.0e-07
801.2	1.0e-07
801.4	1.0e-07
801.6	1.0e-07
801.8	1.0e-07
802.0	1.0e-07
802.2	1.0e-07
802.4	1.0e-07
802.6	1.0e-07
802.8	1.0e-07
803.0	1.0e-07
803.2	1.0e-07
803.4	1.0e-07
803.6	1.0e-07
803.8	1.0e-07
804.0	1.0e-07
804.2	1.0e-07
804.4	1.0e-07
804.6	1.0e-07
804.8	1.0e-07
805.0	1.0e-07
805.2	1.0e-07
805.4	1.0e-07
805.6	1.0e-07
805.8	1.0e-07
806.0	1.0e-07
806.2	1.0e-07
806.4	1.0e-07
806.6	1.0e-07
806.8	1.0e-07
807.0	1.0e-07
807.2	1.0e-07
807.4	1.0e-07
807.6	1.0e-07
807.8	1.0e-07
808.0	1.0063e-07
808.2	1.0134e-07
808.4	1.0206e-07
808.6	1.0279e-07
808.8	1.0351e-07
809.0	1.0425e-07
809.2	1.0499e-07
809.4	1.0573e-07
809.6	1.0648e-07
809.8	1.0724e-07
810.0	1.08e-07
810.2	1.0877e-07
810.4	1.0954e-07
810.6	1.1032e-07
810.8	1.111e-07
811.0	1.1189e-07
811.2	1.1268e-07
811.4	1.1348e-07
811.6	1.2479e-07
811.8	1.4154e-07
812.0	1.6053e-07
812.2	1.8207e-07
812.4	2.0649e-07
812.6	2.342e-07
812.8	2.6563e-07
813.0	3.0127e-07
813.2	3.4169e-07
813.4	3.8754e-07
813.6	4.3954e-07
813.8	4.9851e-07
814.0	5.654e-07
814.2	6.4127e-07
814.4	7.2731e-07
814.6	8.249e-07
814.8	9.3558e-07
815.0	1.0611e-06
815.2	1.1109e-06
815.4	1.1037e-06
815.6	1.0965e-06
815.8	1.0894e-06
816.0	1.0824e-06
816.2	1.0754e-06
816.4	1.0684e-06
816.6	1.0615e-06
816.8	1.0546e-06
817.0	1.0478e-06
817.2	1.041e-06
817.4	1.0343e-06
817.6	1.0276e-06
817.8	1.0209e-06
818.0	1.0143e-06
818.2	1.0078e-06
818.4	1.0012e-06
818.6	9.9475e-07
818.8	9.8553e-07
819.0	9.7343e-07
819.2	9.6148e-07
819.4	9.4967e-07
819.6	9.3801e-07
819.8	9.2649e-07
820.0	9.1511e-07
820.2	9.0387e-07
820.4	8.9278e-07
820.6	8.8181e-07
820.8	8.7098e-07
821.0	8.6029e-07
821.2	8.4972e-07
821.4	8.3929e-07
821.6	8.2898e-07
821.8	8.188e-07
822.0	8.0875e-07
822.2	7.9882e-07
822.4	7.9621e-07
822.6	8.0627e-07
822.8	8.1645e-07
823.0	8.2675e-07
823.2	8.3719e-07
823.4	8.4776e-07
823.6	8.5847e-07
823.8	8.6931e-07
824.0	8.8028e-07
824.2	8.914e-07
824.4	9.0265e-07
824.6	9.1405e-07
824.8	9.2559e-07
825.0	9.3728e-07
825.2	9.4911e-07
825.4	9.611e-07
825.6	9.7323e-07
825.8	9.8552e-07
826.0	9.9297e-07
826.2	9.8628e-07
826.4	9.7964e-07
826.6	9.7304e-07
826.8	9.6649e-07
827.0	9.5998e-07
827.2	9.5352e-07
827.4	9.4709e-07
827.6	9.4072e-07
827.8	9.3438e-07
828.0	9.2809e-07
828.2	9.2184e-07
828.4	9.1563e-07
828.6	9.0946e-07
828.8	9.0334e-07
829.0	8.9726e-07
829.2	8.9121e-07
829.4	8.8521e-07
829.6	8.76e-07
829.8	8.5019e-07
830.0	8.2515e-07
830.2	8.0084e-07
830.4	7.7725e-07
830.6	7.5435e-07
830.8	7.3213e-07
831.0	7.1056e-07
831.2	6.8963e-07
831.4	6.6931e-07
831.6	6.496e-07
831.8	6.3046e-07
832.0	6.1189e-07
832.2	5.9386e-07
832.4	5.7637e-07
832.6	5.5939e-07
832.8	5.4291e-07
833.0	5.2691e-07
833.2	5.1111e-07
833.4	4.9246e-07
833.6	4.7448e-07
833.8	4.5716e-07
834.0	4.4048e-07
834.2	4.244e-07
834.4	4.0891e-07
834.6	3.9399e-07
834.8	3.7961e-07
835.0	3.6575e-07
835.2	3.524e-07
835.4	3.3954e-07
835.6	3.2715e-07
835.8	3.1521e-07
836.0	3.037e-07
836.2	2.9262e-07
836.4	2.8194e-07
836.6	2.7165e-07
836.8	2.6173e-07
837.0	2.5662e-07
837.2	2.5164e-07
837.4	2.4675e-07
837.6	2.4195e-07
837.8	2.3725e-07
838.0	2.3264e-07
838.2	2.2812e-07
838.4	2.2368e-07
838.6	2.1934e-07
838.8	2.1507e-07
839.0	2.109e-07
839.2	2.068e-07
839.4	2.0278e-07
839.6	1.9884e-07
839.8	1.9497e-07
840.0	1.9118e-07
840.2	1.8747e-07
840.4	1.8383e-07
840.6	1.8605e-07
840.8	1.8878e-07
841.0	1.9155e-07
841.2	1.9436e-07
841.4	1.9722e-07
841.6	2.0011e-07
841.8	2.0305e-07
842.0	2.0603e-07
842.2	2.0906e-07
842.4	2.1213e-07
842.6	2.1524e-07
842.8	2.184e-07
843.0	2.2161e-07
843.2	2.2486e-07
843.4	2.2816e-07
843.6	2.3152e-07
843.8	2.3491e-07
844.0	2.3836e-07
844.2	2.4669e-07
844.4	2.5607e-07
844.6	2.658e-07
844.8	2.7591e-07
845.0	2.8639e-07
845.2	2.9728e-07
845.4	3.0858e-07
845.6	3.2031e-07
845.8	3.3248e-07
846.0	3.4512e-07
846.2	3.5823e-07
846.4	3.7185e-07
846.6	3.8598e-07
846.8	4.0065e-07
847.0	4.1588e-07
847.2	4.3169e-07
847.4	4.481e-07
847.6	4.6513e-07
847.8	4.7667e-07
848.0	4.8712e-07
848.2	4.9781e-07
848.4	5.0873e-07
848.6	5.1989e-07
848.8	5.3129e-07
849.0	5.4294e-07
849.2	5.5485e-07
849.4	5.6702e-07
849.6	5.7946e-07
849.8	5.9217e-07
850.0	6.0516e-07
850.2	6.1844e-07
850.4	6.32e-07
850.6	6.4586e-07
850.8	6.6003e-07
851.0	6.7451e-07
851.2	6.893e-07
851.4	6.7593e-07
851.6	6.5513e-07
851.8	6.3498e-07
852.0	6.1544e-07
852.2	5.9651e-07
852.4	5.7816e-07
852.6	5.6037e-07
852.8	5.4313e-07
853.0	5.2642e-07
853.2	5.1023e-07
853.4	4.9453e-07
853.6	4.7932e-07
853.8	4.6457e-07
854.0	4.5028e-07
854.2	4.3642e-07
854.4	4.23e-07
854.6	4.0999e-07
854.8	3.9737e-07
855.0	3.8835e-07
855.2	3.8059e-07
855.4	3.7298e-07
855.6	3.6552e-07
855.8	3.5821e-07
856.0	3.5105e-07
856.2	3.4403e-07
856.4	3.3715e-07
856.6	3.3041e-07
856.8	3.2381e-07
857.0	3.1733e-07
857.2	3.1099e-07
857.4	3.0477e-07
857.6	2.9868e-07
857.8	2.927e-07
858.0	2.8685e-07
858.2	2.8112e-07
858.4	2.755e-07
858.6	2.7535e-07
858.8	2.7722e-07
859.0	2.7911e-07
859.2	2.81e-07
859.4	2.8291e-07
859.6	2.8483e-07
859.8	2.8676e-07
860.0	2.8871e-07
860.2	2.9067e-07
860.4	2.9264e-07
860.6	2.9463e-07
860.8	2.9663e-07
861.0	2.9864e-07
861.2	3.0067e-07
861.4	3.0271e-07
861.6	3.0477e-07
861.8	3.0684e-07
862.0	3.0892e-07
862.2	3.1059e-07
862.4	3.121e-07
862.6	3.1361e-07
862.8	3.1513e-07
863.0	3.1666e-07
863.2	3.182e-07
863.4	3.1974e-07
863.6	3.213e-07
863.8	3.2285e-07
864.0	3.2442e-07
864.2	3.26e-07
864.4	3.2758e-07
864.6	3.2917e-07
864.8	3.3077e-07
865.0	3.3237e-07
865.2	3.3398e-07
865.4	3.356e-07
865.6	3.3723e-07
865.8	3.3719e-07
866.0	3.3648e-07
866.2	3.3578e-07
866.4	3.3507e-07
866.6	3.3437e-07
866.8	3.3367e-07
867.0	3.3297e-07
867.2	3.3227e-07
867.4	3.3157e-07
867.6	3.3087e-07
867.8	3.3018e-07
868.0	3.2949e-07
868.2	3.2851e-07
868.4	3.2753e-07
868.6	3.2656e-07
868.8	3.2559e-07
869.0	3.2462e-07
869.2	3.2366e-07
869.4	3.2249e-07
869.6	3.2093e-07
869.8	3.1939e-07
870.0	3.1785e-07
870.2	3.1632e-07
870.4	3.1479e-07
870.6	3.1327e-07
870.8	3.1176e-07
871.0	3.1026e-07
871.2	3.0877e-07
871.4	3.0728e-07
871.6	3.058e-07
871.8	3.0432e-07
872.0	3.0286e-07
872.2	3.014e-07
872.4	2.9994e-07
872.6	2.985e-07
872.8	2.9706e-07
873.0	2.958e-07
873.2	2.9501e-07
873.4	2.9423e-07
873.6	2.9344e-07
873.8	2.9266e-07
874.0	2.9188e-07
874.2	2.9111e-07
874.4	2.9033e-07
874.6	2.8956e-07
874.8	2.8879e-07
875.0	2.8802e-07
875.2	2.8726e-07
875.4	2.8649e-07
875.6	2.8573e-07
875.8	2.8497e-07
876.0	2.8421e-07
876.2	2.8345e-07
876.4	2.827e-07
876.6	2.8315e-07
876.8	2.8833e-07
877.0	2.9361e-07
877.2	2.9898e-07
877.4	3.0445e-07
877.6	3.1002e-07
877.8	3.1569e-07
878.0	3.2147e-07
878.2	3.2735e-07
878.4	3.3334e-07
878.6	3.3944e-07
878.8	3.4565e-07
879.0	3.5197e-07
879.2	3.5841e-07
879.4	3.6497e-07
879.6	3.7164e-07
879.8	3.7844e-07
880.0	3.8537e-07
880.2	3.9105e-07
880.4	3.8935e-07
880.6	3.8766e-07
880.8	3.8597e-07
881.0	3.8429e-07
881.2	3.8261e-07
881.4	3.8095e-07
881.6	3.7929e-07
881.8	3.7764e-07
882.0	3.7599e-07
882.2	3.7436e-07
882.4	3.7273e-07
882.6	3.711e-07
882.8	3.6949e-07
883.0	3.6788e-07
883.2	3.6628e-07
883.4	3.6468e-07
883.6	3.6309e-07
883.8	3.6131e-07
884.0	3.5795e-07
884.2	3.5461e-07
884.4	3.5131e-07
884.6	3.4803e-07
884.8	3.4479e-07
885.0	3.4157e-07
885.2	3.3839e-07
885.4	3.3524e-07
885.6	3.3211e-07
885.8	3.2902e-07
886.0	3.2595e-07
886.2	3.2291e-07
886.4	3.199e-07
886.6	3.1692e-07
886.8	3.1397e-07
887.0	3.1104e-07
887.2	3.0814e-07
887.4	3.053e-07
887.6	3.0294e-07
887.8	3.006e-07
888.0	2.9827e-07
888.2	2.9597e-07
888.4	2.9368e-07
888.6	2.9141e-07
888.8	2.8915e-07
889.0	2.8692e-07
889.2	2.847e-07
889.4	2.825e-07
889.6	2.8031e-07
889.8	2.7814e-07
890.0	2.7599e-07
890.2	2.7386e-07
890.4	2.7174e-07
890.6	2.6964e-07
890.8	2.6755e-07
891.0	2.6527e-07
891.2	2.5849e-07
891.4	2.5188e-07
891.6	2.4544e-07
891.8	2.3917e-07
892.0	2.3305e-07
892.2	2.2709e-07
892.4	2.2129e-07
892.6	2.1563e-07
892.8	2.1012e-07
893.0	2.0475e-07
893.2	1.9951e-07
893.4	1.9441e-07
893.6	1.8944e-07
893.8	1.846e-07
894.0	1.7988e-07
894.2	1.7528e-07
894.4	1.708e-07
894.6	1.6623e-07
894.8	1.556e-07
895.0	1.4565e-07
895.2	1.3633e-07
895.4	1.2761e-07
895.6	1.1944e-07
895.8	1.118e-07
896.0	1.0465e-07
896.2	9.7956e-08
896.4	9.1689e-08
896.6	8.5824e-08
896.8	8.0333e-08
897.0	7.5194e-08
897.2	7.0384e-08
897.4	6.5882e-08
897.6	6.1667e-08
897.8	5.7722e-08
898.0	5.4029e-08
898.2	5.0625e-08
898.4	4.9388e-08
898.6	4.8181e-08
898.8	4.7004e-08
899.0	4.5855e-08
899.2	4.4734e-08
899.4	4.3641e-08
899.6	4.2574e-08
899.8	4.1534e-08
900.0	4.0519e-08
900.2	3.9528e-08
900.4	3.8562e-08
900.6	3.762e-08
900.8	3.67e-08
901.0	3.5803e-08
901.2	3.4928e-08
901.4	3.4075e-08
901.6	3.3242e-08
901.8	3.25e-08
902.0	3.4599e-08
902.2	3.6832e-08
902.4	3.921e-08
902.6	4.1742e-08
902.8	4.4436e-08
903.0	4.7305e-08
903.2	5.0359e-08
903.4	5.361e-08
903.6	5.7072e-08
903.8	6.0756e-08
904.0	6.4678e-08
904.2	6.8854e-08
904.4	7.3299e-08
904.6	7.8032e-08
904.8	8.3069e-08
905.0	8.8432e-08
905.2	9.4141e-08
905.4	9.9556e-08
905.6	8.7666e-08
905.8	7.7197e-08
906.0	6.7978e-08
906.2	5.9859e-08
906.4	5.2711e-08
906.6	4.6416e-08
906.8	4.0872e-08
907.0	3.5991e-08
907.2	3.1693e-08
907.4	2.7908e-08
907.6	2.4575e-08
907.8	2.164e-08
908.0	1.9056e-08
908.2	1.678e-08
908.4	1.4776e-08
908.6	1.3011e-08
908.8	1.1458e-08
909.0	1.0188e-08
909.2	1.0549e-08
909.4	1.0922e-08
909.6	1.1309e-08
909.8	1.171e-08
910.0	1.2124e-08
910.2	1.2554e-08
910.4	1.2998e-08
910.6	1.3459e-08
910.8	1.3936e-08
911.0	1.4429e-08
911.2	1.494e-08
911.4	1.5469e-08
911.6	1.6017e-08
911.8	1.6585e-08
912.0	1.7172e-08
912.2	1.778e-08
912.4	1.841e-08
912.6	1.9161e-08
912.8	2.1017e-08
913.0	2.3053e-08
913.2	2.5287e-08
913.4	2.7736e-08
913.6	3.0423e-08
913.8	3.337e-08
914.0	3.6603e-08
914.2	4.0148e-08
914.4	4.4037e-08
914.6	4.8303e-08
914.8	5.2983e-08
915.0	5.8115e-08
915.2	6.3745e-08
915.4	6.992e-08
915.6	7.6693e-08
915.8	8.4122e-08
916.0	9.2271e-08
916.2	1.0e-07
916.4	1.0e-07
916.6	1.0e-07
916.8	1.0e-07
917.0	1.0e-07
917.2	1.0e-07
917.4	1.0e-07
917.6	1.0e-07
917.8	1.0e-07
918.0	1.0e-07
918.2	1.0e-07
918.4	1.0e-07
918.6	1.0e-07
918.8	1.0e-07
919.0	1.0e-07
919.2	1.0e-07
919.4	1.0e-07
919.6	1.0e-07
919.8	9.8437e-08
920.0	9.0186e-08
920.2	8.2627e-08
920.4	7.5701e-08
920.6	6.9356e-08
920.8	6.3543e-08
921.0	5.8217e-08
921.2	5.3337e-08
921.4	4.8867e-08
921.6	4.4771e-08
921.8	4.1018e-08
922.0	3.758e-08
922.2	3.443e-08
922.4	3.1544e-08
922.6	2.89e-08
922.8	2.6478e-08
923.0	2.4259e-08
923.2	2.2225e-08
923.4	2.1249e-08
923.6	2.3252e-08
923.8	2.5443e-08
924.0	2.7841e-08
924.2	3.0465e-08
924.4	3.3336e-08
924.6	3.6478e-08
924.8	3.9915e-08
925.0	4.3677e-08
925.2	4.7794e-08
925.4	5.2298e-08
925.6	5.7227e-08
925.8	6.262e-08
926.0	6.8521e-08
926.2	7.4979e-08
926.4	8.2045e-08
926.6	8.9777e-08
926.8	9.8238e-08
927.0	1.0753e-07
927.2	1.1778e-07
927.4	1.2901e-07
927.6	1.4131e-07
927.8	1.5478e-07
928.0	1.6953e-07
928.2	1.857e-07
928.4	2.034e-07
928.6	2.2279e-07
928.8	2.4403e-07
929.0	2.6729e-07
929.2	2.9277e-07
929.4	3.2068e-07
929.6	3.5125e-07
929.8	3.8474e-07
930.0	4.2142e-07
930.2	4.6159e-07
930.4	5.0559e-07
930.6	5.3541e-07
930.8	5.3723e-07
931.0	5.3906e-07
931.2	5.4089e-07
931.4	5.4273e-07
931.6	5.4457e-07
931.8	5.4642e-07
932.0	5.4828e-07
932.2	5.4154e-07
932.4	5.3487e-07
932.6	5.2829e-07
932.8	5.2179e-07
933.0	5.1537e-07
933.2	5.0903e-07
933.4	5.0277e-07
933.6	4.9659e-07
933.8	4.9048e-07
934.0	4.8444e-07
934.2	4.7848e-07
934.4	4.726e-07
934.6	4.6678e-07
934.8	4.5187e-07
935.0	4.3703e-07
935.2	4.2267e-07
935.4	4.0879e-07
935.6	3.9536e-07
935.8	3.8237e-07
936.0	3.6981e-07
936.2	3.5766e-07
936.4	3.4591e-07
936.6	3.3455e-07
936.8	3.2356e-07
937.0	3.1293e-07
937.2	3.0265e-07
937.4	2.9271e-07
937.6	2.8309e-07
937.8	2.7379e-07
938.0	2.648e-07
938.2	2.561e-07
938.4	2.5967e-07
938.6	2.6329e-07
938.8	2.6696e-07
939.0	2.7069e-07
939.2	2.7446e-07
939.4	2.7829e-07
939.6	2.8217e-07
939.8	2.8611e-07
940.0	2.901e-07
940.2	2.9415e-07
940.4	2.9825e-07
940.6	3.0241e-07
940.8	3.0663e-07
941.0	3.109e-07
941.2	3.1524e-07
941.4	3.1964e-07
941.6	3.241e-07
941.8	3.2878e-07
942.0	3.3671e-07
942.2	3.4484e-07
942.4	3.5316e-07
942.6	3.6168e-07
942.8	3.704e-07
943.0	3.7934e-07
943.2	3.8849e-07
943.4	3.9786e-07
943.6	4.0746e-07
943.8	4.1729e-07
944.0	4.2736e-07
944.2	4.3767e-07
944.4	4.4822e-07
944.6	4.5904e-07
944.8	4.7011e-07
945.0	4.8145e-07
945.2	4.9307e-07
945.4	5.0356e-07
945.6	5.0333e-07
945.8	5.0311e-07
946.0	5.0289e-07
946.2	5.0266e-07
946.4	5.0244e-07
946.6	5.0222e-07
946.8	5.0199e-07
947.0	5.0177e-07
947.2	5.0155e-07
947.4	5.0133e-07
947.6	5.011e-07
947.8	5.0088e-07
948.0	5.0066e-07
948.2	5.0044e-07
948.4	5.0021e-07
948.6	4.9999e-07
948.8	4.9977e-07
949.0	4.9714e-07
949.2	4.8411e-07
949.4	4.7143e-07
949.6	4.5907e-07
949.8	4.4704e-07
950.0	4.3533e-07
950.2	4.2392e-07
950.4	4.1281e-07
950.6	4.02e-07
950.8	3.9146e-07
951.0	3.812e-07
951.2	3.7121e-07
951.4	3.6149e-07
951.6	3.5201e-07
951.8	3.4279e-07
952.0	3.3381e-07
952.2	3.2506e-07
952.4	3.1654e-07
952.6	3.0797e-07
952.8	2.9889e-07
953.0	2.9007e-07
953.2	2.8152e-07
953.4	2.7322e-07
953.6	2.6516e-07
953.8	2.5734e-07
954.0	2.4975e-07
954.2	2.4239e-07
954.4	2.3524e-07
954.6	2.2831e-07
954.8	2.2157e-07
955.0	2.1504e-07
955.2	2.087e-07
955.4	2.0254e-07
955.6	1.9657e-07
955.8	1.9078e-07
956.0	1.8515e-07
956.2	1.8071e-07
956.4	1.7815e-07
956.6	1.7563e-07
956.8	1.7314e-07
957.0	1.7069e-07
957.2	1.6828e-07
957.4	1.659e-07
957.6	1.6355e-07
957.8	1.6124e-07
958.0	1.5895e-07
958.2	1.567e-07
958.4	1.5449e-07
958.6	1.523e-07
958.8	1.5015e-07
959.0	1.4802e-07
959.2	1.4593e-07
959.4	1.4386e-07
959.6	1.4183e-07
959.8	1.4247e-07
960.0	1.463e-07
960.2	1.5024e-07
960.4	1.5429e-07
960.6	1.5844e-07
960.8	1.627e-07
961.0	1.6708e-07
961.2	1.7158e-07
961.4	1.762e-07
961.6	1.8094e-07
961.8	1.8581e-07
962.0	1.9081e-07
962.2	1.9594e-07
962.4	2.0122e-07
962.6	2.0663e-07
962.8	2.122e-07
963.0	2.1791e-07
963.2	2.2377e-07
963.4	2.2956e-07
963.6	2.3531e-07
963.8	2.4121e-07
964.0	2.4726e-07
964.2	2.5345e-07
964.4	2.5981e-07
964.6	2.6632e-07
964.8	2.7299e-07
965.0	2.7984e-07
965.2	2.8685e-07
965.4	2.9404e-07
965.6	3.0141e-07
965.8	3.0896e-07
966.0	3.1671e-07
966.2	3.2465e-07
966.4	3.3278e-07
966.6	3.4112e-07
966.8	3.4967e-07
967.0	3.6158e-07
967.2	3.7539e-07
967.4	3.8972e-07
967.6	4.0461e-07
967.8	4.2006e-07
968.0	4.361e-07
968.2	4.5276e-07
968.4	4.7005e-07
968.6	4.88e-07
968.8	5.0664e-07
969.0	5.2599e-07
969.2	5.4608e-07
969.4	5.6693e-07
969.6	5.8859e-07
969.8	6.1107e-07
970.0	6.344e-07
970.2	6.5863e-07
970.4	6.8379e-07
970.6	6.9494e-07
970.8	7.0286e-07
971.0	7.1087e-07
971.2	7.1897e-07
971.4	7.2717e-07
971.6	7.3546e-07
971.8	7.4384e-07
972.0	7.5232e-07
972.2	7.5841e-07
972.4	7.6454e-07
972.6	7.7073e-07
972.8	7.7697e-07
973.0	7.8325e-07
973.2	7.8959e-07
973.4	7.9598e-07
973.6	8.0242e-07
973.8	8.0891e-07
974.0	8.1546e-07
974.2	8.2206e-07
974.4	8.2871e-07
974.6	8.2894e-07
974.8	8.0664e-07
975.0	7.8494e-07
975.2	7.6382e-07
975.4	7.4327e-07
975.6	7.2327e-07
975.8	7.0381e-07
976.0	6.8488e-07
976.2	6.6645e-07
976.4	6.4852e-07
976.6	6.3107e-07
976.8	6.1409e-07
977.0	5.9757e-07
977.2	5.8149e-07
977.4	5.6585e-07
977.6	5.5062e-07
977.8	5.3581e-07
978.0	5.2139e-07
978.2	5.0859e-07
978.4	4.9911e-07
978.6	4.898e-07
978.8	4.8067e-07
979.0	4.7171e-07
979.2	4.6291e-07
979.4	4.5428e-07
979.6	4.4581e-07
979.8	4.375e-07
980.0	4.2934e-07
980.2	4.2134e-07
980.4	4.1348e-07
980.6	4.0577e-07
980.8	3.9821e-07
981.0	3.9078e-07
981.2	3.835e-07
981.4	3.7635e-07
981.6	3.6933e-07
981.8	3.6424e-07
982.0	3.6245e-07
982.2	3.6068e-07
982.4	3.5891e-07
982.6	3.5716e-07
982.8	3.5541e-07
983.0	3.5367e-07
983.2	3.5194e-07
983.4	3.5021e-07
983.6	3.485e-07
983.8	3.4679e-07
984.0	3.4509e-07
984.2	3.434e-07
984.4	3.4172e-07
984.6	3.4005e-07
984.8	3.3838e-07
985.0	3.3673e-07
985.2	3.3508e-07
985.4	3.3634e-07
985.6	3.4151e-07
985.8	3.4676e-07
986.0	3.5209e-07
986.2	3.575e-07
986.4	3.6299e-07
986.6	3.6857e-07
986.8	3.7423e-07
987.0	3.7998e-07
987.2	3.8582e-07
987.4	3.9175e-07
987.6	3.9777e-07
987.8	4.0388e-07
988.0	4.1009e-07
988.2	4.1639e-07
988.4	4.2278e-07
988.6	4.2928e-07
988.8	4.3588e-07
989.0	4.4422e-07
989.2	4.5427e-07
989.4	4.6455e-07
989.6	4.7506e-07
989.8	4.8581e-07
990.0	4.968e-07
990.2	5.0804e-07
990.4	5.1954e-07
990.6	5.3129e-07
990.8	5.4332e-07
991.0	5.5561e-07
991.2	5.6818e-07
991.4	5.8104e-07
991.6	5.9418e-07
991.8	6.0763e-07
992.0	6.2138e-07
992.2	6.3544e-07
992.4	6.4982e-07
992.6	6.6697e-07
992.8	6.8613e-07
993.0	7.0584e-07
993.2	7.2612e-07
993.4	7.4697e-07
993.6	7.6843e-07
993.8	7.905e-07
994.0	8.1321e-07
994.2	8.3657e-07
994.4	8.606e-07
994.6	8.8532e-07
994.8	9.1075e-07
995.0	9.3692e-07
995.2	9.6383e-07
995.4	9.9152e-07
995.6	1.02e-06
995.8	1.0493e-06
996.0	1.0794e-06
996.2	1.1153e-06
996.4	1.1544e-06
996.6	1.1947e-06
996.8	1.2365e-06
997.0	1.2798e-06
997.2	1.3246e-06
997.4	1.3709e-06
997.6	1.4188e-06
997.8	1.4685e-06
998.0	1.5198e-06
998.2	1.573e-06
998.4	1.628e-06
998.6	1.685e-06
998.8	1.7439e-06
999.0	1.8049e-06
999.2	1.8681e-06
999.4	1.9334e-06
999.6	2.0011e-06
999.8	2.0589e-06
1000.0	2.1161e-06
1000.2	2.1679e-06
1000.4	2.221e-06
1000.6	2.2754e-06
1000.8	2.3312e-06
1001.0	2.3883e-06
1001.2	2.4182e-06
1001.4	2.4405e-06
1001.6	2.463e-06
1001.8	2.4857e-06
1002.0	2.5087e-06
1002.2	2.5318e-06
1002.4	2.5552e-06
1002.6	2.5788e-06
1002.8	2.6026e-06
1003.0	2.6266e-06
1003.2	2.6509e-06
1003.4	2.6753e-06
1003.6	2.7e-06
1003.8	2.7249e-06
1004.0	2.7501e-06
1004.2	2.7755e-06
1004.4	2.8011e-06
1004.6	2.8269e-06
1004.8	2.8324e-06
1005.0	2.8351e-06
1005.2	2.8378e-06
1005.4	2.8405e-06
1005.6	2.8431e-06
1005.8	2.8458e-06
1006.0	2.8485e-06
1006.2	2.8512e-06
1006.4	2.8539e-06
1006.6	2.8566e-06
1006.8	2.8593e-06
1007.0	2.862e-06
1007.2	2.8647e-06
1007.4	2.8674e-06
1007.6	2.8701e-06
1007.8	2.8728e-06
1008.0	2.8755e-06
1008.2	2.8783e-06
1008.4	2.9088e-06
1008.6	2.9405e-06
1008.8	2.9725e-06
1009.0	3.0048e-06
1009.2	3.0375e-06
1009.4	3.0705e-06
1009.6	3.1039e-06
1009.8	3.1377e-06
1010.0	3.1718e-06
1010.2	3.2063e-06
1010.4	3.2412e-06
1010.6	3.2765e-06
1010.8	3.3121e-06
1011.0	3.3481e-06
1011.2	3.3846e-06
1011.4	3.4214e-06
1011.6	3.4586e-06
1011.8	3.502e-06
1012.0	3.609e-06
1012.2	3.7194e-06
1012.4	3.8331e-06
1012.6	3.9503e-06
1012.8	4.0711e-06
1013.0	4.1956e-06
1013.2	4.3239e-06
1013.4	4.4561e-06
1013.6	4.5924e-06
1013.8	4.7328e-06
1014.0	4.8775e-06
1014.2	5.0267e-06
1014.4	5.1804e-06
1014.6	5.3388e-06
1014.8	5.502e-06
1015.0	5.6703e-06
1015.2	5.8436e-06
1015.4	6.0478e-06
1015.6	6.3624e-06
1015.8	6.6933e-06
1016.0	7.0414e-06
1016.2	7.4077e-06
1016.4	7.7929e-06
1016.6	8.1983e-06
1016.8	8.6247e-06
1017.0	9.0733e-06
1017.2	9.5452e-06
1017.4	1.0042e-05
1017.6	1.0564e-05
1017.8	1.1113e-05
1018.0	1.1691e-05
1018.2	1.23e-05
1018.4	1.2939e-05
1018.6	1.3612e-05
1018.8	1.432e-05
1019.0	1.5001e-05
1019.2	1.558e-05
1019.4	1.6182e-05
1019.6	1.6807e-05
1019.8	1.7456e-05
1020.0	1.813e-05
1020.2	1.8831e-05
1020.4	1.9558e-05
1020.6	2.0313e-05
1020.8	2.1098e-05
1021.0	2.1913e-05
1021.2	2.2759e-05
1021.4	2.3639e-05
1021.6	2.4552e-05
1021.8	2.55e-05
1022.0	2.6485e-05
1022.2	2.7508e-05
1022.4	2.857e-05
1022.6	2.8772e-05
1022.8	2.7984e-05
1023.0	2.7217e-05
1023.2	2.6472e-05
1023.4	2.5747e-05
1023.6	2.5042e-05
1023.8	2.4356e-05
1024.0	2.3689e-05
1024.2	2.304e-05
1024.4	2.2409e-05
1024.6	2.1795e-05
1024.8	2.1198e-05
1025.0	2.0617e-05
1025.2	2.0053e-05
1025.4	1.9503e-05
1025.6	1.8969e-05
1025.8	1.845e-05
1026.0	1.7944e-05
1026.2	1.7453e-05
1026.4	1.6975e-05
1026.6	1.6344e-05
1026.8	1.5696e-05
1027.0	1.5075e-05
1027.2	1.4478e-05
1027.4	1.3904e-05
1027.6	1.3354e-05
1027.8	1.2825e-05
1028.0	1.2317e-05
1028.2	1.1829e-05
1028.4	1.1361e-05
1028.6	1.0911e-05
1028.8	1.0478e-05
1029.0	1.0063e-05
1029.2	9.6649e-06
1029.4	9.2821e-06
1029.6	8.9145e-06
1029.8	8.5614e-06
1030.0	8.3957e-06
1030.2	8.2832e-06
1030.4	8.1723e-06
1030.6	8.0628e-06
1030.8	7.9547e-06
1031.0	7.8482e-06
1031.2	7.743e-06
1031.4	7.6393e-06
1031.6	7.5369e-06
1031.8	7.436e-06
1032.0	7.3363e-06
1032.2	7.238e-06
1032.4	7.1411e-06
1032.6	7.0454e-06
1032.8	6.951e-06
1033.0	6.8579e-06
1033.2	6.766e-06
1033.4	6.6753e-06
1033.6	6.5859e-06
1033.8	6.4977e-06
1034.0	6.4106e-06
1034.2	6.3247e-06
1034.4	6.24e-06
1034.6	6.1564e-06
1034.8	6.1345e-06
1035.0	6.1666e-06
1035.2	6.199e-06
1035.4	6.2315e-06
1035.6	6.2642e-06
1035.8	6.297e-06
1036.0	6.3301e-06
1036.2	6.3632e-06
1036.4	6.3966e-06
1036.6	6.4302e-06
1036.8	6.4639e-06
1037.0	6.4978e-06
1037.2	6.5319e-06
1037.4	6.5661e-06
1037.6	6.6006e-06
1037.8	6.6352e-06
1038.0	6.67e-06
1038.2	6.7049e-06
1038.4	6.7401e-06
1038.6	6.7755e-06
1038.8	6.811e-06
1039.0	6.8467e-06
1039.2	6.8826e-06
1039.4	6.9187e-06
1039.6	6.9916e-06
1039.8	7.1568e-06
1040.0	7.3258e-06
1040.2	7.4989e-06
1040.4	7.676e-06
1040.6	7.8573e-06
1040.8	8.0429e-06
1041.0	8.2329e-06
1041.2	8.4273e-06
1041.4	8.6264e-06
1041.6	8.8302e-06
1041.8	9.0387e-06
1042.0	9.2522e-06
1042.2	9.4708e-06
1042.4	9.6945e-06
1042.6	9.9235e-06
1042.8	1.0158e-05
1043.0	1.0398e-05
1043.2	1.0643e-05
1043.4	1.0895e-05
1043.6	1.1152e-05
1043.8	1.1416e-05
1044.0	1.1685e-05
1044.2	1.1961e-05
1044.4	1.2254e-05
1044.6	1.28e-05
1044.8	1.3371e-05
1045.0	1.3967e-05
1045.2	1.459e-05
1045.4	1.5241e-05
1045.6	1.5921e-05
1045.8	1.663e-05
1046.0	1.7372e-05
1046.2	1.8147e-05
1046.4	1.8956e-05
1046.6	1.9801e-05
1046.8	2.0685e-05
1047.0	2.1607e-05
1047.2	2.2571e-05
1047.4	2.3577e-05
1047.6	2.4629e-05
1047.8	2.5727e-05
1048.0	2.6874e-05
1048.2	2.8073e-05
1048.4	2.9325e-05
1048.6	3.0632e-05
1048.8	3.1998e-05
1049.0	3.3425e-05
1049.2	3.4916e-05
1049.4	3.6473e-05
1049.6	3.81e-05
1049.8	3.9799e-05
1050.0	4.1574e-05
1050.2	4.3428e-05
1050.4	4.5364e-05
1050.6	4.7691e-05
1050.8	5.0422e-05
1051.0	5.331e-05
1051.2	5.6363e-05
1051.4	5.9591e-05
1051.6	6.3004e-05
1051.8	6.6612e-05
1052.0	7.0427e-05
1052.2	7.4461e-05
1052.4	7.8725e-05
1052.6	8.3234e-05
1052.8	8.8001e-05
1053.0	9.3041e-05
1053.2	9.8369e-05
1053.4	1.04e-04
1053.6	1.0996e-04
1053.8	1.1626e-04
1054.0	1.2115e-04
1054.2	1.2468e-04
1054.4	1.2831e-04
1054.6	1.3204e-04
1054.8	1.3588e-04
1055.0	1.3984e-04
1055.2	1.439e-04
1055.4	1.4809e-04
1055.6	1.524e-04
1055.8	1.5684e-04
1056.0	1.614e-04
1056.2	1.661e-04
1056.4	1.7093e-04
1056.6	1.7591e-04
1056.8	1.8102e-04
1057.0	1.8629e-04
1057.2	1.9171e-04
1057.4	1.9729e-04
1057.6	2.0303e-04
1057.8	2.0894e-04
1058.0	2.1502e-04
1058.2	2.2128e-04
1058.4	2.2772e-04
1058.6	2.3434e-04
1058.8	2.4116e-04
1059.0	2.4818e-04
