Typical Measured Spectrum of Semrock FF01-832/37 Optical Filter	
For wavelengths between 320 and 1120 nm, values near or below 3e-7 (Optical Density 6.5) are measurement noise limited.
For wavelengths < 320 nm and > 1120 nm, values near or below 3e-6 (Optical Density 5.5) are measurement noise limited. 
Data format:  Wavelength (nm) <tab> Transmission (0 to 1)
300.0	1.9545e-07
300.2	1.9337e-07
300.4	1.9131e-07
300.6	1.8927e-07
300.8	1.8726e-07
301.0	1.8526e-07
301.2	1.8329e-07
301.4	1.8134e-07
301.6	1.7941e-07
301.8	1.7727e-07
302.0	1.7492e-07
302.2	1.726e-07
302.4	1.7032e-07
302.6	1.6806e-07
302.8	1.6584e-07
303.0	1.6364e-07
303.2	1.6148e-07
303.4	1.5934e-07
303.6	1.5723e-07
303.8	1.5515e-07
304.0	1.5309e-07
304.2	1.5106e-07
304.4	1.4906e-07
304.6	1.4709e-07
304.8	1.4514e-07
305.0	1.4322e-07
305.2	1.4162e-07
305.4	1.4004e-07
305.6	1.3875e-07
305.8	1.3841e-07
306.0	1.3807e-07
306.2	1.3773e-07
306.4	1.3739e-07
306.6	1.3705e-07
306.8	1.3672e-07
307.0	1.3638e-07
307.2	1.3604e-07
307.4	1.3571e-07
307.6	1.3537e-07
307.8	1.3504e-07
308.0	1.3471e-07
308.2	1.3437e-07
308.4	1.3404e-07
308.6	1.3371e-07
308.8	1.3338e-07
309.0	1.3306e-07
309.2	1.3273e-07
309.4	1.3234e-07
309.6	1.3191e-07
309.8	1.3147e-07
310.0	1.3104e-07
310.2	1.3061e-07
310.4	1.3018e-07
310.6	1.2976e-07
310.8	1.2933e-07
311.0	1.2891e-07
311.2	1.2849e-07
311.4	1.2807e-07
311.6	1.2765e-07
311.8	1.2723e-07
312.0	1.2681e-07
312.2	1.2639e-07
312.4	1.2598e-07
312.6	1.2557e-07
312.8	1.2516e-07
313.0	1.2475e-07
313.2	1.2427e-07
313.4	1.238e-07
313.6	1.2332e-07
313.8	1.2285e-07
314.0	1.2238e-07
314.2	1.2191e-07
314.4	1.2145e-07
314.6	1.2098e-07
314.8	1.2052e-07
315.0	1.2006e-07
315.2	1.196e-07
315.4	1.1914e-07
315.6	1.1868e-07
315.8	1.1823e-07
316.0	1.1778e-07
316.2	1.1732e-07
316.4	1.1688e-07
316.6	1.1643e-07
316.8	1.1894e-07
317.0	1.3054e-07
317.2	1.4326e-07
317.4	1.5723e-07
317.6	1.7256e-07
317.8	1.8939e-07
318.0	2.0785e-07
318.2	2.2812e-07
318.4	2.5036e-07
318.6	2.7477e-07
318.8	3.0156e-07
319.0	3.3097e-07
319.2	3.6324e-07
319.4	3.9865e-07
319.6	4.3752e-07
319.8	4.8018e-07
320.0	5.27e-07
320.2	5.7839e-07
320.4	6.3478e-07
320.6	6.5658e-07
320.8	6.544e-07
321.0	6.5223e-07
321.2	6.5006e-07
321.4	6.479e-07
321.6	6.4575e-07
321.8	6.436e-07
322.0	6.4146e-07
322.2	6.3933e-07
322.4	6.372e-07
322.6	6.3509e-07
322.8	6.3298e-07
323.0	6.3087e-07
323.2	6.2878e-07
323.4	6.2669e-07
323.6	6.246e-07
323.8	6.2253e-07
324.0	6.2046e-07
324.2	6.184e-07
324.4	6.1108e-07
324.6	6.0378e-07
324.8	5.9656e-07
325.0	5.8943e-07
325.2	5.8238e-07
325.4	5.7542e-07
325.6	5.6854e-07
325.8	5.6175e-07
326.0	5.5503e-07
326.2	5.484e-07
326.4	5.4184e-07
326.6	5.3536e-07
326.8	5.2897e-07
327.0	5.2264e-07
327.2	5.1639e-07
327.4	5.1022e-07
327.6	5.0412e-07
327.8	4.981e-07
328.0	4.8213e-07
328.2	4.4956e-07
328.4	4.192e-07
328.6	3.9088e-07
328.8	3.6448e-07
329.0	3.3986e-07
329.2	3.1691e-07
329.4	2.955e-07
329.6	2.7554e-07
329.8	2.5693e-07
330.0	2.3958e-07
330.2	2.234e-07
330.4	2.0831e-07
330.6	1.9424e-07
330.8	1.8112e-07
331.0	1.6888e-07
331.2	1.5748e-07
331.4	1.4684e-07
331.6	1.3692e-07
331.8	1.3194e-07
332.0	1.2862e-07
332.2	1.2539e-07
332.4	1.2223e-07
332.6	1.1916e-07
332.8	1.1616e-07
333.0	1.1324e-07
333.2	1.1039e-07
333.4	1.0761e-07
333.6	1.049e-07
333.8	1.0226e-07
334.0	9.9691e-08
334.2	9.7183e-08
334.4	9.4738e-08
334.6	9.2354e-08
334.8	9.003e-08
335.0	8.7765e-08
335.2	9.6626e-08
335.4	1.0638e-07
335.6	1.1663e-07
335.8	1.2649e-07
336.0	1.3718e-07
336.2	1.4877e-07
336.4	1.6134e-07
336.6	1.7498e-07
336.8	1.8976e-07
337.0	2.058e-07
337.2	2.2319e-07
337.4	2.4206e-07
337.6	2.6251e-07
337.8	2.847e-07
338.0	3.0876e-07
338.2	3.3485e-07
338.4	3.6315e-07
338.6	3.9384e-07
338.8	4.2712e-07
339.0	4.6322e-07
339.2	5.0237e-07
339.4	4.7355e-07
339.6	4.1324e-07
339.8	3.6061e-07
340.0	3.1468e-07
340.2	2.746e-07
340.4	2.3963e-07
340.6	2.0911e-07
340.8	1.8248e-07
341.0	1.5924e-07
341.2	1.3896e-07
341.4	1.2126e-07
341.6	1.0582e-07
341.8	9.2338e-08
342.0	8.0578e-08
342.2	7.0316e-08
342.4	6.136e-08
342.6	5.3545e-08
342.8	4.6726e-08
343.0	4.092e-08
343.2	4.5301e-08
343.4	5.015e-08
343.6	5.5518e-08
343.8	6.1461e-08
344.0	6.804e-08
344.2	7.5323e-08
344.4	8.3386e-08
344.6	9.2312e-08
344.8	1.0219e-07
345.0	1.1313e-07
345.2	1.2524e-07
345.4	1.3865e-07
345.6	1.5349e-07
345.8	1.6992e-07
346.0	1.8811e-07
346.2	2.0825e-07
346.4	2.3054e-07
346.6	2.5522e-07
346.8	2.6043e-07
347.0	2.3517e-07
347.2	2.1236e-07
347.4	1.9177e-07
347.6	1.7317e-07
347.8	1.5638e-07
348.0	1.4121e-07
348.2	1.2752e-07
348.4	1.1515e-07
348.6	1.0398e-07
348.8	9.3899e-08
349.0	8.4792e-08
349.2	7.6569e-08
349.4	6.9144e-08
349.6	6.2438e-08
349.8	5.6383e-08
350.0	5.0915e-08
350.2	4.5977e-08
350.4	4.1518e-08
350.6	4.0672e-08
350.8	4.0741e-08
351.0	4.081e-08
351.2	4.0879e-08
351.4	4.0948e-08
351.6	4.1018e-08
351.8	4.1088e-08
352.0	4.1157e-08
352.2	4.1227e-08
352.4	4.1297e-08
352.6	4.1367e-08
352.8	4.1438e-08
353.0	4.1508e-08
353.2	4.1578e-08
353.4	4.1649e-08
353.6	4.172e-08
353.8	4.179e-08
354.0	4.1861e-08
354.2	4.3106e-08
354.4	5.0128e-08
354.6	5.8294e-08
354.8	6.7791e-08
355.0	7.8834e-08
355.2	9.1677e-08
355.4	1.0661e-07
355.6	1.2398e-07
355.8	1.4418e-07
356.0	1.6766e-07
356.2	1.9497e-07
356.4	2.2674e-07
356.6	2.6367e-07
356.8	3.0663e-07
357.0	3.5658e-07
357.2	4.1467e-07
357.4	4.8222e-07
357.6	5.6077e-07
357.8	6.5212e-07
358.0	6.8567e-07
358.2	6.722e-07
358.4	6.5899e-07
358.6	6.4605e-07
358.8	6.3335e-07
359.0	6.2091e-07
359.2	6.0871e-07
359.4	5.9675e-07
359.6	5.8502e-07
359.8	5.7353e-07
360.0	5.6226e-07
360.2	5.5121e-07
360.4	5.4038e-07
360.6	5.2976e-07
360.8	5.1936e-07
361.0	5.0915e-07
361.2	4.9915e-07
361.4	4.8934e-07
361.6	4.7973e-07
361.8	5.9876e-07
362.0	7.4732e-07
362.2	9.3275e-07
362.4	1.1642e-06
362.6	1.453e-06
362.8	1.8136e-06
363.0	2.2636e-06
363.2	2.8252e-06
363.4	3.5262e-06
363.6	4.4011e-06
363.8	5.4931e-06
364.0	6.8561e-06
364.2	8.5573e-06
364.4	1.0681e-05
364.6	1.3331e-05
364.8	1.6638e-05
365.0	2.0767e-05
365.2	3.254e-05
365.4	3.8495e-05
365.6	4.2122e-05
365.8	3.9669e-05
366.0	3.6439e-05
366.2	3.2487e-05
366.4	3.5018e-05
366.6	3.9527e-05
366.8	3.7934e-05
367.0	3.894e-05
367.2	4.4722e-05
367.4	4.5919e-05
367.6	4.4781e-05
367.8	4.7797e-05
368.0	5.0395e-05
368.2	5.1527e-05
368.4	5.176e-05
368.6	5.1397e-05
368.8	5.6238e-05
369.0	6.138e-05
369.2	6.4174e-05
369.4	8.1019e-05
369.6	1.2132e-04
369.8	1.9358e-04
370.0	3.2557e-04
370.2	7.0039e-04
370.4	0.00101
370.6	8.9433e-04
370.8	0.00106
371.0	0.00141
371.2	0.00253
371.4	0.00352
371.6	0.00317
371.8	0.00274
372.0	0.00232
372.2	0.00288
372.4	0.00355
372.6	0.00425
372.8	0.00386
373.0	0.00293
373.2	0.00214
373.4	0.0016
373.6	0.0013
373.8	9.9311e-04
374.0	7.1824e-04
374.2	4.2558e-04
374.4	2.5016e-04
374.6	1.799e-04
374.8	1.3947e-04
375.0	1.1854e-04
375.2	1.0561e-04
375.4	9.613e-05
375.6	9.5648e-05
375.8	9.1869e-05
376.0	8.32e-05
376.2	8.096e-05
376.4	8.1489e-05
376.6	8.3018e-05
376.8	8.2949e-05
377.0	7.9188e-05
377.2	8.5798e-05
377.4	1.008e-04
377.6	1.0755e-04
377.8	1.0914e-04
378.0	9.6047e-05
378.2	8.6809e-05
378.4	8.0299e-05
378.6	8.0797e-05
378.8	8.2554e-05
379.0	8.4306e-05
379.2	8.6095e-05
379.4	8.7922e-05
379.6	8.6681e-05
379.8	8.4864e-05
380.0	8.6549e-05
380.2	8.9423e-05
380.4	9.4292e-05
380.6	1.031e-04
380.8	1.1463e-04
381.0	1.4708e-04
381.2	1.7189e-04
381.4	1.6398e-04
381.6	1.5375e-04
381.8	1.4267e-04
382.0	1.5356e-04
382.2	1.6932e-04
382.4	1.9483e-04
382.6	2.3914e-04
382.8	3.0913e-04
383.0	4.8697e-04
383.2	8.0303e-04
383.4	0.00142
383.6	0.00194
383.8	0.002
384.0	0.00158
384.2	0.00118
384.4	9.9144e-04
384.6	8.9261e-04
384.8	8.8463e-04
385.0	9.4537e-04
385.2	0.00105
385.4	0.00144
385.6	0.00222
385.8	0.00423
386.0	0.0089
386.2	0.01965
386.4	0.01893
386.6	0.0154
386.8	0.00867
387.0	0.00572
387.2	0.00422
387.4	0.00378
387.6	0.0035
387.8	0.00339
388.0	0.00328
388.2	0.00319
388.4	0.00324
388.6	0.00335
388.8	0.00367
389.0	0.00393
389.2	0.00409
389.4	0.00378
389.6	0.00332
389.8	0.00253
390.0	0.00191
390.2	0.00142
390.4	0.00111
390.6	8.8834e-04
390.8	7.9667e-04
391.0	7.5816e-04
391.2	8.2094e-04
391.4	9.6553e-04
391.6	0.00119
391.8	0.00156
392.0	0.00201
392.2	0.00243
392.4	0.00253
392.6	0.00234
392.8	0.0019
393.0	0.00153
393.2	0.00127
393.4	0.00114
393.6	0.0011
393.8	0.00124
394.0	0.00147
394.2	0.00209
394.4	0.0032
394.6	0.00542
394.8	0.00751
395.0	0.00945
395.2	0.00728
395.4	0.00545
395.6	0.00388
395.8	0.00323
396.0	0.00288
396.2	0.00331
396.4	0.0041
396.6	0.006
396.8	0.0088
397.0	0.01296
397.2	0.01327
397.4	0.00903
397.6	0.00591
397.8	0.00417
398.0	0.00315
398.2	0.00257
398.4	0.0022
398.6	0.00193
398.8	0.00171
399.0	0.00143
399.2	0.00119
399.4	9.7686e-04
399.6	8.1507e-04
399.8	7.2473e-04
400.0	6.7255e-04
400.2	6.5286e-04
400.4	7.1966e-04
400.6	8.3893e-04
400.8	0.00105
401.0	0.00148
401.2	0.0023
401.4	0.00355
401.6	0.00437
401.8	0.00386
402.0	0.00271
402.2	0.00183
402.4	0.00139
402.6	0.00111
402.8	9.9918e-04
403.0	9.6499e-04
403.2	0.00103
403.4	0.00116
403.6	0.00146
403.8	0.00191
404.0	0.00263
404.2	0.00311
404.4	0.00292
404.6	0.00226
404.8	0.0016
405.0	0.0012
405.2	9.8894e-04
405.4	8.6429e-04
405.6	7.8631e-04
405.8	7.8113e-04
406.0	8.3657e-04
406.2	9.6458e-04
406.4	0.00119
406.6	0.00155
406.8	0.00215
407.0	0.00283
407.2	0.00312
407.4	0.00281
407.6	0.00227
407.8	0.00173
408.0	0.00134
408.2	0.00111
408.4	9.8781e-04
408.6	9.3262e-04
408.8	9.1543e-04
409.0	9.3613e-04
409.2	0.00102
409.4	0.00116
409.6	0.00137
409.8	0.00165
410.0	0.00202
410.2	0.00254
410.4	0.00305
410.6	0.00348
410.8	0.00372
411.0	0.00372
411.2	0.00347
411.4	0.00323
411.6	0.00303
411.8	0.00286
412.0	0.00285
412.2	0.00294
412.4	0.0032
412.6	0.00367
412.8	0.00444
413.0	0.00565
413.2	0.00743
413.4	0.0095
413.6	0.01106
413.8	0.01114
414.0	0.00982
414.2	0.0081
414.4	0.00666
414.6	0.0057
414.8	0.00521
415.0	0.00505
415.2	0.00508
415.4	0.00525
415.6	0.00544
415.8	0.00531
416.0	0.00477
416.2	0.00399
416.4	0.00315
416.6	0.00249
416.8	0.00203
417.0	0.00171
417.2	0.0015
417.4	0.0014
417.6	0.00136
417.8	0.00139
418.0	0.0015
418.2	0.0017
418.4	0.00203
418.6	0.00249
418.8	0.00324
419.0	0.0041
419.2	0.00474
419.4	0.00481
419.6	0.00439
419.8	0.00377
420.0	0.00327
420.2	0.00293
420.4	0.0028
420.6	0.00286
420.8	0.00308
421.0	0.00362
421.2	0.00446
421.4	0.00569
421.6	0.0072
421.8	0.00859
422.0	0.00903
422.2	0.00853
422.4	0.00761
422.6	0.00687
422.8	0.00648
423.0	0.00654
423.2	0.00696
423.4	0.00741
423.6	0.00727
423.8	0.00613
424.0	0.00447
424.2	0.00301
424.4	0.00205
424.6	0.00145
424.8	0.00108
425.0	8.4377e-04
425.2	7.0343e-04
425.4	5.9456e-04
425.6	5.3694e-04
425.8	4.9649e-04
426.0	4.5354e-04
426.2	4.2102e-04
426.4	3.9164e-04
426.6	3.7211e-04
426.8	3.4717e-04
427.0	3.1914e-04
427.2	2.8157e-04
427.4	2.5506e-04
427.6	2.2695e-04
427.8	2.0248e-04
428.0	1.8696e-04
428.2	1.8228e-04
428.4	1.6149e-04
428.6	1.6238e-04
428.8	1.6181e-04
429.0	1.6262e-04
429.2	1.6682e-04
429.4	1.6856e-04
429.6	1.7365e-04
429.8	1.8919e-04
430.0	2.193e-04
430.2	2.499e-04
430.4	2.7413e-04
430.6	3.0772e-04
430.8	3.2645e-04
431.0	3.2927e-04
431.2	3.1237e-04
431.4	2.768e-04
431.6	2.4095e-04
431.8	2.0538e-04
432.0	1.7253e-04
432.2	1.5337e-04
432.4	1.3751e-04
432.6	1.1472e-04
432.8	1.0041e-04
433.0	9.3091e-05
433.2	8.5817e-05
433.4	8.1813e-05
433.6	7.5068e-05
433.8	7.3092e-05
434.0	7.308e-05
434.2	7.167e-05
434.4	7.2631e-05
434.6	7.5496e-05
434.8	7.5433e-05
435.0	6.8251e-05
435.2	7.4708e-05
435.4	8.8868e-05
435.6	1.0613e-04
435.8	1.3631e-04
436.0	1.8754e-04
436.2	2.6791e-04
436.4	4.4357e-04
436.6	7.879e-04
436.8	0.00145
437.0	0.00213
437.2	0.00192
437.4	0.0013
437.6	8.494e-04
437.8	6.1927e-04
438.0	4.8641e-04
438.2	4.2342e-04
438.4	3.949e-04
438.6	3.9239e-04
438.8	4.2813e-04
439.0	4.7258e-04
439.2	5.8783e-04
439.4	7.6295e-04
439.6	0.00108
439.8	0.00175
440.0	0.00314
440.2	0.00616
440.4	0.00939
440.6	0.0084
440.8	0.00531
441.0	0.00336
441.2	0.00248
441.4	0.00204
441.6	0.00184
441.8	0.00185
442.0	0.00202
442.2	0.00238
442.4	0.00302
442.6	0.00408
442.8	0.00552
443.0	0.0066
443.2	0.00626
443.4	0.00481
443.6	0.00344
443.8	0.00251
444.0	0.00196
444.2	0.00164
444.4	0.00147
444.6	0.00138
444.8	0.00138
445.0	0.00144
445.2	0.00157
445.4	0.00183
445.6	0.00209
445.8	0.00248
446.0	0.00275
446.2	0.00284
446.4	0.00267
446.6	0.00235
446.8	0.00203
447.0	0.00171
447.2	0.00152
447.4	0.00138
447.6	0.00131
447.8	0.00129
448.0	0.00131
448.2	0.00141
448.4	0.00152
448.6	0.00167
448.8	0.00186
449.0	0.00195
449.2	0.00194
449.4	0.00177
449.6	0.00152
449.8	0.00127
450.0	0.00107
450.2	9.2709e-04
450.4	8.0934e-04
450.6	7.2492e-04
450.8	6.6974e-04
451.0	6.4691e-04
451.2	6.5113e-04
451.4	6.6239e-04
451.6	7.183e-04
451.8	7.9514e-04
452.0	9.1551e-04
452.2	0.0011
452.4	0.00134
452.6	0.00165
452.8	0.00204
453.0	0.00242
453.2	0.00264
453.4	0.00254
453.6	0.00225
453.8	0.00191
454.0	0.00159
454.2	0.00136
454.4	0.00116
454.6	0.00103
454.8	9.3422e-04
455.0	8.7253e-04
455.2	8.4335e-04
455.4	8.2744e-04
455.6	8.177e-04
455.8	8.3099e-04
456.0	8.4523e-04
456.2	8.8644e-04
456.4	9.2915e-04
456.6	9.8558e-04
456.8	0.00105
457.0	0.00113
457.2	0.00123
457.4	0.00138
457.6	0.00155
457.8	0.00177
458.0	0.00207
458.2	0.00246
458.4	0.00298
458.6	0.00369
458.8	0.0046
459.0	0.00571
459.2	0.00684
459.4	0.00779
459.6	0.00814
459.8	0.00798
460.0	0.00739
460.2	0.00671
460.4	0.00606
460.6	0.00557
460.8	0.00525
461.0	0.00514
461.2	0.00517
461.4	0.00532
461.6	0.00566
461.8	0.0062
462.0	0.00685
462.2	0.00755
462.4	0.00808
462.6	0.00828
462.8	0.00797
463.0	0.00721
463.2	0.00621
463.4	0.0052
463.6	0.00429
463.8	0.00359
464.0	0.00303
464.2	0.0026
464.4	0.00223
464.6	0.00199
464.8	0.00175
465.0	0.00156
465.2	0.00143
465.4	0.0013
465.6	0.00119
465.8	0.00109
466.0	0.00101
466.2	9.245e-04
466.4	8.6231e-04
466.6	8.0078e-04
466.8	7.4643e-04
467.0	6.8757e-04
467.2	6.6205e-04
467.4	6.1712e-04
467.6	5.8877e-04
467.8	5.5957e-04
468.0	5.4119e-04
468.2	5.3731e-04
468.4	5.2474e-04
468.6	5.048e-04
468.8	5.0168e-04
469.0	4.9808e-04
469.2	5.1673e-04
469.4	5.2456e-04
469.6	5.5905e-04
469.8	5.902e-04
470.0	6.3162e-04
470.2	6.9606e-04
470.4	7.5357e-04
470.6	8.2943e-04
470.8	8.771e-04
471.0	9.2663e-04
471.2	9.5399e-04
471.4	9.5232e-04
471.6	9.076e-04
471.8	8.273e-04
472.0	7.452e-04
472.2	6.5965e-04
472.4	5.8604e-04
472.6	5.1141e-04
472.8	4.6087e-04
473.0	4.2279e-04
473.2	3.9132e-04
473.4	3.6351e-04
473.6	3.4242e-04
473.8	3.3909e-04
474.0	3.4129e-04
474.2	3.4569e-04
474.4	3.5461e-04
474.6	3.7366e-04
474.8	3.979e-04
475.0	4.44e-04
475.2	4.9962e-04
475.4	5.7782e-04
475.6	6.7064e-04
475.8	7.8462e-04
476.0	9.5455e-04
476.2	0.00111
476.4	0.00132
476.6	0.00149
476.8	0.00168
477.0	0.00177
477.2	0.00181
477.4	0.00178
477.6	0.00169
477.8	0.00164
478.0	0.00158
478.2	0.00155
478.4	0.00156
478.6	0.00159
478.8	0.00172
479.0	0.00187
479.2	0.00211
479.4	0.00247
479.6	0.00297
479.8	0.00364
480.0	0.00471
480.2	0.00605
480.4	0.00772
480.6	0.00927
480.8	0.00972
481.0	0.0091
481.2	0.00769
481.4	0.00626
481.6	0.00505
481.8	0.00417
482.0	0.00353
482.2	0.00305
482.4	0.00275
482.6	0.00253
482.8	0.00237
483.0	0.00228
483.2	0.00221
483.4	0.00221
483.6	0.0022
483.8	0.00224
484.0	0.00233
484.2	0.00243
484.4	0.00255
484.6	0.00277
484.8	0.00297
485.0	0.00324
485.2	0.00356
485.4	0.00395
485.6	0.00448
485.8	0.00505
486.0	0.00572
486.2	0.00652
486.4	0.0073
486.6	0.00813
486.8	0.00887
487.0	0.00945
487.2	0.00955
487.4	0.00951
487.6	0.00909
487.8	0.00853
488.0	0.00798
488.2	0.00736
488.4	0.00674
488.6	0.00629
488.8	0.00593
489.0	0.00563
489.2	0.00538
489.4	0.00524
489.6	0.00516
489.8	0.00513
490.0	0.0051
490.2	0.00521
490.4	0.00528
490.6	0.00543
490.8	0.00568
491.0	0.0059
491.2	0.00615
491.4	0.00645
491.6	0.0067
491.8	0.00684
492.0	0.00686
492.2	0.00669
492.4	0.00629
492.6	0.00588
492.8	0.00529
493.0	0.00469
493.2	0.00417
493.4	0.00367
493.6	0.00324
493.8	0.00291
494.0	0.00265
494.2	0.00243
494.4	0.0023
494.6	0.00217
494.8	0.00212
495.0	0.00214
495.2	0.00215
495.4	0.00226
495.6	0.00249
495.8	0.0027
496.0	0.00311
496.2	0.0037
496.4	0.00443
496.6	0.00531
496.8	0.00625
497.0	0.00669
497.2	0.0063
497.4	0.00537
497.6	0.00436
497.8	0.00335
498.0	0.00259
498.2	0.00207
498.4	0.00171
498.6	0.00144
498.8	0.00125
499.0	0.00114
499.2	0.00105
499.4	9.8969e-04
499.6	9.7651e-04
499.8	9.6207e-04
500.0	9.8615e-04
500.2	0.00103
500.4	0.00106
500.6	0.00118
500.8	0.00129
501.0	0.00143
501.2	0.00165
501.4	0.00191
501.6	0.0022
501.8	0.00249
502.0	0.00287
502.2	0.00319
502.4	0.00342
502.6	0.00361
502.8	0.00375
503.0	0.00381
503.2	0.00389
503.4	0.00394
503.6	0.00408
503.8	0.0043
504.0	0.00467
504.2	0.0051
504.4	0.00568
504.6	0.00642
504.8	0.00708
505.0	0.00731
505.2	0.00719
505.4	0.00656
505.6	0.00556
505.8	0.00445
506.0	0.00363
506.2	0.00298
506.4	0.00247
506.6	0.00211
506.8	0.00188
507.0	0.0017
507.2	0.00157
507.4	0.00154
507.6	0.00153
507.8	0.00155
508.0	0.00163
508.2	0.00181
508.4	0.00201
508.6	0.00235
508.8	0.00283
509.0	0.00355
509.2	0.00453
509.4	0.00586
509.6	0.00728
509.8	0.00828
510.0	0.00828
510.2	0.00727
510.4	0.00593
510.6	0.00479
510.8	0.004
511.0	0.0034
511.2	0.00303
511.4	0.00281
511.6	0.00269
511.8	0.00269
512.0	0.0028
512.2	0.00305
512.4	0.00345
512.6	0.00404
512.8	0.00494
513.0	0.00631
513.2	0.00801
513.4	0.00983
513.6	0.01108
513.8	0.01092
514.0	0.00958
514.2	0.00802
514.4	0.00663
514.6	0.00564
514.8	0.00502
515.0	0.00467
515.2	0.00457
515.4	0.00473
515.6	0.00513
515.8	0.00592
516.0	0.00689
516.2	0.00788
516.4	0.00826
516.6	0.00747
516.8	0.00583
517.0	0.00417
517.2	0.00295
517.4	0.00216
517.6	0.00165
517.8	0.00131
518.0	0.0011
518.2	9.6398e-04
518.4	8.9892e-04
518.6	8.6616e-04
518.8	8.7648e-04
519.0	9.3845e-04
519.2	0.00108
519.4	0.00131
519.6	0.00167
519.8	0.00204
520.0	0.00203
520.2	0.00156
520.4	9.9471e-04
520.6	5.875e-04
520.8	3.7556e-04
521.0	2.5502e-04
521.2	1.9003e-04
521.4	1.4148e-04
521.6	1.0835e-04
521.8	9.1469e-05
522.0	7.6172e-05
522.2	6.6547e-05
522.4	6.2371e-05
522.6	5.4118e-05
522.8	4.9221e-05
523.0	4.3011e-05
523.2	4.1408e-05
523.4	4.1208e-05
523.6	3.3754e-05
523.8	3.4093e-05
524.0	3.449e-05
524.2	3.5215e-05
524.4	3.5402e-05
524.6	3.9654e-05
524.8	4.3093e-05
525.0	4.8885e-05
525.2	7.1682e-05
525.4	1.1059e-04
525.6	2.0948e-04
525.8	4.3839e-04
526.0	5.667e-04
526.2	3.0385e-04
526.4	1.2643e-04
526.6	6.1486e-05
526.8	4.0338e-05
527.0	2.4795e-05
527.2	2.1806e-05
527.4	1.7354e-05
527.6	1.4936e-05
527.8	1.2104e-05
528.0	1.0534e-05
528.2	1.0785e-05
528.4	8.7197e-06
528.6	7.7556e-06
528.8	8.71e-06
529.0	7.1446e-06
529.2	8.2848e-06
529.4	8.0992e-06
529.6	7.7182e-06
529.8	6.6511e-06
530.0	6.97e-06
530.2	7.4462e-06
530.4	7.7334e-06
530.6	7.7037e-06
530.8	7.2843e-06
531.0	8.4904e-06
531.2	6.7925e-06
531.4	6.3808e-06
531.6	8.3335e-06
531.8	8.0935e-06
532.0	7.9876e-06
532.2	9.3479e-06
532.4	9.5112e-06
532.6	1.1797e-05
532.8	1.3194e-05
533.0	1.4822e-05
533.2	1.8805e-05
533.4	2.1564e-05
533.6	2.2051e-05
533.8	2.5822e-05
534.0	2.453e-05
534.2	2.1854e-05
534.4	2.0666e-05
534.6	1.856e-05
534.8	1.7655e-05
535.0	1.5455e-05
535.2	1.5438e-05
535.4	1.4761e-05
535.6	1.4303e-05
535.8	1.5191e-05
536.0	1.5649e-05
536.2	1.6817e-05
536.4	1.8899e-05
536.6	2.2175e-05
536.8	2.3709e-05
537.0	2.6773e-05
537.2	2.6314e-05
537.4	2.6811e-05
537.6	2.3404e-05
537.8	2.0333e-05
538.0	1.476e-05
538.2	1.0882e-05
538.4	8.6462e-06
538.6	6.8894e-06
538.8	7.0675e-06
539.0	5.5172e-06
539.2	5.5028e-06
539.4	4.7182e-06
539.6	3.8709e-06
539.8	4.0065e-06
540.0	3.9833e-06
540.2	3.9953e-06
540.4	3.2857e-06
540.6	4.0683e-06
540.8	3.0269e-06
541.0	3.2597e-06
541.2	3.1583e-06
541.4	2.7868e-06
541.6	1.6086e-06
541.8	3.9768e-06
542.0	2.7161e-06
542.2	2.6455e-06
542.4	3.9107e-06
542.6	3.8056e-06
542.8	3.0207e-06
543.0	3.7589e-06
543.2	3.7918e-06
543.4	3.825e-06
543.6	3.8584e-06
543.8	3.7813e-06
544.0	3.5719e-06
544.2	3.374e-06
544.4	3.1872e-06
544.6	3.0107e-06
544.8	2.8439e-06
545.0	2.6864e-06
545.2	2.5376e-06
545.4	2.3971e-06
545.6	2.2643e-06
545.8	2.1389e-06
546.0	2.0205e-06
546.2	1.9086e-06
546.4	1.8029e-06
546.6	1.703e-06
546.8	1.6087e-06
547.0	1.5196e-06
547.2	1.4354e-06
547.4	1.3559e-06
547.6	1.3876e-06
547.8	1.423e-06
548.0	1.4593e-06
548.2	1.4964e-06
548.4	1.5346e-06
548.6	1.5737e-06
548.8	1.6138e-06
549.0	1.6549e-06
549.2	1.6971e-06
549.4	1.7403e-06
549.6	1.7846e-06
549.8	1.8301e-06
550.0	1.8767e-06
550.2	1.9246e-06
550.4	1.9736e-06
550.6	2.0239e-06
550.8	2.0755e-06
551.0	2.1283e-06
551.2	2.1337e-06
551.4	2.0958e-06
551.6	2.0586e-06
551.8	2.022e-06
552.0	1.9861e-06
552.2	1.9508e-06
552.4	1.9161e-06
552.6	1.882e-06
552.8	1.8486e-06
553.0	1.8157e-06
553.2	1.7835e-06
553.4	1.7518e-06
553.6	1.7206e-06
553.8	1.6901e-06
554.0	1.66e-06
554.2	1.6305e-06
554.4	1.6016e-06
554.6	1.5731e-06
554.8	1.538e-06
555.0	1.426e-06
555.2	1.3221e-06
555.4	1.2259e-06
555.6	1.1366e-06
555.8	1.0538e-06
556.0	9.7705e-07
556.2	9.0589e-07
556.4	8.3991e-07
556.6	7.7874e-07
556.8	7.2202e-07
557.0	6.6944e-07
557.2	6.2068e-07
557.4	5.7548e-07
557.6	5.3356e-07
557.8	4.947e-07
558.0	4.5867e-07
558.2	4.2527e-07
558.4	3.943e-07
558.6	3.8385e-07
558.8	3.8385e-07
559.0	3.8384e-07
559.2	3.8384e-07
559.4	3.8384e-07
559.6	3.8383e-07
559.8	3.8383e-07
560.0	3.8383e-07
560.2	3.8382e-07
560.4	3.8382e-07
560.6	3.8382e-07
560.8	3.8381e-07
561.0	3.8381e-07
561.2	3.8381e-07
561.4	3.838e-07
561.6	3.838e-07
561.8	3.838e-07
562.0	3.838e-07
562.2	3.8339e-07
562.4	3.8159e-07
562.6	3.7981e-07
562.8	3.7803e-07
563.0	3.7626e-07
563.2	3.745e-07
563.4	3.7275e-07
563.6	3.7101e-07
563.8	3.6927e-07
564.0	3.6754e-07
564.2	3.6582e-07
564.4	3.6411e-07
564.6	3.6241e-07
564.8	3.6071e-07
565.0	3.5902e-07
565.2	3.5734e-07
565.4	3.5567e-07
565.6	3.5401e-07
565.8	3.5235e-07
566.0	3.5422e-07
566.2	3.5694e-07
566.4	3.5968e-07
566.6	3.6244e-07
566.8	3.6522e-07
567.0	3.6802e-07
567.2	3.7084e-07
567.4	3.7368e-07
567.6	3.7655e-07
567.8	3.7944e-07
568.0	3.8235e-07
568.2	3.8528e-07
568.4	3.8823e-07
568.6	3.9121e-07
568.8	3.9421e-07
569.0	3.9724e-07
569.2	4.0028e-07
569.4	4.0335e-07
569.6	3.7738e-07
569.8	3.166e-07
570.0	2.6562e-07
570.2	2.2284e-07
570.4	1.8696e-07
570.6	1.5685e-07
570.8	1.3159e-07
571.0	1.104e-07
571.2	9.2621e-08
571.4	7.7705e-08
571.6	6.5192e-08
571.8	5.4693e-08
572.0	4.5885e-08
572.2	3.8496e-08
572.4	3.2297e-08
572.6	2.7096e-08
572.8	2.2732e-08
573.0	1.9071e-08
573.2	1.6092e-08
573.4	1.9806e-08
573.6	2.4377e-08
573.8	3.0002e-08
574.0	3.6925e-08
574.2	4.5447e-08
574.4	5.5934e-08
574.6	6.8842e-08
574.8	8.4728e-08
575.0	1.0428e-07
575.2	1.2835e-07
575.4	1.5796e-07
575.6	1.9442e-07
575.8	2.3928e-07
576.0	2.945e-07
576.2	3.6246e-07
576.4	4.4611e-07
576.6	5.4905e-07
576.8	6.7575e-07
577.0	6.9753e-07
577.2	6.4934e-07
577.4	6.0447e-07
577.6	5.627e-07
577.8	5.2382e-07
578.0	4.8763e-07
578.2	4.5393e-07
578.4	4.2257e-07
578.6	3.9337e-07
578.8	3.6619e-07
579.0	3.4089e-07
579.2	3.1733e-07
579.4	2.9541e-07
579.6	2.75e-07
579.8	2.5599e-07
580.0	2.3831e-07
580.2	2.2184e-07
580.4	2.0651e-07
580.6	2.0222e-07
580.8	2.2867e-07
581.0	2.5859e-07
581.2	2.9242e-07
581.4	3.3067e-07
581.6	3.7393e-07
581.8	4.2285e-07
582.0	4.7817e-07
582.2	5.4073e-07
582.4	6.1147e-07
582.6	6.9147e-07
582.8	7.8193e-07
583.0	8.8423e-07
583.2	9.9991e-07
583.4	1.1307e-06
583.6	1.2787e-06
583.8	1.4459e-06
584.0	1.6351e-06
584.2	1.849e-06
584.4	1.797e-06
584.6	1.7158e-06
584.8	1.6382e-06
585.0	1.5641e-06
585.2	1.4933e-06
585.4	1.4258e-06
585.6	1.3613e-06
585.8	1.2997e-06
586.0	1.2409e-06
586.2	1.1848e-06
586.4	1.1312e-06
586.6	1.0801e-06
586.8	1.0312e-06
587.0	9.8458e-07
587.2	9.4005e-07
587.4	8.9753e-07
587.6	8.5694e-07
587.8	8.1818e-07
588.0	8.4181e-07
588.2	9.2188e-07
588.4	1.0096e-06
588.6	1.1056e-06
588.8	1.2108e-06
589.0	1.3259e-06
589.2	1.4521e-06
589.4	1.5902e-06
589.6	1.7415e-06
589.8	1.9071e-06
590.0	2.0885e-06
590.2	2.2872e-06
590.4	2.5047e-06
590.6	2.743e-06
590.8	3.0039e-06
591.0	3.2896e-06
591.2	3.6026e-06
591.4	3.9452e-06
591.6	4.2251e-06
591.8	4.1493e-06
592.0	4.0749e-06
592.2	4.0018e-06
592.4	3.93e-06
592.6	3.8595e-06
592.8	3.7903e-06
593.0	3.7223e-06
593.2	3.6556e-06
593.4	3.59e-06
593.6	3.5256e-06
593.8	3.4624e-06
594.0	3.4003e-06
594.2	3.3393e-06
594.4	3.2794e-06
594.6	3.2206e-06
594.8	3.1628e-06
595.0	3.1061e-06
595.2	3.0504e-06
595.4	2.8151e-06
595.6	2.5739e-06
595.8	2.3533e-06
596.0	2.1517e-06
596.2	1.9673e-06
596.4	1.7987e-06
596.6	1.6446e-06
596.8	1.5037e-06
597.0	1.3748e-06
597.2	1.257e-06
597.4	1.1493e-06
597.6	1.0508e-06
597.8	9.608e-07
598.0	8.7847e-07
598.2	8.032e-07
598.4	7.3437e-07
598.6	6.7145e-07
598.8	6.1392e-07
599.0	6.0377e-07
599.2	6.3029e-07
599.4	6.5798e-07
599.6	6.8688e-07
599.8	7.1706e-07
600.0	7.4856e-07
600.2	7.8144e-07
600.4	8.1577e-07
600.6	8.5161e-07
600.8	8.8902e-07
601.0	9.2807e-07
601.2	9.6884e-07
601.4	1.0114e-06
601.6	1.0558e-06
601.8	1.1022e-06
602.0	1.1506e-06
602.2	1.2012e-06
602.4	1.2539e-06
602.6	1.2789e-06
602.8	1.2114e-06
603.0	1.1475e-06
603.2	1.087e-06
603.4	1.0296e-06
603.6	9.7533e-07
603.8	9.2388e-07
604.0	8.7515e-07
604.2	8.2899e-07
604.4	7.8527e-07
604.6	7.4385e-07
604.8	7.0461e-07
605.0	6.6745e-07
605.2	6.3224e-07
605.4	5.9889e-07
605.6	5.673e-07
605.8	5.3738e-07
606.0	5.0903e-07
606.2	4.8218e-07
606.4	4.8536e-07
606.6	4.9046e-07
606.8	4.9562e-07
607.0	5.0082e-07
607.2	5.0609e-07
607.4	5.114e-07
607.6	5.1678e-07
607.8	5.2221e-07
608.0	5.2769e-07
608.2	5.8297e-07
608.4	6.4404e-07
608.6	7.1151e-07
608.8	7.8605e-07
609.0	7.9004e-07
609.2	7.7828e-07
609.4	7.6669e-07
609.6	7.5528e-07
609.8	7.4404e-07
610.0	7.3296e-07
610.2	7.2205e-07
610.4	7.113e-07
610.6	7.0072e-07
610.8	6.9029e-07
611.0	6.8001e-07
611.2	6.6989e-07
611.4	6.5992e-07
611.6	6.5009e-07
611.8	6.4042e-07
612.0	6.3088e-07
612.2	6.2149e-07
612.4	6.1224e-07
612.6	6.0336e-07
612.8	5.9492e-07
613.0	5.8659e-07
613.2	5.7837e-07
613.4	5.7028e-07
613.6	5.6229e-07
613.8	5.5442e-07
614.0	5.4666e-07
614.2	5.39e-07
614.4	5.3146e-07
614.6	5.2402e-07
614.8	5.1668e-07
615.0	5.0945e-07
615.2	5.0231e-07
615.4	4.9528e-07
615.6	4.8835e-07
615.8	4.8151e-07
616.0	4.7477e-07
616.2	4.6736e-07
616.4	4.4747e-07
616.6	4.2842e-07
616.8	4.1018e-07
617.0	3.9272e-07
617.2	3.76e-07
617.4	3.6e-07
617.6	3.4467e-07
617.8	3.3e-07
618.0	3.1595e-07
618.2	3.025e-07
618.4	2.8963e-07
618.6	2.773e-07
618.8	2.6549e-07
619.0	2.5419e-07
619.2	2.4337e-07
619.4	2.3301e-07
619.6	2.2309e-07
619.8	2.136e-07
620.0	1.9958e-07
620.2	1.844e-07
620.4	1.7038e-07
620.6	1.5742e-07
620.8	1.4545e-07
621.0	1.3439e-07
621.2	1.2417e-07
621.4	1.1473e-07
621.6	1.06e-07
621.8	9.7943e-08
622.0	9.0495e-08
622.2	8.3613e-08
622.4	7.7255e-08
622.6	7.138e-08
622.8	6.5952e-08
623.0	6.0937e-08
623.2	5.6303e-08
623.4	5.2021e-08
623.6	4.5047e-08
623.8	3.4092e-08
624.0	2.5801e-08
624.2	1.9526e-08
624.4	1.4778e-08
624.6	1.1184e-08
624.8	8.464e-09
625.0	6.4056e-09
625.2	4.8478e-09
625.4	3.6688e-09
625.6	2.7766e-09
625.8	2.1013e-09
626.0	1.5903e-09
626.2	1.2036e-09
626.4	9.752e-10
626.6	9.7514e-10
626.8	9.7508e-10
627.0	9.7502e-10
627.2	9.7496e-10
627.4	9.749e-10
627.6	9.7485e-10
627.8	9.7479e-10
628.0	9.7473e-10
628.2	9.7467e-10
628.4	9.7461e-10
628.6	9.7455e-10
628.8	9.7449e-10
629.0	9.7443e-10
629.2	9.7438e-10
629.4	9.7432e-10
629.6	9.7426e-10
629.8	9.742e-10
630.0	9.7449e-10
630.2	9.7489e-10
630.4	9.7529e-10
630.6	9.7569e-10
630.8	9.7609e-10
631.0	9.7649e-10
631.2	9.7689e-10
631.4	9.7729e-10
631.6	9.7769e-10
631.8	9.7809e-10
632.0	9.7849e-10
632.2	9.7889e-10
632.4	9.793e-10
632.6	9.797e-10
632.8	9.801e-10
633.0	9.805e-10
633.2	9.809e-10
633.4	9.8131e-10
633.6	9.8171e-10
633.8	9.8211e-10
634.0	9.8252e-10
634.2	9.8292e-10
634.4	9.8332e-10
634.6	9.8373e-10
634.8	9.8402e-10
635.0	9.8399e-10
635.2	9.8395e-10
635.4	9.8392e-10
635.6	9.8388e-10
635.8	9.8384e-10
636.0	9.8381e-10
636.2	9.8377e-10
636.4	9.8374e-10
636.6	9.837e-10
636.8	9.8366e-10
637.0	9.8363e-10
637.2	9.8359e-10
637.4	9.8356e-10
637.6	9.8352e-10
637.8	9.8349e-10
638.0	9.8345e-10
638.2	9.8341e-10
638.4	9.8338e-10
638.6	9.8334e-10
638.8	9.8331e-10
639.0	9.8327e-10
639.2	9.8323e-10
639.4	9.832e-10
639.6	9.8316e-10
639.8	1.0555e-09
640.0	1.1634e-09
640.2	1.2823e-09
640.4	1.4134e-09
640.6	1.5578e-09
640.8	1.717e-09
641.0	1.8925e-09
641.2	2.0859e-09
641.4	2.2991e-09
641.6	2.534e-09
641.8	2.793e-09
642.0	3.0785e-09
642.2	3.3931e-09
642.4	3.7399e-09
642.6	4.1221e-09
642.8	4.5433e-09
643.0	5.0077e-09
643.2	5.5195e-09
643.4	6.0835e-09
643.6	6.7053e-09
643.8	7.3906e-09
644.0	8.1459e-09
644.2	8.9784e-09
644.4	9.896e-09
644.6	1.0416e-08
644.8	9.4375e-09
645.0	8.5507e-09
645.2	7.7472e-09
645.4	7.0192e-09
645.6	6.3596e-09
645.8	5.762e-09
646.0	5.2205e-09
646.2	4.73e-09
646.4	4.2855e-09
646.6	3.8828e-09
646.8	3.5179e-09
647.0	3.1873e-09
647.2	2.8878e-09
647.4	2.6165e-09
647.6	2.3706e-09
647.8	2.1478e-09
648.0	1.946e-09
648.2	1.7631e-09
648.4	1.5975e-09
648.6	1.4473e-09
648.8	1.3113e-09
649.0	1.1881e-09
649.2	1.0765e-09
649.4	9.7531e-10
649.6	9.7086e-10
649.8	9.9891e-10
650.0	1.0278e-09
650.2	1.0575e-09
650.4	1.088e-09
650.6	1.1195e-09
650.8	1.1518e-09
651.0	1.1851e-09
651.2	1.2194e-09
651.4	1.2546e-09
651.6	1.2908e-09
651.8	1.3281e-09
652.0	1.3665e-09
652.2	1.406e-09
652.4	1.4466e-09
652.6	1.4884e-09
652.8	1.5315e-09
653.0	1.5757e-09
653.2	1.6212e-09
653.4	1.6681e-09
653.6	1.7163e-09
653.8	1.7659e-09
654.0	1.8169e-09
654.2	1.8694e-09
654.4	1.8964e-09
654.6	1.8437e-09
654.8	1.7925e-09
655.0	1.7427e-09
655.2	1.6943e-09
655.4	1.6473e-09
655.6	1.6015e-09
655.8	1.557e-09
656.0	1.5138e-09
656.2	1.4717e-09
656.4	1.4309e-09
656.6	1.3911e-09
656.8	1.3525e-09
657.0	1.3149e-09
657.2	1.2784e-09
657.4	1.2429e-09
657.6	1.2084e-09
657.8	1.1748e-09
658.0	1.1422e-09
658.2	1.1104e-09
658.4	1.0796e-09
658.6	1.0496e-09
658.8	1.0205e-09
659.0	9.9212e-10
659.2	9.6457e-10
659.4	1.0319e-09
659.6	1.1386e-09
659.8	1.2565e-09
660.0	1.3865e-09
660.2	1.5299e-09
660.4	1.6882e-09
660.6	1.8629e-09
660.8	2.0557e-09
661.0	2.2684e-09
661.2	2.5031e-09
661.4	2.7622e-09
661.6	3.048e-09
661.8	3.3634e-09
662.0	3.7114e-09
662.2	4.0954e-09
662.4	4.5192e-09
662.6	4.9868e-09
662.8	5.5029e-09
663.0	6.0723e-09
663.2	6.7006e-09
663.4	7.394e-09
663.6	8.1591e-09
663.8	9.0033e-09
664.0	9.935e-09
664.2	1.0417e-08
664.4	9.4447e-09
664.6	8.5631e-09
664.8	7.7638e-09
665.0	7.0391e-09
665.2	6.382e-09
665.4	5.7863e-09
665.6	5.2462e-09
665.8	4.7565e-09
666.0	4.3125e-09
666.2	3.91e-09
666.4	3.545e-09
666.6	3.2141e-09
666.8	2.9141e-09
667.0	2.6421e-09
667.2	2.3954e-09
667.4	2.1718e-09
667.6	1.9691e-09
667.8	1.7853e-09
668.0	1.6187e-09
668.2	1.4676e-09
668.4	1.3306e-09
668.6	1.2064e-09
668.8	1.0938e-09
669.0	9.9168e-10
669.2	1.0214e-09
669.4	1.0953e-09
669.6	1.1746e-09
669.8	1.2595e-09
670.0	1.3507e-09
670.2	1.4484e-09
670.4	1.5532e-09
670.6	1.6655e-09
670.8	1.786e-09
671.0	1.9152e-09
671.2	2.0538e-09
671.4	2.2023e-09
671.6	2.3617e-09
671.8	2.5325e-09
672.0	2.7157e-09
672.2	2.9122e-09
672.4	3.1229e-09
672.6	3.3488e-09
672.8	3.591e-09
673.0	3.8508e-09
673.2	4.1294e-09
673.4	4.4282e-09
673.6	4.7485e-09
673.8	5.092e-09
674.0	5.2663e-09
674.2	4.9135e-09
674.4	4.5843e-09
674.6	4.2772e-09
674.8	3.9906e-09
675.0	3.7233e-09
675.2	3.4738e-09
675.4	3.2411e-09
675.6	3.0239e-09
675.8	2.8213e-09
676.0	2.6323e-09
676.2	2.456e-09
676.4	2.2914e-09
676.6	2.1379e-09
676.8	1.9947e-09
677.0	1.861e-09
677.2	1.7364e-09
677.4	1.62e-09
677.6	1.5115e-09
677.8	1.4102e-09
678.0	1.3157e-09
678.2	1.2276e-09
678.4	1.1454e-09
678.6	1.0686e-09
678.8	9.9702e-10
679.0	1.0153e-09
679.2	1.0628e-09
679.4	1.1126e-09
679.6	1.1647e-09
679.8	1.2193e-09
680.0	1.2764e-09
680.2	1.3362e-09
680.4	1.3988e-09
680.6	1.4643e-09
680.8	1.5329e-09
681.0	1.6047e-09
681.2	1.6799e-09
681.4	1.7586e-09
681.6	1.8409e-09
681.8	1.9272e-09
682.0	2.0174e-09
682.2	2.1119e-09
682.4	2.2108e-09
682.6	2.3144e-09
682.8	2.4228e-09
683.0	2.5363e-09
683.2	2.6551e-09
683.4	2.7795e-09
683.6	2.9097e-09
683.8	2.982e-09
684.0	2.852e-09
684.2	2.7278e-09
684.4	2.6089e-09
684.6	2.4952e-09
684.8	2.3865e-09
685.0	2.2825e-09
685.2	2.1831e-09
685.4	2.088e-09
685.6	1.997e-09
685.8	1.91e-09
686.0	1.8267e-09
686.2	1.7471e-09
686.4	1.671e-09
686.6	1.5982e-09
686.8	1.5286e-09
687.0	1.462e-09
687.2	1.3983e-09
687.4	1.3373e-09
687.6	1.2791e-09
687.8	1.2233e-09
688.0	1.17e-09
688.2	1.1191e-09
688.4	1.0703e-09
688.6	1.0237e-09
688.8	1.0569e-09
689.0	1.1243e-09
689.2	1.1959e-09
689.4	1.2721e-09
689.6	1.3531e-09
689.8	1.4393e-09
690.0	1.531e-09
690.2	1.6285e-09
690.4	1.7322e-09
690.6	1.8426e-09
690.8	1.9599e-09
691.0	2.0848e-09
691.2	2.2176e-09
691.4	2.3589e-09
691.6	2.5091e-09
691.8	2.669e-09
692.0	2.839e-09
692.2	3.0198e-09
692.4	3.2122e-09
692.6	3.4168e-09
692.8	3.6345e-09
693.0	3.866e-09
693.2	4.1123e-09
693.4	4.3742e-09
693.6	4.5266e-09
693.8	4.2605e-09
694.0	4.0101e-09
694.2	3.7744e-09
694.4	3.5526e-09
694.6	3.3438e-09
694.8	3.1472e-09
695.0	2.9622e-09
695.2	2.7881e-09
695.4	2.6243e-09
695.6	2.47e-09
695.8	2.3248e-09
696.0	2.1882e-09
696.2	2.0596e-09
696.4	1.9385e-09
696.6	1.8246e-09
696.8	1.7174e-09
697.0	1.6164e-09
697.2	1.5214e-09
697.4	1.432e-09
697.6	1.3478e-09
697.8	1.2686e-09
698.0	1.194e-09
698.2	1.1239e-09
698.4	1.0578e-09
698.6	1.1179e-09
698.8	1.2331e-09
699.0	1.3602e-09
699.2	1.5004e-09
699.4	1.6551e-09
699.6	1.8256e-09
699.8	2.0138e-09
700.0	2.2214e-09
700.2	2.4503e-09
700.4	2.7029e-09
700.6	2.9814e-09
700.8	3.2887e-09
701.0	3.6277e-09
701.2	4.0016e-09
701.4	4.414e-09
701.6	4.869e-09
701.8	5.3708e-09
702.0	5.9244e-09
702.2	6.535e-09
702.4	7.2086e-09
702.6	7.9515e-09
702.8	8.7711e-09
703.0	9.6751e-09
703.2	1.0672e-08
703.4	1.1241e-08
703.6	1.0187e-08
703.8	9.2322e-09
704.0	8.3667e-09
704.2	7.5824e-09
704.4	6.8716e-09
704.6	6.2275e-09
704.8	5.6437e-09
705.0	5.1146e-09
705.2	4.6352e-09
705.4	4.2006e-09
705.6	3.8069e-09
705.8	3.45e-09
706.0	3.1266e-09
706.2	2.8335e-09
706.4	2.5679e-09
706.6	2.3271e-09
706.8	2.109e-09
707.0	1.9113e-09
707.2	1.7321e-09
707.4	1.5697e-09
707.6	1.4226e-09
707.8	1.2892e-09
708.0	1.1684e-09
708.2	1.0588e-09
708.4	1.102e-09
708.6	1.2057e-09
708.8	1.319e-09
709.0	1.4431e-09
709.2	1.5788e-09
709.4	1.7272e-09
709.6	1.8896e-09
709.8	2.0673e-09
710.0	2.2617e-09
710.2	2.4744e-09
710.4	2.7071e-09
710.6	2.9617e-09
710.8	3.2402e-09
711.0	3.5449e-09
711.2	3.8782e-09
711.4	4.2429e-09
711.6	4.6419e-09
711.8	5.0784e-09
712.0	5.556e-09
712.2	6.0784e-09
712.4	6.65e-09
712.6	7.2753e-09
712.8	7.9595e-09
713.0	8.708e-09
713.2	9.3312e-09
713.4	9.38e-09
713.6	9.429e-09
713.8	9.4782e-09
714.0	9.5277e-09
714.2	9.5774e-09
714.4	9.6275e-09
714.6	9.6777e-09
714.8	9.7283e-09
715.0	9.7791e-09
715.2	9.8301e-09
715.4	9.8815e-09
715.6	9.9331e-09
715.8	9.9849e-09
716.0	1.0037e-08
716.2	1.0089e-08
716.4	1.0142e-08
716.6	1.0195e-08
716.8	1.0248e-08
717.0	1.0302e-08
717.2	1.0356e-08
717.4	1.041e-08
717.6	1.0464e-08
717.8	1.0519e-08
718.0	1.0574e-08
718.2	1.0829e-08
718.4	1.116e-08
718.6	1.1501e-08
718.8	1.1852e-08
719.0	1.2215e-08
719.2	1.2588e-08
719.4	1.2972e-08
719.6	1.3369e-08
719.8	1.3777e-08
720.0	1.4198e-08
720.2	1.4632e-08
720.4	1.5079e-08
720.6	1.554e-08
720.8	1.6014e-08
721.0	1.6504e-08
721.2	1.7008e-08
721.4	1.7528e-08
721.6	1.8063e-08
721.8	1.8615e-08
722.0	1.9184e-08
722.2	1.977e-08
722.4	2.0374e-08
722.6	2.0996e-08
722.8	2.1638e-08
723.0	2.2266e-08
723.2	2.2797e-08
723.4	2.334e-08
723.6	2.3897e-08
723.8	2.4467e-08
724.0	2.5051e-08
724.2	2.5649e-08
724.4	2.626e-08
724.6	2.6887e-08
724.8	2.7528e-08
725.0	2.8185e-08
725.2	2.8857e-08
725.4	2.9545e-08
725.6	3.025e-08
725.8	3.0972e-08
726.0	3.1711e-08
726.2	3.2467e-08
726.4	3.3242e-08
726.6	3.4035e-08
726.8	3.4846e-08
727.0	3.5678e-08
727.2	3.6529e-08
727.4	3.74e-08
727.6	3.8292e-08
727.8	3.9206e-08
728.0	3.8979e-08
728.2	3.8292e-08
728.4	3.7617e-08
728.6	3.6954e-08
728.8	3.6303e-08
729.0	3.5663e-08
729.2	3.5034e-08
729.4	3.4416e-08
729.6	3.381e-08
729.8	3.3214e-08
730.0	3.2628e-08
730.2	3.2053e-08
730.4	3.1488e-08
730.6	3.0933e-08
730.8	3.0388e-08
731.0	2.9852e-08
731.2	2.9326e-08
731.4	2.8809e-08
731.6	2.8301e-08
731.8	2.7802e-08
732.0	2.7312e-08
732.2	2.6831e-08
732.4	2.6358e-08
732.6	2.5893e-08
732.8	2.58e-08
733.0	2.6921e-08
733.2	2.809e-08
733.4	2.931e-08
733.6	3.0584e-08
733.8	3.1912e-08
734.0	3.3299e-08
734.2	3.4745e-08
734.4	3.6255e-08
734.6	3.783e-08
734.8	3.9473e-08
735.0	4.1188e-08
735.2	4.2977e-08
735.4	4.4844e-08
735.6	4.6792e-08
735.8	4.8825e-08
736.0	5.0946e-08
736.2	5.3159e-08
736.4	5.5469e-08
736.6	5.7879e-08
736.8	6.0393e-08
737.0	6.3017e-08
737.2	6.5754e-08
737.4	6.8611e-08
737.6	7.1591e-08
737.8	7.1269e-08
738.0	6.9874e-08
738.2	6.8507e-08
738.4	6.7166e-08
738.6	6.5851e-08
738.8	6.4562e-08
739.0	6.3298e-08
739.2	6.2059e-08
739.4	6.0845e-08
739.6	5.9654e-08
739.8	5.8486e-08
740.0	5.7341e-08
740.2	5.6219e-08
740.4	5.5118e-08
740.6	5.4039e-08
740.8	5.2982e-08
741.0	5.1945e-08
741.2	5.0928e-08
741.4	4.9931e-08
741.6	4.8954e-08
741.8	4.7995e-08
742.0	4.7056e-08
742.2	4.6135e-08
742.4	4.5232e-08
742.6	4.473e-08
742.8	4.5426e-08
743.0	4.6132e-08
743.2	4.685e-08
743.4	4.7578e-08
743.6	4.8318e-08
743.8	4.907e-08
744.0	4.9833e-08
744.2	5.0608e-08
744.4	5.1395e-08
744.6	5.2194e-08
744.8	5.3006e-08
745.0	5.383e-08
745.2	5.4667e-08
745.4	5.5517e-08
745.6	5.638e-08
745.8	5.7257e-08
746.0	5.8148e-08
746.2	5.9052e-08
746.4	5.997e-08
746.6	6.0903e-08
746.8	6.185e-08
747.0	6.2812e-08
747.2	6.3789e-08
747.4	6.478e-08
747.6	6.4769e-08
747.8	6.4394e-08
748.0	6.4021e-08
748.2	6.365e-08
748.4	6.3282e-08
748.6	6.2915e-08
748.8	6.2551e-08
749.0	6.2188e-08
749.2	6.1828e-08
749.4	6.147e-08
749.6	6.1114e-08
749.8	6.076e-08
750.0	6.0409e-08
750.2	6.0059e-08
750.4	5.9711e-08
750.6	5.9365e-08
750.8	5.9021e-08
751.0	5.868e-08
751.2	5.834e-08
751.4	5.8002e-08
751.6	5.7666e-08
751.8	5.7332e-08
752.0	5.7e-08
752.2	5.667e-08
752.4	5.6781e-08
752.6	5.8308e-08
752.8	5.9876e-08
753.0	6.1486e-08
753.2	6.3139e-08
753.4	6.4837e-08
753.6	6.6581e-08
753.8	6.8372e-08
754.0	7.021e-08
754.2	7.2098e-08
754.4	7.4037e-08
754.6	7.6028e-08
754.8	7.8073e-08
755.0	8.0172e-08
755.2	8.2328e-08
755.4	8.4542e-08
755.6	8.6816e-08
755.8	8.915e-08
756.0	9.1548e-08
756.2	9.401e-08
756.4	9.6538e-08
756.6	9.9134e-08
756.8	1.018e-07
757.0	1.0454e-07
757.2	1.0735e-07
757.4	1.0547e-07
757.6	1.0206e-07
757.8	9.8771e-08
758.0	9.5583e-08
758.2	9.2498e-08
758.4	8.9513e-08
758.6	8.6625e-08
758.8	8.3829e-08
759.0	8.1124e-08
759.2	7.8505e-08
759.4	7.5972e-08
759.6	7.352e-08
759.8	7.1147e-08
760.0	6.8851e-08
760.2	6.6629e-08
760.4	6.4479e-08
760.6	6.2398e-08
760.8	6.0384e-08
761.0	5.8436e-08
761.2	5.655e-08
761.4	5.4725e-08
761.6	5.2959e-08
761.8	5.125e-08
762.0	4.9596e-08
762.2	4.8413e-08
762.4	4.8649e-08
762.6	4.8887e-08
762.8	4.9126e-08
763.0	4.9366e-08
763.2	4.9608e-08
763.4	4.985e-08
763.6	5.0094e-08
763.8	5.0339e-08
764.0	5.0585e-08
764.2	5.0832e-08
764.4	5.108e-08
764.6	5.133e-08
764.8	5.1581e-08
765.0	5.1833e-08
765.2	5.2087e-08
765.4	5.2341e-08
765.6	5.2597e-08
765.8	5.2854e-08
766.0	5.3112e-08
766.2	5.3372e-08
766.4	5.3633e-08
766.6	5.3895e-08
766.8	5.4159e-08
767.0	5.4423e-08
767.2	5.6007e-08
767.4	5.8174e-08
767.6	6.0424e-08
767.8	6.2761e-08
768.0	6.5189e-08
768.2	6.7711e-08
768.4	7.033e-08
768.6	7.305e-08
768.8	7.5876e-08
769.0	7.8811e-08
769.2	8.1859e-08
769.4	8.5026e-08
769.6	8.8315e-08
769.8	9.1731e-08
770.0	9.5279e-08
770.2	9.8964e-08
770.4	1.0279e-07
770.6	1.0677e-07
770.8	1.109e-07
771.0	1.1519e-07
771.2	1.1964e-07
771.4	1.2427e-07
771.6	1.2908e-07
771.8	1.3407e-07
772.0	1.3808e-07
772.2	1.3822e-07
772.4	1.3836e-07
772.6	1.385e-07
772.8	1.3864e-07
773.0	1.3878e-07
773.2	1.3892e-07
773.4	1.3906e-07
773.6	1.392e-07
773.8	1.3935e-07
774.0	1.3949e-07
774.2	1.3963e-07
774.4	1.3977e-07
774.6	1.3991e-07
774.8	1.4005e-07
775.0	1.402e-07
775.2	1.4034e-07
775.4	1.4048e-07
775.6	1.4062e-07
775.8	1.4077e-07
776.0	1.4091e-07
776.2	1.4105e-07
776.4	1.4119e-07
776.6	1.4134e-07
776.8	1.4148e-07
777.0	1.4045e-07
777.2	1.3903e-07
777.4	1.3762e-07
777.6	1.3622e-07
777.8	1.3484e-07
778.0	1.3347e-07
778.2	1.3212e-07
778.4	1.3078e-07
778.6	1.2945e-07
778.8	1.2814e-07
779.0	1.2684e-07
779.2	1.2556e-07
779.4	1.2428e-07
779.6	1.2302e-07
779.8	1.2177e-07
780.0	1.2054e-07
780.2	1.1932e-07
780.4	1.1811e-07
780.6	1.1691e-07
780.8	1.1572e-07
781.0	1.1455e-07
781.2	1.1339e-07
781.4	1.1224e-07
781.6	1.111e-07
781.8	1.0997e-07
782.0	1.0886e-07
782.2	1.0775e-07
782.4	1.0614e-07
782.6	1.0216e-07
782.8	9.8332e-08
783.0	9.4646e-08
783.2	9.1099e-08
783.4	8.7685e-08
783.6	8.4399e-08
783.8	8.1236e-08
784.0	7.8191e-08
784.2	7.5261e-08
784.4	7.244e-08
784.6	6.9725e-08
784.8	6.7112e-08
785.0	6.4597e-08
785.2	6.2176e-08
785.4	5.9846e-08
785.6	5.7603e-08
785.8	5.5444e-08
786.0	5.3366e-08
786.2	5.1366e-08
786.4	4.9441e-08
786.6	4.7588e-08
786.8	4.5804e-08
787.0	4.6829e-08
787.2	4.8902e-08
787.4	5.1068e-08
787.6	5.3329e-08
787.8	5.569e-08
788.0	5.8155e-08
788.2	6.073e-08
788.4	6.3419e-08
788.6	6.6227e-08
788.8	6.9159e-08
789.0	7.2221e-08
789.2	7.5418e-08
789.4	7.8757e-08
789.6	8.2244e-08
789.8	8.5885e-08
790.0	8.9688e-08
790.2	9.2893e-08
790.4	9.5193e-08
790.6	9.7549e-08
790.8	9.9964e-08
791.0	1.0244e-07
791.2	1.0497e-07
791.4	1.0757e-07
791.6	1.1023e-07
791.8	1.1296e-07
792.0	1.1576e-07
792.2	5.6479e-08
792.4	5.6402e-08
792.6	5.6399e-08
792.8	5.6361e-08
793.0	5.6314e-08
793.2	5.6394e-08
793.4	6.3296e-08
793.6	6.3208e-08
793.8	1.4898e-07
794.0	2.5343e-07
794.2	6.3376e-08
794.4	6.3297e-08
794.6	6.2023e-08
794.8	6.0779e-08
795.0	6.0905e-08
795.2	5.8925e-07
795.4	1.0458e-07
795.6	6.097e-08
795.8	6.0928e-08
796.0	3.8944e-08
796.2	3.8888e-08
796.4	3.878e-08
796.6	3.8721e-08
796.8	3.8801e-08
797.0	3.8823e-08
797.2	7.0496e-08
797.4	7.4434e-08
797.6	6.4272e-08
797.8	1.9396e-07
798.0	6.4273e-08
798.2	6.4434e-08
798.4	6.4515e-08
798.6	6.2411e-08
798.8	5.3871e-08
799.0	5.4002e-08
799.2	5.4e-08
799.4	5.383e-08
799.6	5.4405e-08
799.8	1.5717e-07
800.0	1.9743e-07
800.2	1.858e-07
800.4	3.3166e-07
800.6	8.8965e-08
800.8	7.6986e-08
801.0	6.6951e-08
801.2	7.1408e-08
801.4	9.6613e-08
801.6	1.1581e-07
801.8	7.1266e-07
802.0	8.0904e-07
802.2	1.2913e-06
802.4	1.4351e-06
802.6	1.276e-06
802.8	2.2361e-06
803.0	2.9717e-06
803.2	3.6423e-06
803.4	4.8261e-06
803.6	6.5094e-06
803.8	8.4323e-06
804.0	1.1105e-05
804.2	1.446e-05
804.4	2.056e-05
804.6	2.6918e-05
804.8	3.6035e-05
805.0	4.9801e-05
805.2	6.7838e-05
805.4	9.4976e-05
805.6	1.3234e-04
805.8	1.8381e-04
806.0	2.604e-04
806.2	3.7345e-04
806.4	5.7207e-04
806.6	8.2119e-04
806.8	0.00122
807.0	0.0018
807.2	0.00271
807.4	0.00412
807.6	0.00607
807.8	0.00886
808.0	0.01401
808.2	0.02241
808.4	0.03652
808.6	0.06022
808.8	0.1001
809.0	0.16329
809.2	0.26273
809.4	0.40168
809.6	0.56648
809.8	0.72405
810.0	0.84522
810.2	0.91655
810.4	0.93314
810.6	0.95003
810.8	0.96723
811.0	0.98473
811.2	0.9869
811.4	0.98744
811.6	0.98854
811.8	0.98885
812.0	0.98944
812.2	0.98962
812.4	0.99014
812.6	0.98969
812.8	0.98945
813.0	0.98943
813.2	0.98952
813.4	0.98911
813.6	0.98909
813.8	0.98868
814.0	0.98897
814.2	0.98918
814.4	0.98864
814.6	0.98836
814.8	0.98839
815.0	0.98805
815.2	0.98809
815.4	0.98769
815.6	0.98732
815.8	0.98741
816.0	0.98784
816.2	0.9881
816.4	0.98857
816.6	0.9887
816.8	0.98922
817.0	0.98964
817.2	0.99011
817.4	0.99032
817.6	0.9907
817.8	0.99117
818.0	0.99141
818.2	0.99126
818.4	0.99145
818.6	0.99122
818.8	0.99114
819.0	0.99115
819.2	0.99118
819.4	0.99076
819.6	0.99115
819.8	0.99147
820.0	0.99154
820.2	0.99137
820.4	0.99191
820.6	0.99207
820.8	0.99169
821.0	0.99272
821.2	0.99276
821.4	0.99346
821.6	0.9934
821.8	0.99415
822.0	0.99457
822.2	0.99486
822.4	0.99448
822.6	0.99443
822.8	0.99452
823.0	0.9939
823.2	0.99418
823.4	0.99378
823.6	0.99342
823.8	0.99332
824.0	0.9926
824.2	0.99233
824.4	0.99237
824.6	0.99201
824.8	0.9914
825.0	0.99152
825.2	0.99125
825.4	0.99108
825.6	0.99117
825.8	0.99157
826.0	0.99153
826.2	0.99198
826.4	0.99211
826.6	0.99263
826.8	0.99288
827.0	0.99341
827.2	0.99358
827.4	0.99413
827.6	0.99407
827.8	0.99447
828.0	0.99483
828.2	0.99534
828.4	0.99511
828.6	0.99485
828.8	0.9949
829.0	0.99485
829.2	0.99447
829.4	0.99411
829.6	0.99422
829.8	0.99366
830.0	0.99361
830.2	0.99288
830.4	0.99244
830.6	0.99242
830.8	0.99183
831.0	0.99158
831.2	0.99141
831.4	0.99114
831.6	0.99149
831.8	0.9915
832.0	0.99108
832.2	0.99133
832.4	0.99122
832.6	0.99179
832.8	0.99185
833.0	0.99216
833.2	0.99223
833.4	0.99254
833.6	0.99315
833.8	0.99326
834.0	0.9938
834.2	0.99388
834.4	0.99394
834.6	0.99424
834.8	0.99437
835.0	0.99455
835.2	0.99419
835.4	0.99427
835.6	0.99461
835.8	0.99403
836.0	0.99376
836.2	0.99374
836.4	0.9935
836.6	0.99325
836.8	0.99293
837.0	0.99231
837.2	0.99213
837.4	0.99158
837.6	0.99131
837.8	0.99096
838.0	0.99097
838.2	0.99039
838.4	0.99057
838.6	0.99067
838.8	0.99002
839.0	0.9904
839.2	0.99066
839.4	0.99052
839.6	0.99073
839.8	0.99142
840.0	0.99091
840.2	0.99076
840.4	0.99132
840.6	0.99172
840.8	0.9918
841.0	0.99217
841.2	0.99223
841.4	0.99241
841.6	0.9924
841.8	0.99276
842.0	0.99233
842.2	0.99245
842.4	0.99198
842.6	0.99182
842.8	0.99155
843.0	0.99116
843.2	0.99077
843.4	0.99
843.6	0.98964
843.8	0.9889
844.0	0.98852
844.2	0.98802
844.4	0.98745
844.6	0.98689
844.8	0.98658
845.0	0.98661
845.2	0.98617
845.4	0.98639
845.6	0.98595
845.8	0.98642
846.0	0.98658
846.2	0.98703
846.4	0.98734
846.6	0.98793
846.8	0.98888
847.0	0.98938
847.2	0.99036
847.4	0.99072
847.6	0.99138
847.8	0.99152
848.0	0.99195
848.2	0.9924
848.4	0.99218
848.6	0.99158
848.8	0.99084
849.0	0.99023
849.2	0.98932
849.4	0.98799
849.6	0.98691
849.8	0.98583
850.0	0.98485
850.2	0.98471
850.4	0.98475
850.6	0.98498
850.8	0.9853
851.0	0.98659
851.2	0.98756
851.4	0.98752
851.6	0.98544
851.8	0.97872
852.0	0.96549
852.2	0.94268
852.4	0.90745
852.6	0.85601
852.8	0.78754
853.0	0.70557
853.2	0.58015
853.4	0.47702
853.6	0.39222
853.8	0.3225
854.0	0.26517
854.2	0.20686
854.4	0.16042
854.6	0.12404
854.8	0.09614
855.0	0.07449
855.2	0.05783
855.4	0.04654
855.6	0.03637
855.8	0.02861
856.0	0.02256
856.2	0.0179
856.4	0.01425
856.6	0.01131
856.8	0.00901
857.0	0.00727
857.2	0.00589
857.4	0.00478
857.6	0.00391
857.8	0.00319
858.0	0.00266
858.2	0.00222
858.4	0.00182
858.6	0.00152
858.8	0.00127
859.0	0.00106
859.2	8.6345e-04
859.4	7.0739e-04
859.6	5.9334e-04
859.8	5.0224e-04
860.0	4.2509e-04
860.2	3.5997e-04
860.4	3.0315e-04
860.6	2.5643e-04
860.8	2.169e-04
861.0	1.8785e-04
861.2	1.5884e-04
861.4	1.3602e-04
861.6	1.1477e-04
861.8	9.9595e-05
862.0	8.8004e-05
862.2	7.6102e-05
862.4	6.5915e-05
862.6	5.6652e-05
862.8	4.8518e-05
863.0	4.258e-05
863.2	3.7496e-05
863.4	3.2395e-05
863.6	2.7959e-05
863.8	2.4296e-05
864.0	2.1575e-05
864.2	1.891e-05
864.4	1.6439e-05
864.6	1.4463e-05
864.8	1.2547e-05
865.0	1.0748e-05
865.2	9.1659e-06
865.4	8.4338e-06
865.6	7.2631e-06
865.8	6.5459e-06
866.0	6.1497e-06
866.2	5.0957e-06
866.4	4.4158e-06
866.6	3.8467e-06
866.8	3.444e-06
867.0	3.1149e-06
867.2	2.837e-06
867.4	2.5249e-06
867.6	2.183e-06
867.8	1.9176e-06
868.0	1.8323e-06
868.2	1.5937e-06
868.4	1.4286e-06
868.6	1.3172e-06
868.8	1.1492e-06
869.0	1.0283e-06
869.2	8.8912e-07
869.4	8.1744e-07
869.6	9.2886e-07
869.8	6.958e-07
870.0	6.6138e-07
870.2	6.9337e-07
870.4	5.7595e-07
870.6	4.3221e-07
870.8	2.1997e-07
871.0	4.9641e-07
871.2	5.2941e-07
871.4	3.362e-07
871.6	5.2623e-08
871.8	2.0474e-08
872.0	3.576e-08
872.2	1.9776e-08
872.4	1.0936e-08
872.6	6.048e-09
872.8	3.3447e-09
873.0	1.8497e-09
873.2	1.0229e-09
873.4	5.6568e-10
873.6	4.8754e-10
873.8	4.8719e-10
874.0	4.8683e-10
874.2	4.8647e-10
874.4	4.8612e-10
874.6	4.8576e-10
874.8	4.8541e-10
875.0	4.8505e-10
875.2	4.8469e-10
875.4	4.8434e-10
875.6	4.8398e-10
875.8	4.8363e-10
876.0	4.8328e-10
876.2	4.8292e-10
876.4	4.8257e-10
876.6	4.8221e-10
876.8	4.8186e-10
877.0	5.1279e-10
877.2	5.7578e-10
877.4	6.4649e-10
877.6	7.2589e-10
877.8	8.1505e-10
878.0	9.1515e-10
878.2	1.0276e-09
878.4	1.1538e-09
878.6	1.2955e-09
878.8	1.4546e-09
879.0	1.6332e-09
879.2	1.8338e-09
879.4	2.059e-09
879.6	2.3119e-09
879.8	2.5959e-09
880.0	2.9147e-09
880.2	3.2727e-09
880.4	3.6747e-09
880.6	4.126e-09
880.8	4.6327e-09
881.0	5.2017e-09
881.2	5.8406e-09
881.4	6.5579e-09
881.6	7.3634e-09
881.8	8.1808e-09
882.0	7.2616e-09
882.2	6.4458e-09
882.4	5.7216e-09
882.6	5.0787e-09
882.8	4.5081e-09
883.0	4.0016e-09
883.2	3.552e-09
883.4	3.1529e-09
883.6	2.7987e-09
883.8	2.4842e-09
884.0	2.2051e-09
884.2	1.9574e-09
884.4	1.7374e-09
884.6	1.5422e-09
884.8	1.369e-09
885.0	1.2152e-09
885.2	1.0786e-09
885.4	9.5744e-10
885.6	8.4987e-10
885.8	7.5438e-10
886.0	6.6962e-10
886.2	5.9439e-10
886.4	5.2761e-10
886.6	4.6833e-10
886.8	4.7917e-10
887.0	5.507e-10
887.2	6.3291e-10
887.4	7.2739e-10
887.6	8.3597e-10
887.8	9.6076e-10
888.0	1.1042e-09
888.2	1.269e-09
888.4	1.4584e-09
888.6	1.6762e-09
888.8	1.9264e-09
889.0	2.2139e-09
889.2	2.5444e-09
889.4	2.9242e-09
889.6	3.3608e-09
889.8	3.8624e-09
890.0	4.439e-09
890.2	5.1017e-09
890.4	5.8632e-09
890.6	6.7385e-09
890.8	7.7444e-09
891.0	8.9004e-09
891.2	1.0229e-08
891.4	1.1756e-08
891.6	1.3398e-08
891.8	1.1632e-08
892.0	1.0098e-08
892.2	8.7672e-09
892.4	7.6115e-09
892.6	6.6082e-09
892.8	5.7371e-09
893.0	4.9808e-09
893.2	4.3243e-09
893.4	3.7542e-09
893.6	3.2594e-09
893.8	2.8297e-09
894.0	2.4567e-09
894.2	2.1329e-09
894.4	1.8517e-09
894.6	1.6076e-09
894.8	1.3957e-09
895.0	1.2117e-09
895.2	1.052e-09
895.4	9.1332e-10
895.6	7.9293e-10
895.8	6.8841e-10
896.0	5.9766e-10
896.2	5.1888e-10
896.4	4.5048e-10
896.6	4.2018e-10
896.8	4.1988e-10
897.0	4.1957e-10
897.2	4.1927e-10
897.4	4.1897e-10
897.6	4.1867e-10
897.8	4.1837e-10
898.0	4.1807e-10
898.2	4.1777e-10
898.4	4.1746e-10
898.6	4.1716e-10
898.8	4.1686e-10
899.0	4.1656e-10
899.2	4.1626e-10
899.4	4.1596e-10
899.6	4.1566e-10
899.8	4.1537e-10
900.0	4.1507e-10
900.2	4.1477e-10
900.4	4.1447e-10
900.6	4.1417e-10
900.8	4.1387e-10
901.0	4.1357e-10
901.2	4.1328e-10
901.4	4.1424e-10
901.6	5.0729e-10
901.8	6.2125e-10
902.0	7.608e-10
902.2	9.3171e-10
902.4	1.141e-09
902.6	1.3973e-09
902.8	1.7112e-09
903.0	2.0956e-09
903.2	2.5663e-09
903.4	3.1428e-09
903.6	3.8488e-09
903.8	4.7134e-09
904.0	5.7722e-09
904.2	7.0688e-09
904.4	8.6567e-09
904.6	1.0601e-08
904.8	1.2983e-08
905.0	1.5899e-08
905.2	1.9471e-08
905.4	2.3844e-08
905.6	2.9201e-08
905.8	3.576e-08
906.0	4.3793e-08
906.2	5.3631e-08
906.4	5.8506e-08
906.6	5.7484e-08
906.8	5.6479e-08
907.0	5.5493e-08
907.2	5.4523e-08
907.4	5.3571e-08
907.6	5.2635e-08
907.8	5.1716e-08
908.0	5.0812e-08
908.2	4.9924e-08
908.4	4.9052e-08
908.6	4.8195e-08
908.8	4.7354e-08
909.0	4.6526e-08
909.2	4.5714e-08
909.4	4.4915e-08
909.6	4.413e-08
909.8	4.3359e-08
910.0	4.2602e-08
910.2	4.1858e-08
910.4	4.1127e-08
910.6	4.0408e-08
910.8	3.9702e-08
911.0	3.9009e-08
911.2	3.8167e-08
911.4	3.1707e-08
911.6	2.634e-08
911.8	2.1882e-08
912.0	1.8178e-08
912.2	1.5101e-08
912.4	1.2545e-08
912.6	1.0422e-08
912.8	8.6578e-09
913.0	7.1924e-09
913.2	5.975e-09
913.4	4.9637e-09
913.6	4.1235e-09
913.8	3.4256e-09
914.0	2.8458e-09
914.2	2.3641e-09
914.4	1.964e-09
914.6	1.6315e-09
914.8	1.3554e-09
915.0	1.126e-09
915.2	9.3539e-10
915.4	7.7707e-10
915.6	6.4554e-10
915.8	5.3628e-10
916.0	4.4551e-10
916.2	4.4634e-10
916.4	5.2799e-10
916.6	6.2457e-10
916.8	7.3882e-10
917.0	8.7396e-10
917.2	1.0338e-09
917.4	1.2229e-09
917.6	1.4466e-09
917.8	1.7113e-09
918.0	2.0243e-09
918.2	2.3946e-09
918.4	2.8326e-09
918.6	3.3507e-09
918.8	3.9636e-09
919.0	4.6886e-09
919.2	5.5463e-09
919.4	6.5608e-09
919.6	7.7609e-09
919.8	9.1805e-09
920.0	1.086e-08
920.2	1.2846e-08
920.4	1.5196e-08
920.6	1.7976e-08
920.8	2.1264e-08
921.0	2.5082e-08
921.2	2.5714e-08
921.4	2.6362e-08
921.6	2.7026e-08
921.8	2.7708e-08
922.0	2.8406e-08
922.2	2.9122e-08
922.4	2.9856e-08
922.6	3.0608e-08
922.8	3.138e-08
923.0	3.2171e-08
923.2	3.2981e-08
923.4	3.3813e-08
923.6	3.4665e-08
923.8	3.5539e-08
924.0	3.6434e-08
924.2	3.7353e-08
924.4	3.8294e-08
924.6	3.9259e-08
924.8	4.0249e-08
925.0	4.1263e-08
925.2	4.2303e-08
925.4	4.3369e-08
925.6	4.4462e-08
925.8	4.5583e-08
926.0	4.6037e-08
926.2	4.5858e-08
926.4	4.5679e-08
926.6	4.55e-08
926.8	4.5323e-08
927.0	4.5146e-08
927.2	4.497e-08
927.4	4.4795e-08
927.6	4.462e-08
927.8	4.4446e-08
928.0	4.4272e-08
928.2	4.41e-08
928.4	4.3928e-08
928.6	4.3756e-08
928.8	4.3586e-08
929.0	4.3416e-08
929.2	4.3246e-08
929.4	4.3078e-08
929.6	4.291e-08
929.8	4.2742e-08
930.0	4.2575e-08
930.2	4.2409e-08
930.4	4.2244e-08
930.6	4.2079e-08
930.8	4.1935e-08
931.0	4.3146e-08
931.2	4.4391e-08
931.4	4.5672e-08
931.6	4.699e-08
931.8	4.8346e-08
932.0	4.9741e-08
932.2	5.1177e-08
932.4	5.2654e-08
932.6	5.4173e-08
932.8	5.5737e-08
933.0	5.7345e-08
933.2	5.9e-08
933.4	6.0703e-08
933.6	6.2455e-08
933.8	6.4258e-08
934.0	6.6112e-08
934.2	6.802e-08
934.4	6.9983e-08
934.6	7.2003e-08
934.8	7.4081e-08
935.0	7.6219e-08
935.2	7.8419e-08
935.4	8.0682e-08
935.6	8.301e-08
935.8	8.4391e-08
936.0	8.4835e-08
936.2	8.5281e-08
936.4	8.573e-08
936.6	8.618e-08
936.8	8.6634e-08
937.0	8.7089e-08
937.2	8.7547e-08
937.4	8.8007e-08
937.6	8.847e-08
937.8	8.8935e-08
938.0	8.9403e-08
938.2	8.9873e-08
938.4	9.0346e-08
938.6	9.0821e-08
938.8	9.1299e-08
939.0	9.1779e-08
939.2	9.2261e-08
939.4	9.2746e-08
939.6	9.3234e-08
939.8	9.3724e-08
940.0	9.4217e-08
940.2	9.4713e-08
940.4	9.5211e-08
940.6	9.565e-08
940.8	9.4106e-08
941.0	9.2588e-08
941.2	9.1094e-08
941.4	8.9624e-08
941.6	8.8177e-08
941.8	8.6754e-08
942.0	8.5354e-08
942.2	8.3977e-08
942.4	8.2622e-08
942.6	8.1289e-08
942.8	7.9977e-08
943.0	7.8686e-08
943.2	7.7416e-08
943.4	7.6167e-08
943.6	7.4938e-08
943.8	7.3729e-08
944.0	7.2539e-08
944.2	7.1368e-08
944.4	7.0217e-08
944.6	6.9084e-08
944.8	6.7969e-08
945.0	6.6872e-08
945.2	6.5793e-08
945.4	6.4731e-08
945.6	6.3677e-08
945.8	6.2631e-08
946.0	6.1603e-08
946.2	6.0591e-08
946.4	5.9596e-08
946.6	5.8618e-08
946.8	5.7655e-08
947.0	5.6708e-08
947.2	5.5777e-08
947.4	5.4861e-08
947.6	5.396e-08
947.8	5.3074e-08
948.0	5.2203e-08
948.2	5.1346e-08
948.4	5.0503e-08
948.6	4.9673e-08
948.8	4.8858e-08
949.0	4.8055e-08
949.2	4.7266e-08
949.4	4.649e-08
949.6	4.5727e-08
949.8	4.4976e-08
950.0	4.4237e-08
950.2	4.3511e-08
950.4	4.2764e-08
950.6	4.0798e-08
950.8	3.8923e-08
951.0	3.7134e-08
951.2	3.5427e-08
951.4	3.3798e-08
951.6	3.2245e-08
951.8	3.0763e-08
952.0	2.9349e-08
952.2	2.7999e-08
952.4	2.6712e-08
952.6	2.5485e-08
952.8	2.4313e-08
953.0	2.3196e-08
953.2	2.2129e-08
953.4	2.1112e-08
953.6	2.0142e-08
953.8	1.9216e-08
954.0	1.8333e-08
954.2	1.749e-08
954.4	1.6686e-08
954.6	1.5919e-08
954.8	1.5187e-08
955.0	1.4489e-08
955.2	1.3823e-08
955.4	1.3767e-08
955.6	1.4289e-08
955.8	1.4832e-08
956.0	1.5395e-08
956.2	1.5979e-08
956.4	1.6585e-08
956.6	1.7215e-08
956.8	1.7868e-08
957.0	1.8546e-08
957.2	1.925e-08
957.4	1.998e-08
957.6	2.0739e-08
957.8	2.1526e-08
958.0	2.2342e-08
958.2	2.319e-08
958.4	2.407e-08
958.6	2.4984e-08
958.8	2.5932e-08
959.0	2.6916e-08
959.2	2.7937e-08
959.4	2.8998e-08
959.6	3.0098e-08
959.8	3.124e-08
960.0	3.2426e-08
960.2	3.359e-08
960.4	2.858e-08
960.6	2.4317e-08
960.8	2.069e-08
961.0	1.7604e-08
961.2	1.4979e-08
961.4	1.2745e-08
961.6	1.0844e-08
961.8	9.2265e-09
962.0	7.8503e-09
962.2	6.6795e-09
962.4	5.6832e-09
962.6	4.8356e-09
962.8	4.1144e-09
963.0	3.5007e-09
963.2	2.9786e-09
963.4	2.5343e-09
963.6	2.1564e-09
963.8	1.8347e-09
964.0	1.5611e-09
964.2	1.3283e-09
964.4	1.1301e-09
964.6	9.6159e-10
964.8	8.1817e-10
965.0	6.9614e-10
965.2	6.8302e-10
965.4	7.6847e-10
965.6	8.6461e-10
965.8	9.7277e-10
966.0	1.0945e-09
966.2	1.2314e-09
966.4	1.3854e-09
966.6	1.5588e-09
966.8	1.7538e-09
967.0	1.9732e-09
967.2	2.22e-09
967.4	2.4978e-09
967.6	2.8102e-09
967.8	3.1618e-09
968.0	3.5573e-09
968.2	4.0024e-09
968.4	4.5031e-09
968.6	5.0664e-09
968.8	5.7003e-09
969.0	6.4134e-09
969.2	7.2157e-09
969.4	8.1184e-09
969.6	9.1341e-09
969.8	1.0277e-08
970.0	1.1495e-08
970.2	1.0242e-08
970.4	9.1256e-09
970.6	8.1308e-09
970.8	7.2444e-09
971.0	6.4547e-09
971.2	5.751e-09
971.4	5.1241e-09
971.6	4.5655e-09
971.8	4.0678e-09
972.0	3.6244e-09
972.2	3.2293e-09
972.4	2.8772e-09
972.6	2.5636e-09
972.8	2.2841e-09
973.0	2.0351e-09
973.2	1.8133e-09
973.4	1.6156e-09
973.6	1.4395e-09
973.8	1.2826e-09
974.0	1.1427e-09
974.2	1.0182e-09
974.4	9.0717e-10
974.6	8.0828e-10
974.8	7.2017e-10
975.0	7.2463e-10
975.2	8.0703e-10
975.4	8.988e-10
975.6	1.001e-09
975.8	1.1148e-09
976.0	1.2416e-09
976.2	1.3828e-09
976.4	1.54e-09
976.6	1.7152e-09
976.8	1.9102e-09
977.0	2.1274e-09
977.2	2.3694e-09
977.4	2.6388e-09
977.6	2.9389e-09
977.8	3.273e-09
978.0	3.6452e-09
978.2	4.0598e-09
978.4	4.5214e-09
978.6	5.0356e-09
978.8	5.6082e-09
979.0	6.2459e-09
979.2	6.9562e-09
979.4	7.7472e-09
979.6	8.6281e-09
979.8	9.5798e-09
980.0	9.6309e-09
980.2	9.6822e-09
980.4	9.7339e-09
980.6	9.7858e-09
980.8	9.8379e-09
981.0	9.8904e-09
981.2	9.9431e-09
981.4	9.9961e-09
981.6	1.0049e-08
981.8	1.0103e-08
982.0	1.0157e-08
982.2	1.0211e-08
982.4	1.0265e-08
982.6	1.032e-08
982.8	1.0375e-08
983.0	1.0431e-08
983.2	1.0486e-08
983.4	1.0542e-08
983.6	1.0598e-08
983.8	1.0655e-08
984.0	1.0712e-08
984.2	1.0769e-08
984.4	1.0826e-08
984.6	1.0884e-08
984.8	1.1041e-08
985.0	1.1293e-08
985.2	1.1551e-08
985.4	1.1815e-08
985.6	1.2085e-08
985.8	1.2362e-08
986.0	1.2644e-08
986.2	1.2933e-08
986.4	1.3229e-08
986.6	1.3531e-08
986.8	1.3841e-08
987.0	1.4157e-08
987.2	1.4481e-08
987.4	1.4812e-08
987.6	1.5151e-08
987.8	1.5497e-08
988.0	1.5851e-08
988.2	1.6214e-08
988.4	1.6584e-08
988.6	1.6963e-08
988.8	1.7351e-08
989.0	1.7748e-08
989.2	1.8154e-08
989.4	1.8569e-08
989.6	1.8607e-08
989.8	1.6437e-08
990.0	1.4519e-08
990.2	1.2825e-08
990.4	1.1329e-08
990.6	1.0007e-08
990.8	8.84e-09
991.0	7.8088e-09
991.2	6.8978e-09
991.4	6.0931e-09
991.6	5.3823e-09
991.8	4.7544e-09
992.0	4.1998e-09
992.2	3.7098e-09
992.4	3.277e-09
992.6	2.8947e-09
992.8	2.557e-09
993.0	2.2587e-09
993.2	1.9952e-09
993.4	1.7625e-09
993.6	1.5569e-09
993.8	1.3752e-09
994.0	1.2148e-09
994.2	1.0731e-09
994.4	9.479e-10
994.6	9.9469e-10
994.8	1.1021e-09
995.0	1.2212e-09
995.2	1.353e-09
995.4	1.4992e-09
995.6	1.6611e-09
995.8	1.8405e-09
996.0	2.0393e-09
996.2	2.2596e-09
996.4	2.5036e-09
996.6	2.774e-09
996.8	3.0736e-09
997.0	3.4056e-09
997.2	3.7734e-09
997.4	4.181e-09
997.6	4.6325e-09
997.8	5.1329e-09
998.0	5.6873e-09
998.2	6.3015e-09
998.4	6.9821e-09
998.6	7.7362e-09
998.8	8.5718e-09
999.0	9.4976e-09
999.2	1.0523e-08
999.4	1.0521e-08
999.6	9.5854e-09
999.8	8.7328e-09
1000.0	7.956e-09
1000.2	7.2482e-09
1000.4	6.6035e-09
1000.6	6.0161e-09
1000.8	5.4809e-09
1001.0	4.9933e-09
1001.2	4.5492e-09
1001.4	4.1445e-09
1001.6	3.7758e-09
1001.8	3.4399e-09
1002.0	3.1339e-09
1002.2	2.8552e-09
1002.4	2.6012e-09
1002.6	2.3698e-09
1002.8	2.159e-09
1003.0	1.9669e-09
1003.2	1.792e-09
1003.4	1.6326e-09
1003.6	1.4873e-09
1003.8	1.355e-09
1004.0	1.2345e-09
1004.2	1.1819e-09
1004.4	1.2776e-09
1004.6	1.381e-09
1004.8	1.4928e-09
1005.0	1.6137e-09
1005.2	1.7443e-09
1005.4	1.8855e-09
1005.6	2.0382e-09
1005.8	2.2032e-09
1006.0	2.3816e-09
1006.2	2.5744e-09
1006.4	2.7829e-09
1006.6	3.0082e-09
1006.8	3.2517e-09
1007.0	3.515e-09
1007.2	3.7996e-09
1007.4	4.1072e-09
1007.6	4.4397e-09
1007.8	4.7992e-09
1008.0	5.1878e-09
1008.2	5.6078e-09
1008.4	6.0618e-09
1008.6	6.5526e-09
1008.8	7.0831e-09
1009.0	7.6543e-09
1009.2	8.2131e-09
1009.4	8.8126e-09
1009.6	9.4559e-09
1009.8	1.0146e-08
1010.0	1.0887e-08
1010.2	1.1682e-08
1010.4	1.2534e-08
1010.6	1.3449e-08
1010.8	1.4431e-08
1011.0	1.5484e-08
1011.2	1.6615e-08
1011.4	1.7828e-08
1011.6	1.9129e-08
1011.8	2.0525e-08
1012.0	2.2024e-08
1012.2	2.3631e-08
1012.4	2.5356e-08
1012.6	2.7207e-08
1012.8	2.9193e-08
1013.0	3.1325e-08
1013.2	3.3611e-08
1013.4	3.6065e-08
1013.6	3.8697e-08
1013.8	4.1522e-08
1014.0	3.7986e-08
1014.2	3.3308e-08
1014.4	2.9207e-08
1014.6	2.5611e-08
1014.8	2.2457e-08
1015.0	1.9692e-08
1015.2	1.7267e-08
1015.4	1.5141e-08
1015.6	1.3276e-08
1015.8	1.1642e-08
1016.0	1.0208e-08
1016.2	8.9511e-09
1016.4	7.8489e-09
1016.6	6.8824e-09
1016.8	6.035e-09
1017.0	5.2918e-09
1017.2	4.6402e-09
1017.4	4.0688e-09
1017.6	3.5678e-09
1017.8	3.1285e-09
1018.0	2.7433e-09
1018.2	2.4055e-09
1018.4	2.1093e-09
1018.6	1.8495e-09
1018.8	1.8916e-09
1019.0	2.2114e-09
1019.2	2.5853e-09
1019.4	3.0224e-09
1019.6	3.5335e-09
1019.8	4.1309e-09
1020.0	4.8294e-09
1020.2	5.6459e-09
1020.4	6.6005e-09
1020.6	7.7165e-09
1020.8	9.0212e-09
1021.0	1.0547e-08
1021.2	1.233e-08
1021.4	1.4414e-08
1021.6	1.6852e-08
1021.8	1.9701e-08
1022.0	2.3032e-08
1022.2	2.6926e-08
1022.4	3.1479e-08
1022.6	3.6801e-08
1022.8	4.3024e-08
1023.0	5.0298e-08
1023.2	5.8802e-08
1023.4	6.8745e-08
1023.6	7.3794e-08
1023.8	6.3947e-08
1024.0	5.5415e-08
1024.2	4.8021e-08
1024.4	4.1613e-08
1024.6	3.6061e-08
1024.8	3.1249e-08
1025.0	2.708e-08
1025.2	2.3466e-08
1025.4	2.0335e-08
1025.6	1.7622e-08
1025.8	1.5271e-08
1026.0	1.3233e-08
1026.2	1.1467e-08
1026.4	9.9372e-09
1026.6	8.6112e-09
1026.8	7.4622e-09
1027.0	6.4665e-09
1027.2	5.6037e-09
1027.4	4.856e-09
1027.6	4.208e-09
1027.8	3.6466e-09
1028.0	3.16e-09
1028.2	2.7384e-09
1028.4	2.3907e-09
1028.6	2.6565e-09
1028.8	2.9519e-09
1029.0	3.2801e-09
1029.2	3.6448e-09
1029.4	4.0501e-09
1029.6	4.5003e-09
1029.8	5.0007e-09
1030.0	5.5567e-09
1030.2	6.1745e-09
1030.4	6.861e-09
1030.6	7.6239e-09
1030.8	8.4715e-09
1031.0	9.4134e-09
1031.2	1.046e-08
1031.4	1.1623e-08
1031.6	1.2915e-08
1031.8	1.4351e-08
1032.0	1.5947e-08
1032.2	1.772e-08
1032.4	1.969e-08
1032.6	2.1879e-08
1032.8	2.4312e-08
1033.0	2.7015e-08
1033.2	3.0019e-08
1033.4	2.8593e-08
1033.6	2.6109e-08
1033.8	2.3841e-08
1034.0	2.177e-08
1034.2	1.9879e-08
1034.4	1.8152e-08
1034.6	1.6576e-08
1034.8	1.5136e-08
1035.0	1.3821e-08
1035.2	1.2621e-08
1035.4	1.1524e-08
1035.6	1.0523e-08
1035.8	9.6093e-09
1036.0	8.7746e-09
1036.2	8.0124e-09
1036.4	7.3164e-09
1036.6	6.6809e-09
1036.8	6.1006e-09
1037.0	5.5707e-09
1037.2	5.0868e-09
1037.4	4.6449e-09
1037.6	4.2415e-09
1037.8	3.873e-09
1038.0	3.5366e-09
1038.2	3.4025e-09
1038.4	3.4318e-09
1038.6	3.4614e-09
1038.8	3.4912e-09
1039.0	3.5212e-09
1039.2	3.5516e-09
1039.4	3.5822e-09
1039.6	3.613e-09
1039.8	3.6441e-09
1040.0	3.6755e-09
1040.2	3.7072e-09
1040.4	3.7391e-09
1040.6	3.7713e-09
1040.8	3.8038e-09
1041.0	3.8365e-09
1041.2	3.8696e-09
1041.4	3.9029e-09
1041.6	3.9365e-09
1041.8	3.9704e-09
1042.0	4.0046e-09
1042.2	4.0391e-09
1042.4	4.0739e-09
1042.6	4.109e-09
1042.8	4.1443e-09
1043.0	4.2741e-09
1043.2	4.6814e-09
1043.4	5.1274e-09
1043.6	5.6159e-09
1043.8	6.151e-09
1044.0	6.7371e-09
1044.2	7.379e-09
1044.4	8.0821e-09
1044.6	8.8521e-09
1044.8	9.6955e-09
1045.0	1.0619e-08
1045.2	1.1631e-08
1045.4	1.2739e-08
1045.6	1.3953e-08
1045.8	1.5283e-08
1046.0	1.6739e-08
1046.2	1.8334e-08
1046.4	2.008e-08
1046.6	2.1994e-08
1046.8	2.4089e-08
1047.0	2.6384e-08
1047.2	2.8898e-08
1047.4	3.1652e-08
1047.6	3.4668e-08
1047.8	3.7928e-08
1048.0	4.0234e-08
1048.2	4.2679e-08
1048.4	4.5273e-08
1048.6	4.8025e-08
1048.8	5.0944e-08
1049.0	5.4041e-08
1049.2	5.7326e-08
1049.4	6.081e-08
1049.6	6.4507e-08
1049.8	6.8428e-08
1050.0	7.2587e-08
1050.2	7.6999e-08
1050.4	8.1679e-08
1050.6	8.6644e-08
1050.8	9.1911e-08
1051.0	9.7497e-08
1051.2	1.0342e-07
1051.4	1.0971e-07
1051.6	1.1638e-07
1051.8	1.2345e-07
1052.0	1.3096e-07
1052.2	1.3892e-07
1052.4	1.4736e-07
1052.6	1.5632e-07
1052.8	1.5029e-07
1053.0	1.4098e-07
1053.2	1.3226e-07
1053.4	1.2407e-07
1053.6	1.1638e-07
1053.8	1.0918e-07
1054.0	1.0242e-07
1054.2	9.6078e-08
1054.4	9.0129e-08
1054.6	8.4549e-08
1054.8	7.9314e-08
1055.0	7.4403e-08
1055.2	6.9797e-08
1055.4	6.5475e-08
1055.6	6.1421e-08
1055.8	5.7618e-08
1056.0	5.4051e-08
1056.2	5.0704e-08
1056.4	4.7565e-08
1056.6	4.462e-08
1056.8	4.1857e-08
1057.0	3.9266e-08
1057.2	3.6835e-08
1057.4	3.4554e-08
1057.6	3.4529e-08
1057.8	3.6374e-08
1058.0	3.8317e-08
1058.2	4.0364e-08
1058.4	4.252e-08
1058.6	4.4792e-08
1058.8	4.7185e-08
1059.0	4.9705e-08
1059.2	5.2361e-08
1059.4	5.5158e-08
1059.6	5.8105e-08
1059.8	6.1209e-08
1060.0	6.4479e-08
1060.2	6.7923e-08
1060.4	7.1552e-08
1060.6	7.5374e-08
1060.8	7.9401e-08
1061.0	8.3643e-08
1061.2	8.8111e-08
1061.4	9.2818e-08
1061.6	9.7777e-08
1061.8	1.03e-07
1062.0	1.085e-07
1062.2	1.143e-07
1062.4	1.1804e-07
1062.6	1.1637e-07
1062.8	1.1473e-07
1063.0	1.1311e-07
1063.2	1.1151e-07
1063.4	1.0994e-07
1063.6	1.0838e-07
1063.8	1.0685e-07
1064.0	1.0535e-07
1064.2	1.0386e-07
1064.4	1.0239e-07
1064.6	1.0095e-07
1064.8	9.9522e-08
1065.0	9.8117e-08
1065.2	9.6731e-08
1065.4	9.5366e-08
1065.6	9.402e-08
1065.8	9.2692e-08
1066.0	9.1384e-08
1066.2	9.0094e-08
1066.4	8.8822e-08
1066.6	8.7568e-08
1066.8	8.6332e-08
1067.0	8.5113e-08
1067.2	8.3662e-08
1067.4	7.6565e-08
1067.6	7.007e-08
1067.8	6.4127e-08
1068.0	5.8687e-08
1068.2	5.3709e-08
1068.4	4.9153e-08
1068.6	4.4984e-08
1068.8	4.1168e-08
1069.0	3.7676e-08
1069.2	3.448e-08
1069.4	3.1555e-08
1069.6	2.8878e-08
1069.8	2.6429e-08
1070.0	2.4187e-08
1070.2	2.2135e-08
1070.4	2.0258e-08
1070.6	1.8539e-08
1070.8	1.6967e-08
1071.0	1.5527e-08
1071.2	1.421e-08
1071.4	1.3005e-08
1071.6	1.1902e-08
1071.8	1.0892e-08
1072.0	9.9682e-09
1072.2	1.1194e-08
1072.4	1.3294e-08
1072.6	1.5788e-08
1072.8	1.8751e-08
1073.0	2.2269e-08
1073.2	2.6447e-08
1073.4	3.141e-08
1073.6	3.7303e-08
1073.8	4.4302e-08
1074.0	5.2615e-08
1074.2	6.2487e-08
1074.4	7.4212e-08
1074.6	8.8137e-08
1074.8	1.0467e-07
1075.0	1.2431e-07
1075.2	1.4764e-07
1075.4	1.7534e-07
1075.6	2.0824e-07
1075.8	2.4732e-07
1076.0	2.9372e-07
1076.2	3.1781e-07
1076.4	3.1764e-07
1076.6	3.1747e-07
1076.8	3.1731e-07
1077.0	3.1714e-07
1077.2	3.1697e-07
1077.4	3.1681e-07
1077.6	3.1664e-07
1077.8	3.1647e-07
1078.0	3.1631e-07
1078.2	3.1614e-07
1078.4	3.1598e-07
1078.6	3.1581e-07
1078.8	3.1564e-07
1079.0	3.1548e-07
1079.2	3.1531e-07
1079.4	3.1515e-07
1079.6	3.1498e-07
1079.8	3.1481e-07
1080.0	3.1465e-07
1080.2	3.1391e-07
1080.4	3.1182e-07
1080.6	3.0976e-07
1080.8	3.077e-07
1081.0	3.0566e-07
1081.2	3.0363e-07
1081.4	3.0162e-07
1081.6	2.9962e-07
1081.8	2.9763e-07
1082.0	2.9566e-07
1082.2	2.937e-07
1082.4	2.9175e-07
1082.6	2.8981e-07
1082.8	2.8789e-07
1083.0	2.8598e-07
1083.2	2.8408e-07
1083.4	2.822e-07
1083.6	3.441e-07
1083.8	6.1396e-07
1084.0	1.0955e-06
1084.2	1.9546e-06
1084.4	3.4874e-06
1084.6	6.2224e-06
1084.8	1.1102e-05
1085.0	1.9809e-05
1085.2	4.4034e-05
1085.4	3.1224e-05
1085.6	5.1924e-05
1085.8	3.6172e-05
1086.0	4.2801e-05
1086.2	2.0183e-05
1086.4	2.7516e-05
1086.6	4.4882e-05
1086.8	3.1583e-05
1087.0	4.5402e-05
1087.2	5.352e-05
1087.4	4.7643e-05
1087.6	3.752e-05
1087.8	4.9708e-05
1088.0	6.5469e-05
1088.2	8.0134e-05
1088.4	3.8282e-05
1088.6	4.5215e-05
1088.8	4.2718e-05
1089.0	5.741e-05
1089.2	3.7244e-05
1089.4	7.3439e-05
1089.6	5.9065e-05
1089.8	8.0575e-05
1090.0	8.2358e-05
1090.2	7.1549e-05
1090.4	6.1647e-05
1090.6	7.679e-05
1090.8	7.0046e-05
1091.0	8.8885e-05
1091.2	6.2468e-05
1091.4	5.532e-05
1091.6	5.7878e-05
1091.8	1.1217e-04
1092.0	1.0196e-04
1092.2	4.3081e-05
1092.4	9.8443e-05
1092.6	9.7323e-05
1092.8	8.7643e-05
1093.0	8.6658e-05
1093.2	9.643e-05
1093.4	8.9579e-05
1093.6	8.3536e-05
1093.8	9.5969e-05
1094.0	9.3231e-05
1094.2	1.0325e-04
1094.4	1.1818e-04
1094.6	1.3776e-04
1094.8	8.1775e-05
1095.0	1.157e-04
1095.2	1.282e-04
1095.4	1.1658e-04
1095.6	1.4235e-04
1095.8	1.4053e-04
1096.0	1.3924e-04
1096.2	1.2773e-04
1096.4	1.6508e-04
1096.6	1.5588e-04
1096.8	1.3462e-04
1097.0	1.5632e-04
1097.2	1.5111e-04
1097.4	1.8615e-04
1097.6	2.0948e-04
1097.8	2.1677e-04
1098.0	2.1656e-04
1098.2	1.9106e-04
1098.4	2.2915e-04
1098.6	2.3508e-04
1098.8	2.9307e-04
1099.0	3.1194e-04
1099.2	3.2855e-04
1099.4	3.5181e-04
1099.6	3.5231e-04
1099.8	3.8496e-04
1100.0	4.0104e-04
1100.2	4.6908e-04
1100.4	5.07e-04
1100.6	5.5287e-04
1100.8	5.8092e-04
1101.0	6.4457e-04
1101.2	6.8749e-04
1101.4	7.7691e-04
1101.6	8.4178e-04
1101.8	0.00103
1102.0	0.00116
1102.2	0.00132
1102.4	0.00145
1102.6	0.00171
1102.8	0.00196
1103.0	0.00241
1103.2	0.00289
1103.4	0.00342
1103.6	0.00402
1103.8	0.00477
1104.0	0.00572
1104.2	0.00671
1104.4	0.00827
1104.6	0.01044
1104.8	0.01352
1105.0	0.01885
1105.2	0.02703
1105.4	0.04066
1105.6	0.06225
1105.8	0.1029
1106.0	0.18509
1106.2	0.32951
1106.4	0.35436
1106.6	0.22516
1106.8	0.13951
1107.0	0.09349
1107.2	0.06903
1107.4	0.05184
1107.6	0.04035
1107.8	0.03327
1108.0	0.02814
1108.2	0.02469
1108.4	0.02238
1108.6	0.02067
1108.8	0.01913
1109.0	0.01807
1109.2	0.01759
1109.4	0.01676
1109.6	0.01647
1109.8	0.01599
1110.0	0.01592
1110.2	0.01577
1110.4	0.01625
1110.6	0.01652
1110.8	0.01661
1111.0	0.01697
1111.2	0.01789
1111.4	0.01871
1111.6	0.01995
1111.8	0.02131
1112.0	0.02273
1112.2	0.02421
1112.4	0.02653
1112.6	0.02894
1112.8	0.03103
1113.0	0.03527
1113.2	0.03893
1113.4	0.04331
1113.6	0.04912
1113.8	0.05581
1114.0	0.06321
1114.2	0.07307
1114.4	0.08522
1114.6	0.09981
1114.8	0.11859
1115.0	0.14127
1115.2	0.17166
1115.4	0.21447
1115.6	0.26502
1115.8	0.33119
1116.0	0.41133
1116.2	0.50818
1116.4	0.60098
1116.6	0.6689
1116.8	0.68533
1117.0	0.64644
1117.2	0.57547
1117.4	0.49189
1117.6	0.41981
1117.8	0.35153
1118.0	0.29632
1118.2	0.25273
1118.4	0.21658
1118.6	0.19171
1118.8	0.16683
1119.0	0.14964
1119.2	0.13407
1119.4	0.12157
1119.6	0.11207
1119.8	0.10423
1120.0	0.09605
1120.2	0.08818
1120.4	0.08479
1120.6	0.07862
1120.8	0.07444
1121.0	0.08017
1121.2	0.07569
1121.4	0.07146
1121.6	0.06747
1121.8	0.0637
1122.0	0.06014
1122.2	0.05825
1122.4	0.05642
1122.6	0.05464
1122.8	0.05292
1123.0	0.05128
1123.2	0.0507
1123.4	0.05014
1123.6	0.04958
1123.8	0.04902
1124.0	0.0485
1124.2	0.04879
1124.4	0.04908
1124.6	0.04938
1124.8	0.04967
1125.0	0.05
1125.2	0.05106
1125.4	0.05215
1125.6	0.05326
1125.8	0.05439
1126.0	0.05557
1126.2	0.05743
1126.4	0.05936
1126.6	0.06135
1126.8	0.0634
1127.0	0.06554
1127.2	0.06874
1127.4	0.07211
1127.6	0.07564
1127.8	0.07934
1128.0	0.08325
1128.2	0.08878
1128.4	0.09467
1128.6	0.10096
1128.8	0.10766
1129.0	0.11487
1129.2	0.12484
1129.4	0.13567
1129.6	0.14744
1129.8	0.16024
1130.0	0.17422
1130.2	0.1913
1130.4	0.21006
1130.6	0.23066
1130.8	0.25328
1131.0	0.27814
1131.2	0.30766
1131.4	0.3403
1131.6	0.37641
1131.8	0.41635
1132.0	0.46015
1132.2	0.49228
1132.4	0.52666
1132.6	0.56343
1132.8	0.60278
1133.0	0.6429
1133.2	0.63707
1133.4	0.63129
1133.6	0.62556
1133.8	0.61989
1134.0	0.61392
1134.2	0.57553
1134.4	0.53954
1134.6	0.5058
1134.8	0.47417
1135.0	0.44436
1135.2	0.41141
1135.4	0.38091
1135.6	0.35268
1135.8	0.32653
1136.0	0.3025
1136.2	0.2841
1136.4	0.26683
1136.6	0.25061
1136.8	0.23537
1137.0	0.22109
1137.2	0.21094
1137.4	0.20126
1137.6	0.19202
1137.8	0.18321
1138.0	0.17485
1138.2	0.16873
1138.4	0.16283
1138.6	0.15713
1138.8	0.15163
1139.0	0.14641
1139.2	0.14314
1139.4	0.13994
1139.6	0.13682
1139.8	0.13376
1140.0	0.13079
1140.2	0.12924
1140.4	0.12771
1140.6	0.1262
1140.8	0.1247
1141.0	0.12326
1141.2	0.12277
1141.4	0.12229
1141.6	0.12181
1141.8	0.12134
1142.0	0.12091
1142.2	0.12154
1142.4	0.12218
1142.6	0.12281
1142.8	0.12346
1143.0	0.12412
1143.2	0.12589
1143.4	0.12768
1143.6	0.1295
1143.8	0.13134
1144.0	0.13324
1144.2	0.1359
1144.4	0.13862
1144.6	0.14139
1144.8	0.14421
1145.0	0.1471
1145.2	0.15135
1145.4	0.15573
1145.6	0.16023
1145.8	0.16486
1146.0	0.16966
1146.2	0.17605
1146.4	0.18267
1146.6	0.18954
1146.8	0.19667
1147.0	0.20413
1147.2	0.21308
1147.4	0.22242
1147.6	0.23217
1147.8	0.24234
1148.0	0.253
1148.2	0.26569
1148.4	0.279
1148.6	0.29299
1148.8	0.30768
1149.0	0.32319
1149.2	0.34154
1149.4	0.36093
1149.6	0.38143
1149.8	0.40309
1150.0	0.42593
1150.2	0.44755
1150.4	0.47028
1150.6	0.49415
1150.8	0.51924
1151.0	0.54541
1151.2	0.56797
1151.4	0.59146
1151.6	0.61593
1151.8	0.6414
1152.0	0.66771
1152.2	0.68
1152.4	0.69252
1152.6	0.70526
1152.8	0.71825
1153.0	0.7308
1153.2	0.72502
1153.4	0.71929
1153.6	0.71361
1153.8	0.70797
1154.0	0.70223
1154.2	0.68215
1154.4	0.66264
1154.6	0.64368
1154.8	0.62527
1155.0	0.60723
1155.2	0.58536
1155.4	0.56428
1155.6	0.54396
1155.8	0.52438
1156.0	0.50548
1156.2	0.48609
1156.4	0.46745
1156.6	0.44952
1156.8	0.43228
1157.0	0.41575
1157.2	0.40149
1157.4	0.38771
1157.6	0.37441
1157.8	0.36157
1158.0	0.34918
1158.2	0.33924
1158.4	0.32958
1158.6	0.3202
1158.8	0.31108
1159.0	0.30228
1159.2	0.29521
1159.4	0.28831
1159.6	0.28157
1159.8	0.27498
1160.0	0.26857
1160.2	0.26435
1160.4	0.26019
1160.6	0.2561
1160.8	0.25208
1161.0	0.24814
1161.2	0.24508
1161.4	0.24205
1161.6	0.23906
1161.8	0.2361
1162.0	0.2332
1162.2	0.23198
1162.4	0.23076
1162.6	0.22954
1162.8	0.22833
1163.0	0.22716
1163.2	0.22678
1163.4	0.22641
1163.6	0.22603
1163.8	0.22566
1164.0	0.2253
1164.2	0.22629
1164.4	0.22728
1164.6	0.22828
1164.8	0.22928
1165.0	0.23031
1165.2	0.232
1165.4	0.23371
1165.6	0.23543
1165.8	0.23716
1166.0	0.23894
1166.2	0.24207
1166.4	0.24525
1166.6	0.24848
1166.8	0.25174
1167.0	0.25507
1167.2	0.25896
1167.4	0.26292
1167.6	0.26693
1167.8	0.271
1168.0	0.27517
1168.2	0.28097
1168.4	0.28689
1168.6	0.29293
1168.8	0.2991
1169.0	0.30539
1169.2	0.31163
1169.4	0.31799
1169.6	0.32449
1169.8	0.33111
1170.0	0.33792
1170.2	0.34688
1170.4	0.35607
1170.6	0.36551
1170.8	0.3752
1171.0	0.38514
1171.2	0.3941
1171.4	0.40328
1171.6	0.41266
1171.8	0.42227
1172.0	0.43213
1172.2	0.44327
1172.4	0.4547
1172.6	0.46642
1172.8	0.47844
1173.0	0.49074
1173.2	0.5002
1173.4	0.50983
1173.6	0.51965
1173.8	0.52966
1174.0	0.5398
1174.2	0.54817
1174.4	0.55668
1174.6	0.56532
1174.8	0.57409
1175.0	0.58295
1175.2	0.5871
1175.4	0.59128
1175.6	0.59548
1175.8	0.59972
1176.0	0.60382
1176.2	0.60328
1176.4	0.60273
1176.6	0.60219
1176.8	0.60164
1177.0	0.60101
1177.2	0.59637
1177.4	0.59176
1177.6	0.58718
1177.8	0.58264
1178.0	0.57803
1178.2	0.57118
1178.4	0.5644
1178.6	0.55771
1178.8	0.55109
1179.0	0.54449
1179.2	0.53522
1179.4	0.52612
1179.6	0.51716
1179.8	0.50836
1180.0	0.49971
1180.2	0.49126
1180.4	0.48296
1180.6	0.47479
1180.8	0.46676
1181.0	0.45888
1181.2	0.45144
1181.4	0.44411
1181.6	0.43691
1181.8	0.42982
1182.0	0.42284
1182.2	0.41578
1182.4	0.40884
1182.6	0.40202
1182.8	0.3953
1183.0	0.38875
1183.2	0.38356
1183.4	0.37843
1183.6	0.37337
1183.8	0.36838
1184.0	0.36347
1184.2	0.3596
1184.4	0.35578
1184.6	0.35199
1184.8	0.34825
1185.0	0.34454
1185.2	0.34072
1185.4	0.33694
1185.6	0.33321
1185.8	0.32951
1186.0	0.32591
1186.2	0.32439
1186.4	0.32287
1186.6	0.32136
1186.8	0.31986
1187.0	0.3184
1187.2	0.31758
1187.4	0.31677
1187.6	0.31595
1187.8	0.31514
1188.0	0.31433
1188.2	0.31351
1188.4	0.3127
1188.6	0.31189
1188.8	0.31108
1189.0	0.31029
1189.2	0.31117
1189.4	0.31205
1189.6	0.31293
1189.8	0.31381
1190.0	0.31472
1190.2	0.31615
1190.4	0.31759
1190.6	0.31904
1190.8	0.32049
1191.0	0.32196
1191.2	0.32381
1191.4	0.32568
1191.6	0.32755
1191.8	0.32943
1192.0	0.33136
1192.2	0.33406
1192.4	0.33679
1192.6	0.33954
1192.8	0.34231
1193.0	0.34512
1193.2	0.34901
1193.4	0.35294
1193.6	0.35691
1193.8	0.36093
1194.0	0.365
1194.2	0.3691
1194.4	0.37325
1194.6	0.37744
1194.8	0.38168
1195.0	0.38597
1195.2	0.39028
1195.4	0.39463
1195.6	0.39904
1195.8	0.40349
1196.0	0.40801
1196.2	0.41424
1196.4	0.42056
1196.6	0.42698
1196.8	0.4335
1197.0	0.44013
1197.2	0.44694
1197.4	0.45386
1197.6	0.46089
1197.8	0.46803
1198.0	0.47527
1198.2	0.48183
1198.4	0.48849
1198.6	0.49524
1198.8	0.50208
1199.0	0.509
1199.2	0.51552
1199.4	0.52213
1199.6	0.52883
1199.8	0.53561
1200.0	0.54248
