Typical Measured Spectrum of Semrock LL01-785 Optical Filter	
For wavelengths between 320 and 1120 nm, values near or below 3e-7 (Optical Density 6.5) are measurement noise limited.
For wavelengths < 320 nm and > 1120 nm, values near or below 3e-6 (Optical Density 5.5) are measurement noise limited. 
Data format:  Wavelength (nm) <tab> Transmission (0 to 1)
300.0	2.3436e-07
300.2	2.6052e-07
300.4	2.8959e-07
300.6	3.2191e-07
300.8	3.5784e-07
301.0	3.9777e-07
301.2	4.4216e-07
301.4	4.9151e-07
301.6	5.4636e-07
301.8	6.0734e-07
302.0	6.7512e-07
302.2	7.5046e-07
302.4	8.3421e-07
302.6	9.2731e-07
302.8	1.0308e-06
303.0	1.1458e-06
303.2	1.2737e-06
303.4	1.4159e-06
303.6	1.5739e-06
303.8	1.7378e-06
304.0	1.7265e-06
304.2	1.7152e-06
304.4	1.7041e-06
304.6	1.693e-06
304.8	1.682e-06
305.0	1.6711e-06
305.2	2.0643e-06
305.4	3.2551e-06
305.6	3.4014e-06
305.8	2.1777e-06
306.0	2.1643e-06
306.2	3.4948e-06
306.4	4.2247e-06
306.6	6.2895e-06
306.8	1.6215e-05
307.0	2.8739e-06
307.2	2.0032e-06
307.4	3.5064e-06
307.6	6.9565e-06
307.8	4.0385e-06
308.0	7.9696e-06
308.2	4.1883e-06
308.4	3.1538e-06
308.6	6.9931e-06
308.8	2.3718e-06
309.0	2.0529e-06
309.2	3.4228e-06
309.4	4.8292e-06
309.6	2.175e-06
309.8	5.2206e-06
310.0	3.4272e-06
310.2	2.2165e-06
310.4	2.9711e-06
310.6	1.2217e-05
310.8	3.702e-06
311.0	6.048e-06
311.2	8.8579e-06
311.4	2.1867e-06
311.6	2.1321e-06
311.8	2.0733e-06
312.0	3.2108e-06
312.2	5.3833e-06
312.4	3.8237e-06
312.6	8.7822e-06
312.8	5.9867e-06
313.0	2.8925e-06
313.2	1.8394e-06
313.4	1.8502e-06
313.6	3.0119e-06
313.8	2.6889e-06
314.0	1.8829e-06
314.2	1.9509e-06
314.4	3.3533e-06
314.6	2.4463e-06
314.8	1.8612e-06
315.0	2.2519e-06
315.2	5.2864e-06
315.4	2.3947e-06
315.6	4.6982e-06
315.8	6.1108e-06
316.0	2.0672e-06
316.2	6.1204e-06
316.4	2.8236e-06
316.6	1.7848e-06
316.8	2.4785e-06
317.0	6.8499e-06
317.2	2.2916e-06
317.4	3.942e-06
317.6	4.111e-06
317.8	2.0254e-06
318.0	4.7591e-06
318.2	2.2714e-06
318.4	1.6707e-06
318.6	1.6631e-06
318.8	1.8463e-06
319.0	5.4583e-06
319.2	6.5647e-06
319.4	7.1736e-06
319.6	7.6879e-06
319.8	6.378e-06
320.0	6.2964e-06
320.2	2.8246e-06
320.4	1.5362e-06
320.6	1.6778e-06
320.8	2.8837e-06
321.0	4.9962e-06
321.2	4.4153e-06
321.4	4.0595e-06
321.6	7.3416e-06
321.8	2.1374e-06
322.0	2.6283e-06
322.2	2.611e-06
322.4	2.0334e-06
322.6	3.5416e-06
322.8	6.1031e-06
323.0	8.0491e-06
323.2	5.093e-06
323.4	2.2079e-06
323.6	1.0958e-05
323.8	3.0555e-06
324.0	1.5454e-06
324.2	1.4884e-06
324.4	1.4748e-06
324.6	2.4613e-06
324.8	1.7667e-06
325.0	1.3269e-06
325.2	1.3107e-06
325.4	1.3022e-06
325.6	2.1933e-06
325.8	1.7962e-06
326.0	1.3062e-06
326.2	1.3084e-06
326.4	1.3066e-06
326.6	3.8762e-06
326.8	3.0646e-06
327.0	1.2767e-06
327.2	1.3031e-06
327.4	3.0291e-06
327.6	1.877e-06
327.8	2.0336e-06
328.0	4.6435e-06
328.2	4.5448e-06
328.4	3.596e-06
328.6	5.8474e-06
328.8	7.4897e-06
329.0	3.9495e-06
329.2	2.2615e-06
329.4	1.2943e-06
329.6	2.4503e-06
329.8	7.0368e-06
330.0	6.9373e-06
330.2	6.0854e-06
330.4	6.9393e-06
330.6	6.9204e-06
330.8	5.734e-06
331.0	5.6783e-06
331.2	4.1693e-06
331.4	7.3831e-06
331.6	1.214e-05
331.8	8.1281e-06
332.0	3.114e-06
332.2	4.2136e-06
332.4	5.9924e-06
332.6	5.923e-06
332.8	3.4897e-06
333.0	5.3754e-06
333.2	7.3683e-06
333.4	7.0067e-06
333.6	5.7471e-06
333.8	1.0487e-05
334.0	8.3265e-06
334.2	6.6027e-06
334.4	6.0653e-06
334.6	6.9617e-06
334.8	1.073e-05
335.0	9.7233e-06
335.2	1.0158e-05
335.4	1.0837e-05
335.6	7.8722e-06
335.8	1.1229e-05
336.0	8.6386e-06
336.2	7.9124e-06
336.4	1.0024e-05
336.6	8.7541e-06
336.8	8.05e-06
337.0	5.6911e-06
337.2	4.599e-06
337.4	5.9103e-06
337.6	9.6253e-06
337.8	1.2124e-05
338.0	1.0641e-05
338.2	8.7737e-06
338.4	1.0912e-05
338.6	1.2387e-05
338.8	1.3079e-05
339.0	1.242e-05
339.2	1.1372e-05
339.4	1.2751e-05
339.6	1.1234e-05
339.8	1.1855e-05
340.0	1.3985e-05
340.2	1.5725e-05
340.4	1.0805e-05
340.6	1.051e-05
340.8	1.0627e-05
341.0	1.1505e-05
341.2	1.5059e-05
341.4	1.3114e-05
341.6	1.1199e-05
341.8	1.0677e-05
342.0	1.1825e-05
342.2	1.4421e-05
342.4	1.1013e-05
342.6	1.0492e-05
342.8	1.1264e-05
343.0	1.2131e-05
343.2	1.3724e-05
343.4	1.5299e-05
343.6	1.4378e-05
343.8	1.2808e-05
344.0	1.3189e-05
344.2	1.4354e-05
344.4	1.6119e-05
344.6	1.712e-05
344.8	1.6937e-05
345.0	1.642e-05
345.2	1.4325e-05
345.4	1.5415e-05
345.6	1.7918e-05
345.8	1.9078e-05
346.0	1.4296e-05
346.2	1.5313e-05
346.4	1.7579e-05
346.6	1.9905e-05
346.8	2.1153e-05
347.0	1.7696e-05
347.2	1.6494e-05
347.4	1.6625e-05
347.6	1.754e-05
347.8	1.8495e-05
348.0	2.0942e-05
348.2	2.0985e-05
348.4	2.0407e-05
348.6	2.0454e-05
348.8	2.0437e-05
349.0	2.1055e-05
349.2	2.0202e-05
349.4	1.9295e-05
349.6	1.9951e-05
349.8	2.1267e-05
350.0	2.1975e-05
350.2	2.0862e-05
350.4	1.9492e-05
350.6	2.0992e-05
350.8	1.7225e-05
351.0	2.1784e-05
351.2	2.5379e-05
351.4	2.2579e-05
351.6	2.2518e-05
351.8	2.0979e-05
352.0	2.0031e-05
352.2	2.0599e-05
352.4	2.3175e-05
352.6	2.4503e-05
352.8	2.4362e-05
353.0	2.0792e-05
353.2	1.7565e-05
353.4	1.894e-05
353.6	1.982e-05
353.8	1.8859e-05
354.0	1.8619e-05
354.2	1.9305e-05
354.4	1.82e-05
354.6	1.8526e-05
354.8	1.7003e-05
355.0	1.7104e-05
355.2	2.0714e-05
355.4	2.0227e-05
355.6	2.1281e-05
355.8	2.8096e-05
356.0	4.0067e-05
356.2	4.8715e-05
356.4	5.277e-05
356.6	6.2944e-05
356.8	7.6852e-05
357.0	9.6802e-05
357.2	1.3615e-04
357.4	1.683e-04
357.6	1.7342e-04
357.8	1.6092e-04
358.0	1.4383e-04
358.2	1.2989e-04
358.4	1.3292e-04
358.6	1.4157e-04
358.8	1.6315e-04
359.0	2.1436e-04
359.2	3.3368e-04
359.4	5.4941e-04
359.6	9.0392e-04
359.8	0.00134
360.0	0.00156
360.2	0.00129
360.4	9.4137e-04
360.6	6.6712e-04
360.8	4.8474e-04
361.0	3.6988e-04
361.2	3.1457e-04
361.4	2.8124e-04
361.6	2.6885e-04
361.8	2.7888e-04
362.0	3.1319e-04
362.2	3.7643e-04
362.4	5.0253e-04
362.6	7.4784e-04
362.8	0.00123
363.0	0.0025
363.2	0.00522
363.4	0.00931
363.6	0.01275
363.8	0.01261
364.0	0.01117
364.2	0.01044
364.4	0.01
364.6	0.00932
364.8	0.00765
365.0	0.00571
365.2	0.00403
365.4	0.00223
365.6	0.00122
365.8	8.5754e-04
366.0	6.9623e-04
366.2	5.9028e-04
366.4	5.1085e-04
366.6	3.9058e-04
366.8	4.1341e-04
367.0	4.0756e-04
367.2	3.0306e-04
367.4	3.5645e-04
367.6	4.2892e-04
367.8	3.7681e-04
368.0	3.5561e-04
368.2	3.1386e-04
368.4	3.4036e-04
368.6	4.1805e-04
368.8	5.1532e-04
369.0	3.9125e-04
369.2	3.7382e-04
369.4	4.0993e-04
369.6	4.83e-04
369.8	4.3316e-04
370.0	4.7475e-04
370.2	5.201e-04
370.4	6.2506e-04
370.6	7.5198e-04
370.8	9.9346e-04
371.0	0.00116
371.2	0.00115
371.4	8.9564e-04
371.6	6.9338e-04
371.8	5.9818e-04
372.0	5.9572e-04
372.2	4.8881e-04
372.4	5.4503e-04
372.6	4.6995e-04
372.8	4.8639e-04
373.0	4.4648e-04
373.2	4.6473e-04
373.4	4.1287e-04
373.6	4.7081e-04
373.8	5.4066e-04
374.0	6.1825e-04
374.2	7.0322e-04
374.4	8.1722e-04
374.6	8.559e-04
374.8	0.00126
375.0	0.00195
375.2	0.00346
375.4	0.00827
375.6	0.01554
375.8	0.01317
376.0	0.00851
376.2	0.00666
376.4	0.00671
376.6	0.00813
376.8	0.01338
377.0	0.03252
377.2	0.0765
377.4	0.04967
377.6	0.01661
377.8	0.00796
378.0	0.00529
378.2	0.00406
378.4	0.00352
378.6	0.00315
378.8	0.003
379.0	0.00306
379.2	0.00304
379.4	0.00285
379.6	0.00259
379.8	0.00214
380.0	0.00182
380.2	0.00155
380.4	0.00137
380.6	0.00127
380.8	0.00122
381.0	0.00114
381.2	0.00113
381.4	0.00104
381.6	0.00102
381.8	0.00105
382.0	0.00106
382.2	0.00101
382.4	0.00103
382.6	0.00106
382.8	0.00103
383.0	0.0011
383.2	0.00111
383.4	0.00102
383.6	0.00113
383.8	0.0013
384.0	0.0014
384.2	0.00158
384.4	0.00189
384.6	0.00226
384.8	0.00299
385.0	0.00429
385.2	0.00744
385.4	0.01566
385.6	0.04921
385.8	0.16066
386.0	0.15876
386.2	0.06757
386.4	0.03796
386.6	0.03015
386.8	0.02924
387.0	0.03377
387.2	0.04643
387.4	0.07844
387.6	0.17137
387.8	0.37801
388.0	0.39329
388.2	0.19637
388.4	0.09465
388.6	0.05655
388.8	0.03877
389.0	0.02871
389.2	0.02213
389.4	0.01759
389.6	0.01423
389.8	0.01178
390.0	0.01008
390.2	0.00898
390.4	0.00821
390.6	0.00788
390.8	0.00812
391.0	0.00876
391.2	0.0102
391.4	0.01243
391.6	0.01589
391.8	0.01958
392.0	0.01964
392.2	0.015
392.4	0.00979
392.6	0.00639
392.8	0.00437
393.0	0.00325
393.2	0.0026
393.4	0.00208
393.6	0.00178
393.8	0.00164
394.0	0.00148
394.2	0.00137
394.4	0.00135
394.6	0.00131
394.8	0.00127
395.0	9.1206e-04
395.2	9.089e-04
395.4	9.5774e-04
395.6	0.00106
395.8	0.00118
396.0	0.00134
396.2	0.00157
396.4	0.00186
396.6	0.00224
396.8	0.00273
397.0	0.00336
397.2	0.0041
397.4	0.00517
397.6	0.00668
397.8	0.00925
398.0	0.0139
398.2	0.02354
398.4	0.03899
398.6	0.042
398.8	0.02561
399.0	0.01271
399.2	0.00692
399.4	0.00427
399.6	0.0029
399.8	0.00214
400.0	0.00162
400.2	0.00132
400.4	0.00108
400.6	9.5905e-04
400.8	8.449e-04
401.0	7.9492e-04
401.2	7.8181e-04
401.4	7.6562e-04
401.6	7.9937e-04
401.8	8.2351e-04
402.0	8.8742e-04
402.2	9.8057e-04
402.4	0.00104
402.6	0.00105
402.8	9.908e-04
403.0	8.4616e-04
403.2	6.6631e-04
403.4	5.0206e-04
403.6	3.6842e-04
403.8	2.8445e-04
404.0	2.1127e-04
404.2	1.8087e-04
404.4	1.3937e-04
404.6	1.2325e-04
404.8	1.0567e-04
405.0	9.5512e-05
405.2	9.7918e-05
405.4	1.0038e-04
405.6	1.0291e-04
405.8	1.0551e-04
406.0	1.0816e-04
406.2	1.1089e-04
406.4	1.1368e-04
406.6	1.1655e-04
406.8	1.1948e-04
407.0	1.2249e-04
407.2	1.2558e-04
407.4	1.2874e-04
407.6	1.3199e-04
407.8	1.3531e-04
408.0	1.3458e-04
408.2	1.3284e-04
408.4	1.3112e-04
408.6	1.2943e-04
408.8	1.2776e-04
409.0	1.2611e-04
409.2	1.2448e-04
409.4	1.2287e-04
409.6	1.2128e-04
409.8	1.1972e-04
410.0	1.1817e-04
410.2	1.1665e-04
410.4	1.1514e-04
410.6	1.1365e-04
410.8	1.1218e-04
411.0	1.1073e-04
411.2	1.093e-04
411.4	1.0789e-04
411.6	1.065e-04
411.8	1.0512e-04
412.0	1.0596e-04
412.2	1.0894e-04
412.4	1.1201e-04
412.6	1.1516e-04
412.8	1.1839e-04
413.0	1.2172e-04
413.2	1.2514e-04
413.4	1.2866e-04
413.6	1.3228e-04
413.8	1.36e-04
414.0	1.3982e-04
414.2	1.4375e-04
414.4	1.478e-04
414.6	1.5195e-04
414.8	1.5622e-04
415.0	1.6061e-04
415.2	1.8954e-04
415.4	2.1391e-04
415.6	2.0776e-04
415.8	2.0953e-04
416.0	2.0832e-04
416.2	1.9557e-04
416.4	1.786e-04
416.6	1.7981e-04
416.8	1.8735e-04
417.0	1.978e-04
417.2	2.0348e-04
417.4	2.3617e-04
417.6	2.6838e-04
417.8	3.5191e-04
418.0	4.9037e-04
418.2	8.4449e-04
418.4	0.00203
418.6	0.00629
418.8	0.00931
419.0	0.004
419.2	0.00155
419.4	8.9711e-04
419.6	6.082e-04
419.8	4.8943e-04
420.0	4.047e-04
420.2	3.6452e-04
420.4	3.6322e-04
420.6	3.7617e-04
420.8	3.6608e-04
421.0	4.0834e-04
421.2	4.4194e-04
421.4	5.2476e-04
421.6	6.4455e-04
421.8	8.7032e-04
422.0	0.00125
422.2	0.00203
422.4	0.00413
422.6	0.01474
422.8	0.11588
423.0	0.11523
423.2	0.01959
423.4	0.00666
423.6	0.0041
423.8	0.00305
424.0	0.00247
424.2	0.00219
424.4	0.0021
424.6	0.0021
424.8	0.00236
425.0	0.00282
425.2	0.00292
425.4	0.0042
425.6	0.00773
425.8	0.0224
426.0	0.10082
426.2	0.0989
426.4	0.02323
426.6	0.00795
426.8	0.00454
427.0	0.00317
427.2	0.00247
427.4	0.00215
427.6	0.0019
427.8	0.00182
428.0	0.00175
428.2	0.00177
428.4	0.00191
428.6	0.00203
428.8	0.00235
429.0	0.00281
429.2	0.00353
429.4	0.00483
429.6	0.00718
429.8	0.01187
430.0	0.02473
430.2	0.07238
430.4	0.2435
430.6	0.26658
430.8	0.10226
431.0	0.04399
431.2	0.02751
431.4	0.02098
431.6	0.01814
431.8	0.01735
432.0	0.01776
432.2	0.01973
432.4	0.02342
432.6	0.03017
432.8	0.04188
433.0	0.06458
433.2	0.11152
433.4	0.21438
433.6	0.39672
433.8	0.50943
434.0	0.42015
434.2	0.29086
434.4	0.21649
434.6	0.1831
434.8	0.17575
435.0	0.18911
435.2	0.226
435.4	0.30209
435.6	0.44006
435.8	0.64456
436.0	0.7806
436.2	0.69367
436.4	0.49615
436.6	0.34539
436.8	0.25718
437.0	0.21002
437.2	0.18447
437.4	0.17101
437.6	0.16093
437.8	0.14714
438.0	0.12466
438.2	0.09663
438.4	0.07004
438.6	0.04937
438.8	0.03511
439.0	0.02552
439.2	0.0193
439.4	0.01515
439.6	0.01234
439.8	0.0104
440.0	0.00906
440.2	0.00816
440.4	0.00759
440.6	0.00718
440.8	0.00705
441.0	0.00713
441.2	0.00737
441.4	0.00799
441.6	0.00889
441.8	0.01028
442.0	0.01236
442.2	0.01559
442.4	0.02089
442.6	0.02947
442.8	0.04398
443.0	0.06734
443.2	0.09582
443.4	0.11008
443.6	0.09745
443.8	0.07398
444.0	0.05514
444.2	0.04293
444.4	0.03562
444.6	0.03151
444.8	0.02943
445.0	0.029
445.2	0.03015
445.4	0.0328
445.6	0.03764
445.8	0.04516
446.0	0.05617
446.2	0.07119
446.4	0.08807
446.6	0.09913
446.8	0.09686
447.0	0.08313
447.2	0.06556
447.4	0.05133
447.6	0.04103
447.8	0.03438
448.0	0.03003
448.2	0.02738
448.4	0.02607
448.6	0.02585
448.8	0.02677
449.0	0.02894
449.2	0.03274
449.4	0.03918
449.6	0.04976
449.8	0.06798
450.0	0.1021
450.2	0.17258
450.4	0.32603
450.6	0.55959
450.8	0.59501
451.0	0.37566
451.2	0.20657
451.4	0.12575
451.6	0.08659
451.8	0.06563
452.0	0.05345
452.2	0.04624
452.4	0.04182
452.6	0.03957
452.8	0.03898
453.0	0.03974
453.2	0.04221
453.4	0.04652
453.6	0.05321
453.8	0.06349
454.0	0.07909
454.2	0.10358
454.4	0.14291
454.6	0.20864
454.8	0.31988
455.0	0.4977
455.2	0.70173
455.4	0.79602
455.6	0.69597
455.8	0.51899
456.0	0.37443
456.2	0.2773
456.4	0.21373
456.6	0.17073
456.8	0.1401
457.0	0.11759
457.2	0.10029
457.4	0.08682
457.6	0.0762
457.8	0.06773
458.0	0.06101
458.2	0.05589
458.4	0.05205
458.6	0.04949
458.8	0.04807
459.0	0.04779
459.2	0.04874
459.4	0.0514
459.6	0.05596
459.8	0.06328
460.0	0.07481
460.2	0.09313
460.4	0.12345
460.6	0.17589
460.8	0.26577
461.0	0.3924
461.2	0.46848
461.4	0.39441
461.6	0.25626
461.8	0.15754
462.0	0.10208
462.2	0.07111
462.4	0.05275
462.6	0.04152
462.8	0.03402
463.0	0.02897
463.2	0.02543
463.4	0.02297
463.6	0.02132
463.8	0.02027
464.0	0.01975
464.2	0.01971
464.4	0.02022
464.6	0.02114
464.8	0.02274
465.0	0.02508
465.2	0.02832
465.4	0.03289
465.6	0.03944
465.8	0.04871
466.0	0.06214
466.2	0.08226
466.4	0.11194
466.6	0.15542
466.8	0.21346
467.0	0.27752
467.2	0.32279
467.4	0.32635
467.6	0.29722
467.8	0.25608
468.0	0.22265
468.2	0.19683
468.4	0.17767
468.6	0.1664
468.8	0.16142
469.0	0.16294
469.2	0.16983
469.4	0.18396
469.6	0.20585
469.8	0.23818
470.0	0.28488
470.2	0.34914
470.4	0.43446
470.6	0.53681
470.8	0.64125
471.0	0.71234
471.2	0.72607
471.4	0.68639
471.6	0.61664
471.8	0.54708
472.0	0.48973
472.2	0.44948
472.4	0.42528
472.6	0.41762
472.8	0.4244
473.0	0.44812
473.2	0.49042
473.4	0.55415
473.6	0.64328
473.8	0.75301
474.0	0.86449
474.2	0.9327
474.4	0.91693
474.6	0.81515
474.8	0.67017
475.0	0.53245
475.2	0.42208
475.4	0.34027
475.6	0.28129
475.8	0.23944
476.0	0.20985
476.2	0.18927
476.4	0.1757
476.6	0.16739
476.8	0.16398
477.0	0.16488
477.2	0.17028
477.4	0.1809
477.6	0.19759
477.8	0.22142
478.0	0.25565
478.2	0.30182
478.4	0.3637
478.6	0.44078
478.8	0.52487
479.0	0.59174
479.2	0.61327
479.4	0.57574
479.6	0.49703
479.8	0.40864
480.0	0.33099
480.2	0.26927
480.4	0.2233
480.6	0.18926
480.8	0.16415
481.0	0.1457
481.2	0.13233
481.4	0.12266
481.6	0.11622
481.8	0.1119
482.0	0.11041
482.2	0.11024
482.4	0.11219
482.6	0.11604
482.8	0.12175
483.0	0.12974
483.2	0.13999
483.4	0.1528
483.6	0.16849
483.8	0.18714
484.0	0.20828
484.2	0.23198
484.4	0.25682
484.6	0.28159
484.8	0.30359
485.0	0.32131
485.2	0.33292
485.4	0.33878
485.6	0.33836
485.8	0.33383
486.0	0.32729
486.2	0.31959
486.4	0.31317
486.6	0.30839
486.8	0.30629
487.0	0.30731
487.2	0.31169
487.4	0.32026
487.6	0.33348
487.8	0.35179
488.0	0.37592
488.2	0.40618
488.4	0.44254
488.6	0.48572
488.8	0.53288
489.0	0.58038
489.2	0.62191
489.4	0.64865
489.6	0.6522
489.8	0.63091
490.0	0.58546
490.2	0.52602
490.4	0.46159
490.6	0.39877
490.8	0.34264
491.0	0.29486
491.2	0.2545
491.4	0.22105
491.6	0.19394
491.8	0.17153
492.0	0.15305
492.2	0.13808
492.4	0.1257
492.6	0.11546
492.8	0.10709
493.0	0.10041
493.2	0.09495
493.4	0.09068
493.6	0.08757
493.8	0.08528
494.0	0.08392
494.2	0.08354
494.4	0.08399
494.6	0.08546
494.8	0.08814
495.0	0.09207
495.2	0.09762
495.4	0.10474
495.6	0.11443
495.8	0.12728
496.0	0.1441
496.2	0.16616
496.4	0.19549
496.6	0.23351
496.8	0.27999
497.0	0.33352
497.2	0.3832
497.4	0.41127
497.6	0.40425
497.8	0.36081
498.0	0.30026
498.2	0.24007
498.4	0.18982
498.6	0.15089
498.8	0.12186
499.0	0.10023
499.2	0.08406
499.4	0.07198
499.6	0.06264
499.8	0.05545
500.0	0.04758
500.2	0.04221
500.4	0.03998
500.6	0.03849
500.8	0.03761
501.0	0.03747
501.2	0.03766
501.4	0.03834
501.6	0.03967
501.8	0.04148
502.0	0.04401
502.2	0.04687
502.4	0.0506
502.6	0.05544
502.8	0.06183
503.0	0.07032
503.2	0.08166
503.4	0.09674
503.6	0.11671
503.8	0.14366
504.0	0.17964
504.2	0.22759
504.4	0.28732
504.6	0.35446
504.8	0.41642
505.0	0.45249
505.2	0.45092
505.4	0.41403
505.6	0.36229
505.8	0.30952
506.0	0.264
506.2	0.22726
506.4	0.1988
506.6	0.17684
506.8	0.16024
507.0	0.14753
507.2	0.1379
507.4	0.13067
507.6	0.12549
507.8	0.12166
508.0	0.11922
508.2	0.11778
508.4	0.11713
508.6	0.11742
508.8	0.11821
509.0	0.11963
509.2	0.12093
509.4	0.12254
509.6	0.12426
509.8	0.12586
510.0	0.12741
510.2	0.1287
510.4	0.12981
510.6	0.13039
510.8	0.1308
511.0	0.13081
511.2	0.13026
511.4	0.12919
511.6	0.12756
511.8	0.1254
512.0	0.1227
512.2	0.1196
512.4	0.11608
512.6	0.11233
512.8	0.10821
513.0	0.10416
513.2	0.10017
513.4	0.09622
513.6	0.09254
513.8	0.08928
514.0	0.08644
514.2	0.08405
514.4	0.08217
514.6	0.08093
514.8	0.0804
515.0	0.08069
515.2	0.08168
515.4	0.08357
515.6	0.08661
515.8	0.09086
516.0	0.09649
516.2	0.10388
516.4	0.11326
516.6	0.12465
516.8	0.13897
517.0	0.15545
517.2	0.17373
517.4	0.19145
517.6	0.20577
517.8	0.21201
518.0	0.20795
518.2	0.19326
518.4	0.17156
518.6	0.1476
518.8	0.12456
519.0	0.10441
519.2	0.08798
519.4	0.07454
519.6	0.06411
519.8	0.05569
520.0	0.04788
520.2	0.04195
520.4	0.03822
520.6	0.03531
520.8	0.03308
521.0	0.03132
521.2	0.03004
521.4	0.02922
521.6	0.0287
521.8	0.02856
522.0	0.02874
522.2	0.02924
522.4	0.03013
522.6	0.03141
522.8	0.03311
523.0	0.03533
523.2	0.03808
523.4	0.0415
523.6	0.04569
523.8	0.05085
524.0	0.05693
524.2	0.06414
524.4	0.07246
524.6	0.08157
524.8	0.09124
525.0	0.10063
525.2	0.10857
525.4	0.11417
525.6	0.11659
525.8	0.11584
526.0	0.11218
526.2	0.10655
526.4	0.09997
526.6	0.09333
526.8	0.08699
527.0	0.08139
527.2	0.07659
527.4	0.07258
527.6	0.06946
527.8	0.06695
528.0	0.06534
528.2	0.06431
528.4	0.06397
528.6	0.06426
528.8	0.06513
529.0	0.06655
529.2	0.0686
529.4	0.0712
529.6	0.07447
529.8	0.07842
530.0	0.08365
530.2	0.08981
530.4	0.09558
530.6	0.1019
530.8	0.10868
531.0	0.11542
531.2	0.12238
531.4	0.12886
531.6	0.13481
531.8	0.14008
532.0	0.14425
532.2	0.14728
532.4	0.14893
532.6	0.14921
532.8	0.1482
533.0	0.14597
533.2	0.14248
533.4	0.13833
533.6	0.13301
533.8	0.12736
534.0	0.12125
534.2	0.11492
534.4	0.10853
534.6	0.10217
534.8	0.09598
535.0	0.09023
535.2	0.08494
535.4	0.07997
535.6	0.07547
535.8	0.07154
536.0	0.068
536.2	0.06499
536.4	0.06247
536.6	0.0604
536.8	0.05884
537.0	0.05774
537.2	0.05708
537.4	0.05692
537.6	0.05735
537.8	0.05825
538.0	0.05973
538.2	0.06199
538.4	0.06508
538.6	0.06912
538.8	0.07423
539.0	0.08078
539.2	0.08928
539.4	0.10031
539.6	0.11441
539.8	0.13309
540.0	0.16438
540.2	0.20845
540.4	0.26036
540.6	0.33153
540.8	0.42678
541.0	0.54653
541.2	0.67521
541.4	0.77293
541.6	0.79102
541.8	0.72554
542.0	0.61296
542.2	0.49733
542.4	0.40156
542.6	0.32791
542.8	0.27273
543.0	0.232
543.2	0.20166
543.4	0.17867
543.6	0.16165
543.8	0.14862
544.0	0.13898
544.2	0.13185
544.4	0.12689
544.6	0.12357
544.8	0.12187
545.0	0.12151
545.2	0.12221
545.4	0.12399
545.6	0.12692
545.8	0.13061
546.0	0.13521
546.2	0.14032
546.4	0.14588
546.6	0.15164
546.8	0.15753
547.0	0.16319
547.2	0.16858
547.4	0.17314
547.6	0.17696
547.8	0.17995
548.0	0.18238
548.2	0.18423
548.4	0.18585
548.6	0.18737
548.8	0.18941
549.0	0.19215
549.2	0.19585
549.4	0.20092
549.6	0.20787
549.8	0.21683
550.0	0.23037
550.2	0.24767
550.4	0.26658
550.6	0.28907
550.8	0.31604
551.0	0.34611
551.2	0.37876
551.4	0.41131
551.6	0.43911
551.8	0.45718
552.0	0.46022
552.2	0.44638
552.4	0.41743
552.6	0.37883
552.8	0.33593
553.0	0.29412
553.2	0.25622
553.4	0.22332
553.6	0.19553
553.8	0.17263
554.0	0.15375
554.2	0.13852
554.4	0.12621
554.6	0.1162
554.8	0.10845
555.0	0.10227
555.2	0.0975
555.4	0.0941
555.6	0.09171
555.8	0.09037
556.0	0.08982
556.2	0.09011
556.4	0.09108
556.6	0.09252
556.8	0.09448
557.0	0.09666
557.2	0.09895
557.4	0.101
557.6	0.10252
557.8	0.10309
558.0	0.10266
558.2	0.10079
558.4	0.09764
558.6	0.09332
558.8	0.08798
559.0	0.08213
559.2	0.07609
559.4	0.07003
559.6	0.06437
559.8	0.05908
560.0	0.05437
560.2	0.05013
560.4	0.04637
560.6	0.0431
560.8	0.04029
561.0	0.03779
561.2	0.03576
561.4	0.034
561.6	0.03253
561.8	0.03132
562.0	0.03044
562.2	0.02973
562.4	0.02925
562.6	0.02896
562.8	0.02895
563.0	0.02912
563.2	0.02951
563.4	0.03015
563.6	0.03105
563.8	0.03227
564.0	0.03376
564.2	0.03561
564.4	0.03798
564.6	0.04088
564.8	0.04444
565.0	0.04884
565.2	0.05426
565.4	0.06096
565.6	0.06931
565.8	0.07991
566.0	0.09339
566.2	0.11077
566.4	0.13334
566.6	0.16304
566.8	0.20223
567.0	0.25292
567.2	0.31745
567.4	0.39395
567.6	0.47314
567.8	0.53662
568.0	0.56418
568.2	0.54679
568.4	0.49642
568.6	0.43226
568.8	0.36941
569.0	0.31554
569.2	0.27173
569.4	0.23715
569.6	0.21022
569.8	0.18964
570.0	0.17206
570.2	0.15897
570.4	0.15074
570.6	0.14511
570.8	0.1413
571.0	0.13973
571.2	0.13997
571.4	0.14212
571.6	0.14604
571.8	0.15203
572.0	0.16025
572.2	0.17086
572.4	0.18424
572.6	0.20086
572.8	0.22095
573.0	0.24534
573.2	0.27363
573.4	0.30659
573.6	0.34331
573.8	0.38278
574.0	0.42284
574.2	0.46016
574.4	0.49181
574.6	0.51396
574.8	0.52603
575.0	0.52785
575.2	0.52106
575.4	0.5093
575.6	0.49582
575.8	0.48278
576.0	0.47227
576.2	0.46623
576.4	0.46522
576.6	0.47022
576.8	0.48254
577.0	0.50245
577.2	0.53196
577.4	0.57087
577.6	0.62047
577.8	0.68
578.0	0.74574
578.2	0.80978
578.4	0.85761
578.6	0.87328
578.8	0.84336
579.0	0.77355
579.2	0.67777
579.4	0.57577
579.6	0.48177
579.8	0.40181
580.0	0.3374
580.2	0.28617
580.4	0.24641
580.6	0.21605
580.8	0.19262
581.0	0.17496
581.2	0.16207
581.4	0.15307
581.6	0.14738
581.8	0.1447
582.0	0.14524
582.2	0.14908
582.4	0.15627
582.6	0.16774
582.8	0.18441
583.0	0.20705
583.2	0.23609
583.4	0.27033
583.6	0.30318
583.8	0.32244
584.0	0.31408
584.2	0.27462
584.4	0.22041
584.6	0.16706
584.8	0.12417
585.0	0.09263
585.2	0.07007
585.4	0.0541
585.6	0.04267
585.8	0.0343
586.0	0.02818
586.2	0.02354
586.4	0.02002
586.6	0.01731
586.8	0.01522
587.0	0.01359
587.2	0.01227
587.4	0.01128
587.6	0.01051
587.8	0.00994
588.0	0.00957
588.2	0.00929
588.4	0.00922
588.6	0.00926
588.8	0.0095
589.0	0.00992
589.2	0.01056
589.4	0.0115
589.6	0.01289
589.8	0.01487
590.0	0.01745
590.2	0.02121
590.4	0.02759
590.6	0.03817
590.8	0.05604
591.0	0.08454
591.2	0.11427
591.4	0.11378
591.6	0.07952
591.8	0.04783
592.0	0.02914
592.2	0.01882
592.4	0.01296
592.6	0.00944
592.8	0.00715
593.0	0.00561
593.2	0.00455
593.4	0.00377
593.6	0.00319
593.8	0.00278
594.0	0.00247
594.2	0.00223
594.4	0.00207
594.6	0.00194
594.8	0.00187
595.0	0.00185
595.2	0.00188
595.4	0.00194
595.6	0.00206
595.8	0.00228
596.0	0.00264
596.2	0.00318
596.4	0.00408
596.6	0.00564
596.8	0.00831
597.0	0.01212
597.2	0.01367
597.4	0.01016
597.6	0.00563
597.8	0.003
598.0	0.00171
598.2	0.00107
598.4	7.1518e-04
598.6	4.9786e-04
598.8	3.5764e-04
599.0	2.6493e-04
599.2	2.0495e-04
599.4	1.6016e-04
599.6	1.2504e-04
599.8	1.0013e-04
600.0	6.1628e-05
600.2	5.5589e-05
600.4	5.0143e-05
600.6	4.523e-05
600.8	4.0798e-05
601.0	3.6139e-05
601.2	3.1446e-05
601.4	2.7364e-05
601.6	2.3811e-05
601.8	2.0719e-05
602.0	1.8029e-05
602.2	1.5689e-05
602.4	1.3652e-05
602.6	1.1879e-05
602.8	1.0707e-05
603.0	9.7765e-06
603.2	8.9271e-06
603.4	8.1514e-06
603.6	7.4431e-06
603.8	6.7964e-06
604.0	6.2059e-06
604.2	5.6667e-06
604.4	5.1743e-06
604.6	4.8812e-06
604.8	4.6118e-06
605.0	4.3573e-06
605.2	4.1168e-06
605.4	3.8896e-06
605.6	3.675e-06
605.8	3.4722e-06
606.0	3.2805e-06
606.2	3.0831e-06
606.4	2.8309e-06
606.6	2.5992e-06
606.8	2.3866e-06
607.0	2.3477e-06
607.2	2.3968e-06
607.4	2.447e-06
607.6	2.4981e-06
607.8	2.5504e-06
608.0	2.5835e-06
608.2	2.5884e-06
608.4	2.5933e-06
608.6	2.5983e-06
608.8	2.6032e-06
609.0	2.6081e-06
609.2	2.6131e-06
609.4	2.5896e-06
609.6	2.542e-06
609.8	2.5643e-06
610.0	2.6251e-06
610.2	2.6873e-06
610.4	2.751e-06
610.6	2.8162e-06
610.8	2.883e-06
611.0	2.9513e-06
611.2	3.0213e-06
611.4	3.0929e-06
611.6	3.1662e-06
611.8	3.2229e-06
612.0	3.2557e-06
612.2	3.2887e-06
612.4	3.3222e-06
612.6	3.3559e-06
612.8	3.39e-06
613.0	3.4244e-06
613.2	3.4592e-06
613.4	3.4944e-06
613.6	3.5299e-06
613.8	3.5657e-06
614.0	3.6019e-06
614.2	3.6121e-06
614.4	3.5667e-06
614.6	3.5219e-06
614.8	3.4776e-06
615.0	3.4339e-06
615.2	3.3908e-06
615.4	3.3482e-06
615.6	3.3061e-06
615.8	3.2645e-06
616.0	3.2235e-06
616.2	3.183e-06
616.4	3.143e-06
616.6	3.1047e-06
616.8	3.0714e-06
617.0	2.9557e-06
617.2	2.8626e-06
617.4	2.8658e-06
617.6	2.9009e-06
617.8	2.8991e-06
618.0	2.784e-06
618.2	2.7495e-06
618.4	2.7386e-06
618.6	2.7825e-06
618.8	2.7621e-06
619.0	2.7462e-06
619.2	2.7694e-06
619.4	2.8018e-06
619.6	2.811e-06
619.8	2.9091e-06
620.0	2.9737e-06
620.2	2.9816e-06
620.4	2.9796e-06
620.6	3.0075e-06
620.8	3.0783e-06
621.0	3.1395e-06
621.2	3.238e-06
621.4	3.2056e-06
621.6	3.3297e-06
621.8	3.4348e-06
622.0	3.3494e-06
622.2	3.5368e-06
622.4	3.5503e-06
622.6	3.4766e-06
622.8	3.603e-06
623.0	3.6825e-06
623.2	3.6596e-06
623.4	3.5835e-06
623.6	3.635e-06
623.8	3.476e-06
624.0	3.3209e-06
624.2	3.3419e-06
624.4	3.3199e-06
624.6	3.2104e-06
624.8	3.1643e-06
625.0	3.0968e-06
625.2	3.0153e-06
625.4	2.948e-06
625.6	2.7743e-06
625.8	2.6752e-06
626.0	2.6948e-06
626.2	2.5461e-06
626.4	2.4848e-06
626.6	2.5135e-06
626.8	2.3698e-06
627.0	2.4022e-06
627.2	2.5051e-06
627.4	2.4456e-06
627.6	2.357e-06
627.8	2.3968e-06
628.0	2.3648e-06
628.2	2.3337e-06
628.4	2.243e-06
628.6	2.1548e-06
628.8	2.207e-06
629.0	2.4387e-06
629.2	2.4169e-06
629.4	2.3616e-06
629.6	2.3137e-06
629.8	2.3386e-06
630.0	2.4506e-06
630.2	2.6098e-06
630.4	2.6285e-06
630.6	2.5323e-06
630.8	2.6184e-06
631.0	2.8111e-06
631.2	2.8513e-06
631.4	2.844e-06
631.6	2.8947e-06
631.8	2.9664e-06
632.0	3.0387e-06
632.2	3.115e-06
632.4	3.1823e-06
632.6	3.2735e-06
632.8	3.3963e-06
633.0	3.433e-06
633.2	3.3979e-06
633.4	3.3745e-06
633.6	3.4325e-06
633.8	3.5051e-06
634.0	3.5546e-06
634.2	3.7164e-06
634.4	3.6473e-06
634.6	3.5369e-06
634.8	3.4029e-06
635.0	3.3673e-06
635.2	3.4222e-06
635.4	3.3773e-06
635.6	3.3761e-06
635.8	3.2814e-06
636.0	3.3044e-06
636.2	3.2141e-06
636.4	3.084e-06
636.6	3.0042e-06
636.8	2.9065e-06
637.0	2.8642e-06
637.2	2.8222e-06
637.4	2.7643e-06
637.6	2.768e-06
637.8	2.8253e-06
638.0	2.8391e-06
638.2	2.7558e-06
638.4	2.8191e-06
638.6	2.8032e-06
638.8	2.696e-06
639.0	2.7185e-06
639.2	2.8285e-06
639.4	2.8034e-06
639.6	2.8536e-06
639.8	2.7631e-06
640.0	2.8869e-06
640.2	2.8983e-06
640.4	2.8879e-06
640.6	2.9105e-06
640.8	2.8367e-06
641.0	2.6672e-06
641.2	2.6915e-06
641.4	2.6712e-06
641.6	2.5369e-06
641.8	2.377e-06
642.0	2.2671e-06
642.2	2.183e-06
642.4	2.0248e-06
642.6	1.8543e-06
642.8	1.6662e-06
643.0	1.5265e-06
643.2	1.4018e-06
643.4	1.2571e-06
643.6	1.1514e-06
643.8	9.7828e-07
644.0	9.4364e-07
644.2	9.1645e-07
644.4	8.3392e-07
644.6	7.2593e-07
644.8	6.5332e-07
645.0	6.1675e-07
645.2	5.5325e-07
645.4	5.6863e-07
645.6	5.6641e-07
645.8	5.2311e-07
646.0	4.4862e-07
646.2	3.7523e-07
646.4	3.2855e-07
646.6	3.9264e-07
646.8	3.0667e-07
647.0	2.7011e-07
647.2	2.6773e-07
647.4	2.5031e-07
647.6	1.3918e-07
647.8	2.1143e-07
648.0	2.3723e-07
648.2	2.3853e-07
648.4	2.3781e-07
648.6	2.371e-07
648.8	2.3269e-07
649.0	2.0793e-07
649.2	1.6301e-07
649.4	1.7237e-07
649.6	1.8185e-07
649.8	2.2044e-07
650.0	2.3506e-07
650.2	1.7702e-07
650.4	2.2513e-07
650.6	1.9313e-07
650.8	1.6697e-07
651.0	1.8718e-07
651.2	2.2356e-07
651.4	2.3407e-07
651.6	1.8228e-07
651.8	1.8244e-07
652.0	1.8261e-07
652.2	2.4085e-07
652.4	2.3336e-07
652.6	2.3235e-07
652.8	2.6455e-07
653.0	2.648e-07
653.2	2.8142e-07
653.4	2.7601e-07
653.6	2.9632e-07
653.8	2.8453e-07
654.0	2.6295e-07
654.2	2.6204e-07
654.4	2.9584e-07
654.6	3.4362e-07
654.8	3.7418e-07
655.0	3.3303e-07
655.2	3.7581e-07
655.4	4.5777e-07
655.6	5.0198e-07
655.8	6.103e-07
656.0	6.0456e-07
656.2	5.862e-07
656.4	6.416e-07
656.6	6.8985e-07
656.8	7.1713e-07
657.0	7.909e-07
657.2	9.3647e-07
657.4	9.9352e-07
657.6	1.1152e-06
657.8	1.2561e-06
658.0	1.4122e-06
658.2	1.6132e-06
658.4	1.795e-06
658.6	1.8679e-06
658.8	2.0946e-06
659.0	2.214e-06
659.2	2.3478e-06
659.4	2.4752e-06
659.6	2.496e-06
659.8	2.7107e-06
660.0	2.7596e-06
660.2	2.7745e-06
660.4	2.7948e-06
660.6	2.7707e-06
660.8	2.7124e-06
661.0	2.7328e-06
661.2	2.8835e-06
661.4	2.8254e-06
661.6	2.8611e-06
661.8	2.8486e-06
662.0	2.8657e-06
662.2	2.9988e-06
662.4	2.9658e-06
662.6	3.0607e-06
662.8	2.9535e-06
663.0	2.9984e-06
663.2	3.0856e-06
663.4	3.137e-06
663.6	3.2426e-06
663.8	3.2486e-06
664.0	3.3832e-06
664.2	3.4058e-06
664.4	3.4602e-06
664.6	3.4791e-06
664.8	3.4457e-06
665.0	3.4837e-06
665.2	3.3575e-06
665.4	3.2588e-06
665.6	3.3562e-06
665.8	3.2523e-06
666.0	3.0218e-06
666.2	2.9811e-06
666.4	3.0019e-06
666.6	2.7326e-06
666.8	2.7423e-06
667.0	2.5956e-06
667.2	2.4455e-06
667.4	2.3255e-06
667.6	2.1388e-06
667.8	1.9189e-06
668.0	1.8857e-06
668.2	1.8918e-06
668.4	1.8207e-06
668.6	1.757e-06
668.8	1.7262e-06
669.0	1.7022e-06
669.2	1.7471e-06
669.4	1.5856e-06
669.6	1.6488e-06
669.8	1.6909e-06
670.0	1.703e-06
670.2	1.729e-06
670.4	1.8742e-06
670.6	1.9174e-06
670.8	1.9842e-06
671.0	2.0824e-06
671.2	2.1438e-06
671.4	2.214e-06
671.6	2.3543e-06
671.8	2.4775e-06
672.0	2.5305e-06
672.2	2.7628e-06
672.4	2.9764e-06
672.6	3.0784e-06
672.8	3.0801e-06
673.0	3.0617e-06
673.2	3.0165e-06
673.4	3.0769e-06
673.6	2.749e-06
673.8	2.5336e-06
674.0	2.2963e-06
674.2	2.0154e-06
674.4	1.7548e-06
674.6	1.3525e-06
674.8	1.1527e-06
675.0	1.0534e-06
675.2	9.583e-07
675.4	8.1416e-07
675.6	6.3968e-07
675.8	4.9363e-07
676.0	4.8236e-07
676.2	4.5279e-07
676.4	4.0997e-07
676.6	3.5565e-07
676.8	3.0504e-07
677.0	2.7125e-07
677.2	2.7136e-07
677.4	2.4215e-07
677.6	1.8568e-07
677.8	1.71e-07
678.0	1.7783e-07
678.2	1.8577e-07
678.4	1.7974e-07
678.6	1.9666e-07
678.8	1.4883e-07
679.0	1.5422e-07
679.2	1.1456e-07
679.4	1.1879e-07
679.6	1.5033e-07
679.8	1.253e-07
680.0	9.9588e-08
680.2	8.9987e-08
680.4	1.0268e-07
680.6	8.7473e-08
680.8	9.9221e-08
681.0	1.413e-07
681.2	1.0799e-07
681.4	9.9165e-08
681.6	1.0652e-07
681.8	1.0147e-07
682.0	7.808e-08
682.2	8.2633e-08
682.4	1.261e-07
682.6	1.0906e-07
682.8	1.1622e-07
683.0	1.0901e-07
683.2	1.0001e-07
683.4	1.0791e-07
683.6	9.8681e-08
683.8	7.0509e-08
684.0	1.3131e-07
684.2	1.4036e-07
684.4	1.6643e-07
684.6	1.8466e-07
684.8	1.792e-07
685.0	1.8876e-07
685.2	2.3683e-07
685.4	2.25e-07
685.6	2.399e-07
685.8	2.8726e-07
686.0	3.265e-07
686.2	3.8334e-07
686.4	4.481e-07
686.6	4.977e-07
686.8	5.0141e-07
687.0	5.7178e-07
687.2	6.3135e-07
687.4	6.9713e-07
687.6	7.6975e-07
687.8	8.4995e-07
688.0	9.3849e-07
688.2	1.0308e-06
688.4	1.121e-06
688.6	1.2192e-06
688.8	1.3259e-06
689.0	1.442e-06
689.2	1.5683e-06
689.4	1.7056e-06
689.6	1.8549e-06
689.8	2.0173e-06
690.0	2.194e-06
690.2	2.3861e-06
690.4	2.595e-06
690.6	2.7559e-06
690.8	2.769e-06
691.0	2.7821e-06
691.2	2.7953e-06
691.4	2.8085e-06
691.6	2.8218e-06
691.8	2.8352e-06
692.0	2.8486e-06
692.2	2.8621e-06
692.4	2.8756e-06
692.6	2.8892e-06
692.8	2.9029e-06
693.0	2.9134e-06
693.2	2.9143e-06
693.4	2.9151e-06
693.6	2.916e-06
693.8	2.9169e-06
694.0	2.9177e-06
694.2	2.9186e-06
694.4	2.9195e-06
694.6	2.9203e-06
694.8	2.9212e-06
695.0	2.9221e-06
695.2	2.9229e-06
695.4	2.9139e-06
695.6	2.8693e-06
695.8	2.8254e-06
696.0	2.7821e-06
696.2	2.7395e-06
696.4	2.6975e-06
696.6	2.6562e-06
696.8	2.6155e-06
697.0	2.5754e-06
697.2	2.536e-06
697.4	2.4971e-06
697.6	2.4589e-06
697.8	2.4212e-06
698.0	2.3841e-06
698.2	2.3519e-06
698.4	2.329e-06
698.6	2.3064e-06
698.8	2.2839e-06
699.0	2.2617e-06
699.2	2.2397e-06
699.4	2.2179e-06
699.6	2.1963e-06
699.8	2.1749e-06
700.0	2.1538e-06
700.2	2.1328e-06
700.4	2.112e-06
700.6	1.9793e-06
700.8	1.6152e-06
701.0	1.3181e-06
701.2	1.0756e-06
701.4	8.7778e-07
701.6	7.1632e-07
701.8	5.8456e-07
702.0	4.7703e-07
702.2	3.8928e-07
702.4	3.1768e-07
702.6	2.5924e-07
702.8	2.1156e-07
703.0	1.6873e-07
703.2	1.254e-07
703.4	9.3194e-08
703.6	6.926e-08
703.8	5.1473e-08
704.0	3.8254e-08
704.2	2.843e-08
704.4	2.1128e-08
704.6	1.5702e-08
704.8	1.167e-08
705.0	8.6727e-09
705.2	6.4454e-09
705.4	5.1501e-09
705.6	5.4048e-09
705.8	5.6721e-09
706.0	5.9526e-09
706.2	6.247e-09
706.4	6.5559e-09
706.6	6.8801e-09
706.8	7.2204e-09
707.0	7.5774e-09
707.2	7.9522e-09
707.4	8.3454e-09
707.6	8.7581e-09
707.8	9.1912e-09
708.0	9.6458e-09
708.2	9.7599e-09
708.4	9.1997e-09
708.6	8.6716e-09
708.8	8.1739e-09
709.0	7.7047e-09
709.2	7.2625e-09
709.4	6.8457e-09
709.6	6.4527e-09
709.8	6.0824e-09
710.0	5.7333e-09
710.2	5.4042e-09
710.4	5.094e-09
710.6	4.8865e-09
710.8	4.8782e-09
711.0	4.87e-09
711.2	4.8618e-09
711.4	4.8537e-09
711.6	4.8455e-09
711.8	4.8373e-09
712.0	4.8292e-09
712.2	4.8211e-09
712.4	4.813e-09
712.6	4.8049e-09
712.8	4.7968e-09
713.0	4.789e-09
713.2	4.7819e-09
713.4	4.7749e-09
713.6	4.7678e-09
713.8	4.7608e-09
714.0	4.7538e-09
714.2	4.7468e-09
714.4	4.7397e-09
714.6	4.7328e-09
714.8	4.7258e-09
715.0	4.7188e-09
715.2	4.7118e-09
715.4	4.7039e-09
715.6	4.6932e-09
715.8	4.6825e-09
716.0	4.6719e-09
716.2	4.6612e-09
716.4	4.6506e-09
716.6	4.64e-09
716.8	4.6294e-09
717.0	4.6189e-09
717.2	4.6084e-09
717.4	4.5979e-09
717.6	4.5874e-09
717.8	4.5769e-09
718.0	4.5665e-09
718.2	4.848e-09
718.4	5.9494e-09
718.6	7.3011e-09
718.8	8.9598e-09
719.0	1.0995e-08
719.2	1.3493e-08
719.4	1.6559e-08
719.6	2.0321e-08
719.8	2.4937e-08
720.0	3.0603e-08
720.2	3.7555e-08
720.4	4.6087e-08
720.6	5.0586e-08
720.8	4.1062e-08
721.0	3.3331e-08
721.2	2.7056e-08
721.4	2.1962e-08
721.6	1.7827e-08
721.8	1.4471e-08
722.0	1.1746e-08
722.2	9.5347e-09
722.4	7.7396e-09
722.6	6.2825e-09
722.8	5.0996e-09
723.0	4.3595e-09
723.2	4.353e-09
723.4	4.3464e-09
723.6	4.3399e-09
723.8	4.3334e-09
724.0	4.327e-09
724.2	4.3205e-09
724.4	4.314e-09
724.6	4.3076e-09
724.8	4.3011e-09
725.0	4.2947e-09
725.2	4.2883e-09
725.4	4.2816e-09
725.6	4.2743e-09
725.8	4.267e-09
726.0	4.2597e-09
726.2	4.2524e-09
726.4	4.2452e-09
726.6	4.2379e-09
726.8	4.2307e-09
727.0	4.2234e-09
727.2	4.2162e-09
727.4	4.209e-09
727.6	4.2018e-09
727.8	4.1946e-09
728.0	4.1875e-09
728.2	4.1804e-09
728.4	4.1736e-09
728.6	4.1668e-09
728.8	4.16e-09
729.0	4.1532e-09
729.2	4.1465e-09
729.4	4.1397e-09
729.6	4.133e-09
729.8	4.1262e-09
730.0	4.1195e-09
730.2	4.1128e-09
730.4	4.1061e-09
730.6	4.0997e-09
730.8	4.0941e-09
731.0	4.0885e-09
731.2	4.0829e-09
731.4	4.0774e-09
731.6	4.0718e-09
731.8	4.0663e-09
732.0	4.0607e-09
732.2	4.0552e-09
732.4	4.0496e-09
732.6	4.0441e-09
732.8	4.0386e-09
733.0	4.0333e-09
733.2	4.0288e-09
733.4	4.0243e-09
733.6	4.0198e-09
733.8	4.0152e-09
734.0	4.0107e-09
734.2	4.0062e-09
734.4	4.0017e-09
734.6	3.9972e-09
734.8	3.9927e-09
735.0	3.9882e-09
735.2	3.9838e-09
735.4	3.9787e-09
735.6	3.9718e-09
735.8	3.9648e-09
736.0	3.9579e-09
736.2	3.951e-09
736.4	3.9442e-09
736.6	3.9373e-09
736.8	3.9304e-09
737.0	3.9236e-09
737.2	3.9167e-09
737.4	3.9099e-09
737.6	3.9031e-09
737.8	3.8963e-09
738.0	3.8895e-09
738.2	3.8832e-09
738.4	3.878e-09
738.6	3.8728e-09
738.8	3.8677e-09
739.0	3.8625e-09
739.2	3.8573e-09
739.4	3.8522e-09
739.6	3.847e-09
739.8	3.8419e-09
740.0	3.8367e-09
740.2	3.8316e-09
740.4	3.8265e-09
740.6	3.8219e-09
740.8	3.8187e-09
741.0	3.8155e-09
741.2	3.8123e-09
741.4	3.8091e-09
741.6	3.8059e-09
741.8	3.8027e-09
742.0	3.7995e-09
742.2	3.7963e-09
742.4	3.7931e-09
742.6	3.7899e-09
742.8	3.7867e-09
743.0	3.9257e-09
743.2	4.4855e-09
743.4	5.1251e-09
743.6	5.8559e-09
743.8	6.6909e-09
744.0	7.6449e-09
744.2	8.7351e-09
744.4	9.9806e-09
744.6	1.1404e-08
744.8	1.303e-08
745.0	1.4888e-08
745.2	1.7011e-08
745.4	1.8151e-08
745.6	1.6172e-08
745.8	1.4409e-08
746.0	1.2838e-08
746.2	1.1438e-08
746.4	1.0191e-08
746.6	9.0796e-09
746.8	8.0896e-09
747.0	7.2076e-09
747.2	6.4217e-09
747.4	5.7215e-09
747.6	5.0976e-09
747.8	4.5418e-09
748.0	4.0466e-09
748.2	3.7229e-09
748.4	3.7196e-09
748.6	3.7163e-09
748.8	3.713e-09
749.0	3.7097e-09
749.2	3.7064e-09
749.4	3.7031e-09
749.6	3.6999e-09
749.8	3.6966e-09
750.0	3.6933e-09
750.2	3.69e-09
750.4	3.6868e-09
750.6	3.6836e-09
750.8	3.6807e-09
751.0	3.6778e-09
751.2	3.6749e-09
751.4	3.672e-09
751.6	3.6691e-09
751.8	3.6662e-09
752.0	3.6633e-09
752.2	3.6605e-09
752.4	3.6576e-09
752.6	3.6547e-09
752.8	3.6518e-09
753.0	3.649e-09
753.2	3.6461e-09
753.4	3.6432e-09
753.6	3.6404e-09
753.8	3.6375e-09
754.0	3.6346e-09
754.2	3.797e-09
754.4	4.0197e-09
754.6	4.2555e-09
754.8	4.5051e-09
755.0	4.7693e-09
755.2	5.0491e-09
755.4	5.3452e-09
755.6	5.6587e-09
755.8	5.9907e-09
756.0	6.342e-09
756.2	6.714e-09
756.4	7.1078e-09
756.6	7.557e-09
756.8	8.0445e-09
757.0	8.5635e-09
757.2	9.116e-09
757.4	9.7041e-09
757.6	1.033e-08
757.8	1.0997e-08
758.0	1.1706e-08
758.2	1.2461e-08
758.4	1.3265e-08
758.6	1.4121e-08
758.8	1.5032e-08
759.0	1.6002e-08
759.2	1.7034e-08
759.4	1.8133e-08
759.6	1.9303e-08
759.8	2.0548e-08
760.0	2.0634e-08
760.2	1.7767e-08
760.4	1.5298e-08
760.6	1.3172e-08
760.8	1.1341e-08
761.0	9.765e-09
761.2	8.4079e-09
761.4	7.2394e-09
761.6	6.2333e-09
761.8	5.3671e-09
762.0	4.6212e-09
762.2	3.979e-09
762.4	3.7634e-09
762.6	4.5055e-09
762.8	5.394e-09
763.0	6.4576e-09
763.2	7.731e-09
763.4	9.2555e-09
763.6	1.1081e-08
763.8	1.3266e-08
764.0	1.5881e-08
764.2	1.5879e-08
764.4	3.8557e-08
764.6	2.4332e-08
764.8	1.5914e-08
765.0	2.7406e-08
765.2	1.6971e-07
765.4	6.6735e-08
765.6	1.2187e-07
765.8	1.1672e-07
766.0	8.3025e-08
766.2	6.4548e-08
766.4	5.1714e-08
766.6	1.6953e-08
766.8	5.6172e-08
767.0	1.897e-08
767.2	1.6263e-08
767.4	2.3372e-08
767.6	2.6045e-08
767.8	1.8933e-08
768.0	4.6007e-08
768.2	3.3862e-08
768.4	1.8192e-08
768.6	1.6457e-08
768.8	1.6499e-08
769.0	1.6541e-08
769.2	1.658e-08
769.4	1.6607e-08
769.6	1.6671e-08
769.8	1.6714e-08
770.0	1.673e-08
770.2	2.6738e-08
770.4	3.8988e-08
770.6	1.6828e-08
770.8	1.6878e-08
771.0	3.1298e-08
771.2	2.0946e-08
771.4	1.6985e-08
771.6	1.6991e-08
771.8	2.7848e-08
772.0	1.8325e-07
772.2	4.6395e-08
772.4	3.8641e-08
772.6	3.6089e-08
772.8	3.4415e-08
773.0	4.8498e-08
773.2	8.6422e-08
773.4	8.6277e-08
773.6	9.9889e-08
773.8	1.1648e-07
774.0	7.1845e-08
774.2	1.1611e-07
774.4	2.4431e-07
774.6	2.1778e-07
774.8	2.8896e-07
775.0	2.3193e-07
775.2	2.9901e-07
775.4	4.7433e-07
775.6	6.5032e-07
775.8	7.1364e-07
776.0	6.2555e-07
776.2	8.9549e-07
776.4	1.1902e-06
776.6	1.3969e-06
776.8	1.6042e-06
777.0	1.9373e-06
777.2	2.3439e-06
777.4	2.8135e-06
777.6	3.8448e-06
777.8	4.8058e-06
778.0	6.1202e-06
778.2	7.8105e-06
778.4	1.0025e-05
778.6	1.3224e-05
778.8	1.7214e-05
779.0	2.3749e-05
779.2	3.2354e-05
779.4	4.4514e-05
779.6	6.0903e-05
779.8	8.6044e-05
780.0	1.2447e-04
780.2	1.8037e-04
780.4	2.7181e-04
780.6	4.1276e-04
780.8	6.6577e-04
781.0	0.00114
781.2	0.00188
781.4	0.00324
781.6	0.00591
781.8	0.01117
782.0	0.02229
782.2	0.04691
782.4	0.09859
782.6	0.20404
782.8	0.37038
783.0	0.54919
783.2	0.68519
783.4	0.78032
783.6	0.85762
783.8	0.91796
784.0	0.95087
784.2	0.95761
784.4	0.95186
784.6	0.94605
784.8	0.94696
785.0	0.94715
785.2	0.92429
785.4	0.84428
785.6	0.68429
785.8	0.46534
786.0	0.26982
786.2	0.14042
786.4	0.07064
786.6	0.03299
786.8	0.0171
787.0	0.00923
787.2	0.00519
787.4	0.00306
787.6	0.00187
787.8	0.00118
788.0	7.1103e-04
788.2	4.4002e-04
788.4	2.9081e-04
788.6	1.9746e-04
788.8	1.3644e-04
789.0	9.566e-05
789.2	6.8153e-05
789.4	4.8716e-05
789.6	3.5074e-05
789.8	2.5596e-05
790.0	1.8692e-05
790.2	1.4297e-05
790.4	1.1104e-05
790.6	8.5393e-06
790.8	6.7831e-06
791.0	5.4872e-06
791.2	4.0433e-06
791.4	3.3731e-06
791.6	2.604e-06
791.8	2.018e-06
792.0	1.7261e-06
792.2	1.3588e-06
792.4	1.0103e-06
792.6	9.7679e-07
792.8	7.7273e-07
793.0	6.6751e-07
793.2	5.4449e-07
793.4	3.6829e-07
793.6	2.6798e-07
793.8	1.1885e-07
794.0	1.446e-07
794.2	4.0355e-08
794.4	4.4245e-08
794.6	1.0257e-07
794.8	9.9834e-08
795.0	2.7887e-08
795.2	3.1041e-08
795.4	3.4552e-08
795.6	3.8459e-08
795.8	4.2809e-08
796.0	4.765e-08
796.2	6.6702e-08
796.4	6.2928e-08
796.6	5.9368e-08
796.8	5.6009e-08
797.0	5.284e-08
797.2	4.9851e-08
797.4	3.7208e-08
797.6	3.9242e-08
797.8	4.1387e-08
798.0	4.3649e-08
798.2	4.6035e-08
798.4	4.8551e-08
798.6	6.116e-08
798.8	5.3236e-08
799.0	4.6339e-08
799.2	4.0336e-08
799.4	3.511e-08
799.6	3.0561e-08
799.8	3.5668e-08
800.0	3.1869e-08
800.2	2.8475e-08
800.4	2.5443e-08
800.6	2.2733e-08
800.8	2.0312e-08
801.0	1.3691e-08
801.2	1.2872e-08
801.4	1.2102e-08
801.6	1.1378e-08
801.8	1.0698e-08
802.0	1.0058e-08
802.2	9.926e-09
802.4	1.2933e-08
802.6	1.685e-08
802.8	2.1954e-08
803.0	2.8604e-08
803.2	3.7269e-08
803.4	2.1115e-08
803.6	2.2543e-08
803.8	2.4067e-08
804.0	2.5695e-08
804.2	2.7432e-08
804.4	2.9287e-08
804.6	3.5928e-08
804.8	2.8074e-08
805.0	2.1937e-08
805.2	1.7142e-08
805.4	1.3395e-08
805.6	1.0467e-08
805.8	2.2239e-08
806.0	1.9053e-08
806.2	1.6322e-08
806.4	1.3983e-08
806.6	1.198e-08
806.8	1.0263e-08
807.0	9.8967e-09
807.2	1.2912e-08
807.4	1.6846e-08
807.6	2.1979e-08
807.8	2.8675e-08
808.0	3.7412e-08
808.2	5.209e-08
808.4	3.7997e-08
808.6	2.7717e-08
808.8	2.0219e-08
809.0	1.4749e-08
809.2	1.0758e-08
809.4	9.8838e-09
809.6	9.8745e-09
809.8	9.8653e-09
810.0	9.8561e-09
810.2	9.8469e-09
810.4	9.8377e-09
810.6	1.5721e-08
810.8	1.4399e-08
811.0	1.3188e-08
811.2	1.2079e-08
811.4	1.1063e-08
811.6	1.0133e-08
811.8	3.9699e-08
812.0	3.0467e-08
812.2	2.3382e-08
812.4	1.7945e-08
812.6	1.3772e-08
812.8	1.0569e-08
813.0	4.1468e-08
813.2	3.1615e-08
813.4	2.4103e-08
813.6	1.8376e-08
813.8	1.4009e-08
814.0	1.068e-08
814.2	1.6452e-08
814.4	1.5011e-08
814.6	1.3696e-08
814.8	1.2495e-08
815.0	1.1401e-08
815.2	1.0402e-08
815.4	1.0173e-08
815.6	1.0182e-08
815.8	1.019e-08
816.0	1.0199e-08
816.2	1.0207e-08
816.4	1.0216e-08
816.6	1.0221e-08
816.8	1.4435e-08
817.0	2.0386e-08
817.2	2.8792e-08
817.4	4.0662e-08
817.6	5.7427e-08
817.8	2.9446e-08
818.0	2.4093e-08
818.2	1.9713e-08
818.4	1.613e-08
818.6	1.3198e-08
818.8	1.0799e-08
819.0	5.5648e-08
819.2	5.2662e-08
819.4	4.9836e-08
819.6	4.7162e-08
819.8	4.4631e-08
820.0	4.2236e-08
820.2	2.2055e-08
820.4	3.1233e-08
820.6	4.4231e-08
820.8	6.2638e-08
821.0	8.8705e-08
821.2	1.2562e-07
821.4	1.0344e-07
821.6	6.6955e-08
821.8	4.3337e-08
822.0	2.805e-08
822.2	1.8156e-08
822.4	1.1751e-08
822.6	2.3627e-08
822.8	2.0282e-08
823.0	1.741e-08
823.2	1.4945e-08
823.4	1.2829e-08
823.6	1.1013e-08
823.8	2.3395e-08
824.0	2.6233e-08
824.2	2.9415e-08
824.4	3.2983e-08
824.6	3.6983e-08
824.8	4.147e-08
825.0	2.2378e-08
825.2	1.9427e-08
825.4	1.6865e-08
825.6	1.4641e-08
825.8	1.271e-08
826.0	1.1034e-08
826.2	1.0693e-08
826.4	1.0704e-08
826.6	1.0714e-08
826.8	1.0724e-08
827.0	1.0735e-08
827.2	1.0745e-08
827.4	1.0759e-08
827.6	1.5974e-08
827.8	2.3718e-08
828.0	3.5216e-08
828.2	5.2288e-08
828.4	7.7637e-08
828.6	3.9855e-08
828.8	3.1094e-08
829.0	2.4258e-08
829.2	1.8926e-08
829.4	1.4765e-08
829.6	1.1519e-08
829.8	1.0791e-08
830.0	1.0788e-08
830.2	1.0784e-08
830.4	1.0781e-08
830.6	1.0777e-08
830.8	1.0773e-08
831.0	3.102e-08
831.2	2.5371e-08
831.4	2.0751e-08
831.6	1.6972e-08
831.8	1.3882e-08
832.0	1.1354e-08
832.2	1.0787e-08
832.4	1.079e-08
832.6	1.0792e-08
832.8	1.0795e-08
833.0	1.0798e-08
833.2	1.08e-08
833.4	1.0794e-08
833.6	1.08e-08
833.8	1.0807e-08
834.0	1.0813e-08
834.2	1.082e-08
834.4	1.0826e-08
834.6	1.0822e-08
834.8	1.4115e-08
835.0	1.841e-08
835.2	2.4012e-08
835.4	3.1318e-08
835.6	4.0847e-08
835.8	4.3132e-08
836.0	3.3115e-08
836.2	2.5424e-08
836.4	1.9519e-08
836.6	1.4986e-08
836.8	1.1505e-08
837.0	1.0825e-08
837.2	1.2347e-08
837.4	1.4083e-08
837.6	1.6064e-08
837.8	1.8322e-08
838.0	2.0899e-08
838.2	3.4672e-08
838.4	2.7737e-08
838.6	2.2189e-08
838.8	1.7751e-08
839.0	1.42e-08
839.2	1.136e-08
839.4	1.0799e-08
839.6	1.2322e-08
839.8	1.4059e-08
840.0	1.6042e-08
840.2	1.8304e-08
840.4	2.0886e-08
840.6	2.1557e-08
840.8	2.7393e-08
841.0	3.4808e-08
841.2	4.423e-08
841.4	5.6202e-08
841.6	7.1416e-08
841.8	3.4555e-08
842.0	2.7641e-08
842.2	2.2111e-08
842.4	1.7687e-08
842.6	1.4148e-08
842.8	1.1317e-08
843.0	1.0685e-08
843.2	1.0688e-08
843.4	1.0691e-08
843.6	1.0693e-08
843.8	1.0696e-08
844.0	1.0698e-08
844.2	2.397e-08
844.4	2.0526e-08
844.6	1.7577e-08
844.8	1.5052e-08
845.0	1.2889e-08
845.2	1.1037e-08
845.4	1.0652e-08
845.6	1.0633e-08
845.8	1.0614e-08
846.0	1.0614e-08
846.2	8.9264e-09
846.4	7.507e-09
846.6	6.3133e-09
846.8	5.3094e-09
847.0	4.4651e-09
847.2	3.8469e-09
847.4	3.8439e-09
847.6	3.8409e-09
847.8	3.838e-09
848.0	3.835e-09
848.2	3.832e-09
848.4	3.8291e-09
848.6	3.8261e-09
848.8	3.8232e-09
849.0	3.8202e-09
849.2	3.8172e-09
849.4	3.8143e-09
849.6	3.8117e-09
849.8	3.8104e-09
850.0	3.8091e-09
850.2	3.8079e-09
850.4	3.8066e-09
850.6	3.8053e-09
850.8	3.804e-09
851.0	3.8027e-09
851.2	3.8014e-09
851.4	3.8002e-09
851.6	3.7989e-09
851.8	3.7976e-09
852.0	4.0897e-09
852.2	5.2395e-09
852.4	6.7127e-09
852.6	8.6001e-09
852.8	1.1018e-08
853.0	1.4116e-08
853.2	1.8085e-08
853.4	2.317e-08
853.6	2.9684e-08
853.8	3.803e-08
854.0	4.8723e-08
854.2	6.2422e-08
854.4	6.7013e-08
854.6	5.4561e-08
854.8	4.4423e-08
855.0	3.6168e-08
855.2	2.9448e-08
855.4	2.3976e-08
855.6	1.9521e-08
855.8	1.5894e-08
856.0	1.294e-08
856.2	1.0536e-08
856.4	8.5781e-09
856.6	6.9841e-09
856.8	5.6864e-09
857.0	4.6298e-09
857.2	3.8636e-09
857.4	3.8631e-09
857.6	3.8626e-09
857.8	3.8621e-09
858.0	3.8616e-09
858.2	3.8611e-09
858.4	3.8606e-09
858.6	3.8601e-09
858.8	3.8597e-09
859.0	3.8592e-09
859.2	3.8587e-09
859.4	3.8582e-09
859.6	3.8577e-09
859.8	3.8569e-09
860.0	3.8562e-09
860.2	3.8555e-09
860.4	3.8548e-09
860.6	3.8541e-09
860.8	3.8534e-09
861.0	3.8526e-09
861.2	3.8519e-09
861.4	3.8512e-09
861.6	3.8505e-09
861.8	3.8498e-09
862.0	3.9153e-09
862.2	4.1477e-09
862.4	4.3938e-09
862.6	4.6546e-09
862.8	4.9308e-09
863.0	5.2234e-09
863.2	5.5334e-09
863.4	5.8618e-09
863.6	6.2097e-09
863.8	6.5782e-09
864.0	6.9686e-09
864.2	7.3822e-09
864.4	7.5008e-09
864.6	7.1398e-09
864.8	6.7963e-09
865.0	6.4693e-09
865.2	6.158e-09
865.4	5.8617e-09
865.6	5.5796e-09
865.8	5.3112e-09
866.0	5.0556e-09
866.2	4.8124e-09
866.4	4.5808e-09
866.6	4.3604e-09
866.8	4.1506e-09
867.0	3.9509e-09
867.2	3.7789e-09
867.4	3.7749e-09
867.6	3.7709e-09
867.8	3.7668e-09
868.0	3.7628e-09
868.2	3.7588e-09
868.4	3.7547e-09
868.6	3.7507e-09
868.8	3.7467e-09
869.0	3.7427e-09
869.2	3.7387e-09
869.4	3.7347e-09
869.6	3.8597e-09
869.8	4.5901e-09
870.0	5.4587e-09
870.2	6.4917e-09
870.4	7.7201e-09
870.6	9.181e-09
870.8	1.0918e-08
871.0	1.2984e-08
871.2	1.5441e-08
871.4	1.8363e-08
871.6	2.1838e-08
871.8	2.5971e-08
872.0	2.791e-08
872.2	2.3407e-08
872.4	1.963e-08
872.6	1.6463e-08
872.8	1.3806e-08
873.0	1.1579e-08
873.2	9.7104e-09
873.4	8.1436e-09
873.6	6.8296e-09
873.8	5.7276e-09
874.0	4.8034e-09
874.2	4.0284e-09
874.4	3.9004e-09
874.6	4.7061e-09
874.8	5.6783e-09
875.0	6.8513e-09
875.2	8.2666e-09
875.4	9.9742e-09
875.6	1.2035e-08
875.8	1.4521e-08
876.0	1.752e-08
876.2	2.1139e-08
876.4	2.5506e-08
876.6	3.0775e-08
876.8	3.7133e-08
877.0	4.4803e-08
877.2	5.2163e-08
877.4	4.5498e-08
877.6	3.9686e-08
877.8	3.4615e-08
878.0	3.0193e-08
878.2	2.6335e-08
878.4	2.2971e-08
878.6	2.0036e-08
878.8	1.7476e-08
879.0	1.5243e-08
879.2	1.3296e-08
879.4	1.1597e-08
879.6	1.0461e-08
879.8	1.0707e-08
880.0	1.0959e-08
880.2	1.1217e-08
880.4	1.1481e-08
880.6	1.1751e-08
880.8	1.2027e-08
881.0	1.231e-08
881.2	1.26e-08
881.4	1.2896e-08
881.6	1.3199e-08
881.8	1.351e-08
882.0	1.3216e-08
882.2	1.1744e-08
882.4	1.0435e-08
882.6	9.2729e-09
882.8	8.2399e-09
883.0	7.3219e-09
883.2	6.5063e-09
883.4	5.7814e-09
883.6	5.1374e-09
883.8	4.5651e-09
884.0	4.0565e-09
884.2	3.6046e-09
884.4	3.3697e-09
884.6	3.3693e-09
884.8	3.3689e-09
885.0	3.3685e-09
885.2	3.368e-09
885.4	3.3676e-09
885.6	3.3672e-09
885.8	3.3668e-09
886.0	3.3663e-09
886.2	3.3659e-09
886.4	3.3655e-09
886.6	3.3651e-09
886.8	3.3647e-09
887.0	3.3642e-09
887.2	3.4325e-09
887.4	4.1247e-09
887.6	4.9564e-09
887.8	5.9558e-09
888.0	7.1567e-09
888.2	8.5999e-09
888.4	1.0334e-08
888.6	1.2418e-08
888.8	1.4922e-08
889.0	1.7931e-08
889.2	2.1546e-08
889.4	2.5891e-08
889.6	3.1361e-08
889.8	3.9044e-08
890.0	4.861e-08
890.2	6.052e-08
890.4	7.5348e-08
890.6	9.3809e-08
890.8	1.1679e-07
891.0	1.4541e-07
891.2	1.8103e-07
891.4	2.2539e-07
891.6	2.8061e-07
891.8	3.4936e-07
892.0	4.2112e-07
892.2	4.7675e-07
892.4	5.3973e-07
892.6	6.1102e-07
892.8	6.9173e-07
893.0	7.831e-07
893.2	8.8655e-07
893.4	1.0037e-06
893.6	1.1362e-06
893.8	1.2863e-06
894.0	1.4562e-06
894.2	1.6486e-06
894.4	1.6741e-06
894.6	1.4964e-06
894.8	1.3375e-06
895.0	1.1955e-06
895.2	1.0685e-06
895.4	9.5508e-07
895.6	8.5367e-07
895.8	7.6302e-07
896.0	6.8201e-07
896.2	7.635e-07
896.4	8.5472e-07
896.6	9.5685e-07
896.8	1.0712e-06
897.0	1.1992e-06
897.2	1.3424e-06
897.4	1.5029e-06
897.6	1.6824e-06
897.8	1.8834e-06
898.0	2.1085e-06
898.2	2.3604e-06
898.4	2.5064e-06
898.6	2.5511e-06
898.8	2.5965e-06
899.0	2.6428e-06
899.2	2.6898e-06
899.4	2.7377e-06
899.6	2.7865e-06
899.8	2.8361e-06
900.0	2.8866e-06
900.2	2.938e-06
900.4	2.9904e-06
900.6	3.0412e-06
900.8	3.0683e-06
901.0	3.0956e-06
901.2	3.1231e-06
901.4	3.1509e-06
901.6	3.1789e-06
901.8	3.2072e-06
902.0	3.2357e-06
902.2	3.2645e-06
902.4	3.2936e-06
902.6	3.3229e-06
902.8	3.3524e-06
903.0	3.3612e-06
903.2	3.3574e-06
903.4	3.3536e-06
903.6	3.3497e-06
903.8	3.3459e-06
904.0	3.3421e-06
904.2	3.3383e-06
904.4	3.3345e-06
904.6	3.3307e-06
904.8	3.327e-06
905.0	3.3232e-06
905.2	3.2546e-06
905.4	2.8846e-06
905.6	2.5566e-06
905.8	2.2659e-06
906.0	2.0083e-06
906.2	2.077e-06
906.4	2.1481e-06
906.6	2.2216e-06
906.8	2.2976e-06
907.0	2.3762e-06
907.2	2.4575e-06
907.4	2.5416e-06
907.6	2.6286e-06
907.8	2.7185e-06
908.0	2.8115e-06
908.2	2.9077e-06
908.4	2.9337e-06
908.6	2.8982e-06
908.8	2.8631e-06
909.0	2.8285e-06
909.2	2.7943e-06
909.4	2.7605e-06
909.6	2.7271e-06
909.8	2.6941e-06
910.0	2.6615e-06
910.2	2.6293e-06
910.4	2.5974e-06
910.6	2.5621e-06
910.8	2.4829e-06
911.0	2.4061e-06
911.2	2.3317e-06
911.4	2.2596e-06
911.6	2.1897e-06
911.8	2.122e-06
912.0	2.0564e-06
912.2	1.9928e-06
912.4	1.9312e-06
912.6	1.8715e-06
912.8	1.8136e-06
913.0	1.7253e-06
913.2	1.6231e-06
913.4	1.5269e-06
913.6	1.4364e-06
913.8	1.3513e-06
914.0	1.2713e-06
914.2	1.196e-06
914.4	1.1251e-06
914.6	1.0585e-06
914.8	9.9575e-07
915.0	9.3676e-07
915.2	8.8171e-07
915.4	8.3194e-07
915.6	7.8499e-07
915.8	7.4068e-07
916.0	6.9887e-07
916.2	6.3131e-07
916.4	5.7027e-07
916.6	5.1513e-07
916.8	4.6533e-07
917.0	4.2034e-07
917.2	3.8175e-07
917.4	3.7722e-07
917.6	3.7275e-07
917.8	3.6833e-07
918.0	3.6396e-07
918.2	3.5964e-07
918.4	3.5538e-07
918.6	3.5116e-07
918.8	3.47e-07
919.0	3.4288e-07
919.2	3.3882e-07
919.4	3.348e-07
919.6	3.2577e-07
919.8	2.9805e-07
920.0	2.7268e-07
920.2	2.4947e-07
920.4	2.2824e-07
920.6	2.0882e-07
920.8	1.9105e-07
921.0	1.7479e-07
921.2	1.5991e-07
921.4	1.463e-07
921.6	1.3385e-07
921.8	1.2246e-07
922.0	1.1513e-07
922.2	1.141e-07
922.4	1.1308e-07
922.6	1.1207e-07
922.8	1.1107e-07
923.0	1.1008e-07
923.2	1.091e-07
923.4	1.0812e-07
923.6	1.0716e-07
923.8	1.062e-07
924.0	1.0526e-07
924.2	1.0432e-07
924.4	1.0343e-07
924.6	1.0261e-07
924.8	1.0179e-07
925.0	1.0098e-07
925.2	1.0018e-07
925.4	9.9377e-08
925.6	9.8584e-08
925.8	9.7799e-08
926.0	9.7019e-08
926.2	9.6246e-08
926.4	9.5478e-08
926.6	9.4717e-08
926.8	9.3962e-08
927.0	9.3213e-08
927.2	9.2437e-08
927.4	9.0379e-08
927.6	8.8368e-08
927.8	8.6401e-08
928.0	8.4478e-08
928.2	8.2597e-08
928.4	8.0759e-08
928.6	7.8961e-08
928.8	7.7204e-08
929.0	7.5485e-08
929.2	7.3805e-08
929.4	7.2163e-08
929.6	7.1017e-08
929.8	7.2147e-08
930.0	7.3295e-08
930.2	7.4461e-08
930.4	7.5646e-08
930.6	7.685e-08
930.8	7.8072e-08
931.0	7.9315e-08
931.2	8.0577e-08
931.4	8.1859e-08
931.6	8.3161e-08
931.8	8.4484e-08
932.0	8.2126e-08
932.2	7.2694e-08
932.4	6.4345e-08
932.6	5.6955e-08
932.8	5.0413e-08
933.0	4.4623e-08
933.2	3.9498e-08
933.4	3.4961e-08
933.6	3.0946e-08
933.8	2.7392e-08
934.0	2.4246e-08
934.2	2.1461e-08
934.4	2.1173e-08
934.6	2.3607e-08
934.8	2.632e-08
935.0	2.9345e-08
935.2	3.2719e-08
935.4	3.648e-08
935.6	4.0673e-08
935.8	4.5348e-08
936.0	5.0561e-08
936.2	5.6373e-08
936.4	6.2853e-08
936.6	7.0077e-08
936.8	7.8133e-08
937.0	8.7114e-08
937.2	9.7112e-08
937.4	1.0713e-07
937.6	1.1819e-07
937.8	1.3039e-07
938.0	1.4384e-07
938.2	1.5869e-07
938.4	1.7507e-07
938.6	1.9313e-07
938.8	2.1306e-07
939.0	2.3505e-07
939.2	2.5931e-07
939.4	2.8607e-07
939.6	3.1422e-07
939.8	3.3788e-07
940.0	3.6331e-07
940.2	3.9066e-07
940.4	4.2007e-07
940.6	4.5169e-07
940.8	4.857e-07
941.0	5.2226e-07
941.2	5.6157e-07
941.4	6.0385e-07
941.6	6.4931e-07
941.8	6.9819e-07
942.0	7.5264e-07
942.2	8.155e-07
942.4	8.8361e-07
942.6	9.574e-07
942.8	1.0374e-06
943.0	1.124e-06
943.2	1.2179e-06
943.4	1.3196e-06
943.6	1.4298e-06
943.8	1.5492e-06
944.0	1.6786e-06
944.2	1.8188e-06
944.4	1.8347e-06
944.6	1.718e-06
944.8	1.6087e-06
945.0	1.5063e-06
945.2	1.4105e-06
945.4	1.3208e-06
945.6	1.2367e-06
945.8	1.1581e-06
946.0	1.0844e-06
946.2	1.1646e-06
946.4	1.2607e-06
946.6	1.3648e-06
946.8	1.4775e-06
947.0	1.5995e-06
947.2	1.7316e-06
947.4	1.8746e-06
947.6	2.0293e-06
947.8	2.1969e-06
948.0	2.3783e-06
948.2	2.5746e-06
948.4	2.6432e-06
948.6	2.5815e-06
948.8	2.5211e-06
949.0	2.4622e-06
949.2	2.4047e-06
949.4	2.3485e-06
949.6	2.2936e-06
949.8	2.24e-06
950.0	2.1876e-06
950.2	2.1365e-06
950.4	2.0865e-06
950.6	2.0378e-06
950.8	1.9901e-06
951.0	1.9628e-06
951.2	1.952e-06
951.4	1.9413e-06
951.6	1.9307e-06
951.8	1.9201e-06
952.0	1.9096e-06
952.2	1.8992e-06
952.4	1.8888e-06
952.6	1.8784e-06
952.8	1.8681e-06
953.0	1.8579e-06
953.2	1.8477e-06
953.4	1.851e-06
953.6	1.8556e-06
953.8	1.8602e-06
954.0	1.8648e-06
954.2	1.8694e-06
954.4	1.874e-06
954.6	1.8787e-06
954.8	1.8833e-06
955.0	1.888e-06
955.2	1.8927e-06
955.4	1.8974e-06
955.6	1.8658e-06
955.8	1.7482e-06
956.0	1.638e-06
956.2	1.6924e-06
956.4	1.7487e-06
956.6	1.8068e-06
956.8	1.8668e-06
957.0	1.9288e-06
957.2	1.9929e-06
957.4	2.0591e-06
957.6	2.1275e-06
957.8	2.1982e-06
958.0	2.2713e-06
958.2	2.3467e-06
958.4	2.4066e-06
958.6	2.4499e-06
958.8	2.494e-06
959.0	2.5389e-06
959.2	2.5845e-06
959.4	2.631e-06
959.6	2.6784e-06
959.8	2.7266e-06
960.0	2.7756e-06
960.2	2.8256e-06
960.4	2.8764e-06
960.6	2.9282e-06
960.8	2.9809e-06
961.0	3.0345e-06
961.2	2.995e-06
961.4	3.0642e-06
961.6	3.1351e-06
961.8	3.2076e-06
962.0	3.2817e-06
962.2	3.3576e-06
962.4	3.2583e-06
962.6	3.2659e-06
962.8	3.2735e-06
963.0	3.2812e-06
963.2	3.2888e-06
963.4	3.2965e-06
963.6	3.3106e-06
963.8	3.3478e-06
964.0	3.3855e-06
964.2	3.4236e-06
964.4	3.4621e-06
964.6	3.501e-06
964.8	3.5857e-06
965.0	3.5615e-06
965.2	3.5374e-06
965.4	3.5135e-06
965.6	3.4898e-06
965.8	3.4662e-06
966.0	3.4063e-06
966.2	3.4463e-06
966.4	3.4868e-06
966.6	3.5278e-06
966.8	3.5692e-06
967.0	3.6111e-06
967.2	3.6348e-06
967.4	3.5956e-06
967.6	3.5569e-06
967.8	3.5185e-06
968.0	3.4806e-06
968.2	3.4431e-06
968.4	3.4726e-06
968.6	3.4608e-06
968.8	3.449e-06
969.0	3.4372e-06
969.2	3.4255e-06
969.4	3.4139e-06
969.6	3.4518e-06
969.8	3.4457e-06
970.0	3.4396e-06
970.2	3.4336e-06
970.4	3.4275e-06
970.6	3.4215e-06
970.8	3.4736e-06
971.0	3.4596e-06
971.2	3.4457e-06
971.4	3.4318e-06
971.6	3.418e-06
971.8	3.4042e-06
972.0	3.3501e-06
972.2	3.4048e-06
972.4	3.4603e-06
972.6	3.5168e-06
972.8	3.5742e-06
973.0	3.6325e-06
973.2	3.4256e-06
973.4	3.3542e-06
973.6	3.2843e-06
973.8	3.2159e-06
974.0	3.1489e-06
974.2	3.0832e-06
974.4	3.1541e-06
974.6	3.1237e-06
974.8	3.0937e-06
975.0	3.0639e-06
975.2	3.0345e-06
975.4	3.0053e-06
975.6	3.0574e-06
975.8	3.032e-06
976.0	3.0068e-06
976.2	2.9819e-06
976.4	2.9571e-06
976.6	2.9325e-06
976.8	2.8267e-06
977.0	2.7839e-06
977.2	2.7418e-06
977.4	2.7003e-06
977.6	2.6594e-06
977.8	2.6192e-06
978.0	2.5668e-06
978.2	2.466e-06
978.4	2.3692e-06
978.6	2.2761e-06
978.8	2.1868e-06
979.0	2.1009e-06
979.2	2.2348e-06
979.4	2.143e-06
979.6	2.0549e-06
979.8	1.9705e-06
980.0	1.8895e-06
980.2	1.8119e-06
980.4	1.7875e-06
980.6	1.7003e-06
980.8	1.6174e-06
981.0	1.5385e-06
981.2	1.4634e-06
981.4	1.392e-06
981.6	1.4424e-06
981.8	1.4043e-06
982.0	1.3671e-06
982.2	1.331e-06
982.4	1.2958e-06
982.6	1.2616e-06
982.8	1.1845e-06
983.0	1.1806e-06
983.2	1.1766e-06
983.4	1.1727e-06
983.6	1.1688e-06
983.8	1.1649e-06
984.0	1.0346e-06
984.2	9.7431e-07
984.4	9.1749e-07
984.6	8.6398e-07
984.8	8.1359e-07
985.0	7.6614e-07
985.2	7.5818e-07
985.4	7.4156e-07
985.6	7.253e-07
985.8	7.0939e-07
986.0	6.9384e-07
986.2	6.7863e-07
986.4	6.6474e-07
986.6	6.2344e-07
986.8	5.8471e-07
987.0	5.4838e-07
987.2	5.1431e-07
987.4	4.8236e-07
987.6	5.5901e-07
987.8	5.4397e-07
988.0	5.2934e-07
988.2	5.151e-07
988.4	5.0124e-07
988.6	4.8776e-07
988.8	5.0896e-07
989.0	4.8814e-07
989.2	4.6817e-07
989.4	4.4902e-07
989.6	4.3065e-07
989.8	4.1303e-07
990.0	4.8046e-07
990.2	4.7947e-07
990.4	4.7848e-07
990.6	4.775e-07
990.8	4.7651e-07
991.0	4.7553e-07
991.2	4.8887e-07
991.4	4.7634e-07
991.6	4.6413e-07
991.8	4.5223e-07
992.0	4.4064e-07
992.2	4.2935e-07
992.4	3.2822e-07
992.6	3.2669e-07
992.8	3.2517e-07
993.0	3.2366e-07
993.2	3.2215e-07
993.4	3.2065e-07
993.6	2.933e-07
993.8	2.9183e-07
994.0	2.9037e-07
994.2	2.8891e-07
994.4	2.8747e-07
994.6	2.8603e-07
994.8	2.4567e-07
995.0	2.3857e-07
995.2	2.3168e-07
995.4	2.2498e-07
995.6	2.1848e-07
995.8	2.1216e-07
996.0	2.6565e-07
996.2	2.1428e-07
996.4	1.7284e-07
996.6	1.3941e-07
996.8	1.1245e-07
997.0	9.0707e-08
997.2	2.5072e-07
997.4	2.5772e-07
997.6	2.649e-07
997.8	2.7229e-07
998.0	2.7989e-07
998.2	2.8769e-07
998.4	2.3088e-07
998.6	2.2088e-07
998.8	2.1131e-07
999.0	2.0216e-07
999.2	1.934e-07
999.4	1.8502e-07
999.6	2.2829e-07
999.8	2.1988e-07
1000.0	2.1177e-07
1000.2	2.0397e-07
1000.4	1.9645e-07
1000.6	1.8921e-07
1000.8	1.7292e-07
1001.0	1.8454e-07
1001.2	1.9693e-07
1001.4	2.1016e-07
1001.6	2.2428e-07
1001.8	2.3934e-07
1002.0	2.7565e-07
1002.2	2.8879e-07
1002.4	3.0254e-07
1002.6	3.1696e-07
1002.8	3.3206e-07
1003.0	3.4787e-07
1003.2	3.841e-07
1003.4	3.7961e-07
1003.6	3.7516e-07
1003.8	3.7077e-07
1004.0	3.6643e-07
1004.2	3.6214e-07
1004.4	3.9569e-07
1004.6	3.9651e-07
1004.8	3.9733e-07
1005.0	3.9816e-07
1005.2	3.9899e-07
1005.4	3.9982e-07
1005.6	4.712e-07
1005.8	4.8591e-07
1006.0	5.0108e-07
1006.2	5.1672e-07
1006.4	5.3285e-07
1006.6	5.4949e-07
1006.8	6.4446e-07
1007.0	6.4656e-07
1007.2	6.4866e-07
1007.4	6.5077e-07
1007.6	6.5288e-07
1007.8	6.55e-07
1008.0	7.2976e-07
1008.2	7.3233e-07
1008.4	7.3491e-07
1008.6	7.3749e-07
1008.8	7.4009e-07
1009.0	7.427e-07
1009.2	9.6242e-07
1009.4	1.006e-06
1009.6	1.0516e-06
1009.8	1.0992e-06
1010.0	1.149e-06
1010.2	1.201e-06
1010.4	1.376e-06
1010.6	1.3906e-06
1010.8	1.4053e-06
1011.0	1.4202e-06
1011.2	1.4352e-06
1011.4	1.4504e-06
1011.6	1.5802e-06
1011.8	1.6813e-06
1012.0	1.7889e-06
1012.2	1.9033e-06
1012.4	2.0251e-06
1012.6	2.1547e-06
1012.8	2.2676e-06
1013.0	2.3851e-06
1013.2	2.5086e-06
1013.4	2.6386e-06
1013.6	2.7753e-06
1013.8	2.919e-06
1014.0	2.7515e-06
1014.2	2.8836e-06
1014.4	3.0221e-06
1014.6	3.1672e-06
1014.8	3.3193e-06
1015.0	3.4787e-06
1015.2	3.2277e-06
1015.4	3.3106e-06
1015.6	3.3956e-06
1015.8	3.4828e-06
1016.0	3.5722e-06
1016.2	3.6639e-06
1016.4	3.6409e-06
1016.6	3.6665e-06
1016.8	3.6923e-06
1017.0	3.7183e-06
1017.2	3.7444e-06
1017.4	3.7708e-06
1017.6	3.7859e-06
1017.8	3.767e-06
1018.0	3.7481e-06
1018.2	3.7294e-06
1018.4	3.7108e-06
1018.6	3.6923e-06
1018.8	3.7407e-06
1019.0	3.7493e-06
1019.2	3.7578e-06
1019.4	3.7664e-06
1019.6	3.775e-06
1019.8	3.7836e-06
1020.0	3.6328e-06
1020.2	3.5269e-06
1020.4	3.4241e-06
1020.6	3.3242e-06
1020.8	3.2273e-06
1021.0	3.1332e-06
1021.2	3.1711e-06
1021.4	3.1135e-06
1021.6	3.057e-06
1021.8	3.0016e-06
1022.0	2.9471e-06
1022.2	2.8937e-06
1022.4	2.9165e-06
1022.6	2.765e-06
1022.8	2.6214e-06
1023.0	2.4852e-06
1023.2	2.3561e-06
1023.4	2.2337e-06
1023.6	2.3374e-06
1023.8	2.382e-06
1024.0	2.4274e-06
1024.2	2.4737e-06
1024.4	2.5209e-06
1024.6	2.569e-06
1024.8	2.3674e-06
1025.0	2.3805e-06
1025.2	2.3938e-06
1025.4	2.4071e-06
1025.6	2.4204e-06
1025.8	2.4339e-06
1026.0	2.3067e-06
1026.2	2.202e-06
1026.4	2.1022e-06
1026.6	2.0068e-06
1026.8	1.9158e-06
1027.0	1.8289e-06
1027.2	1.7818e-06
1027.4	1.804e-06
1027.6	1.8265e-06
1027.8	1.8493e-06
1028.0	1.8724e-06
1028.2	1.8957e-06
1028.4	1.9394e-06
1028.6	1.9158e-06
1028.8	1.8924e-06
1029.0	1.8693e-06
1029.2	1.8466e-06
1029.4	1.8241e-06
1029.6	1.6333e-06
1029.8	1.7545e-06
1030.0	1.8848e-06
1030.2	2.0247e-06
1030.4	2.175e-06
1030.6	2.3365e-06
1030.8	2.2245e-06
1031.0	2.1878e-06
1031.2	2.1517e-06
1031.4	2.1161e-06
1031.6	2.0812e-06
1031.8	2.0468e-06
1032.0	2.0834e-06
1032.2	2.0935e-06
1032.4	2.1036e-06
1032.6	2.1137e-06
1032.8	2.1239e-06
1033.0	2.1342e-06
1033.2	2.2609e-06
1033.4	2.169e-06
1033.6	2.0809e-06
1033.8	1.9963e-06
1034.0	1.9152e-06
1034.2	1.8374e-06
1034.4	2.5958e-06
1034.6	2.6157e-06
1034.8	2.6357e-06
1035.0	2.6559e-06
1035.2	2.6763e-06
1035.4	2.6968e-06
1035.6	2.5629e-06
1035.8	2.6373e-06
1036.0	2.7138e-06
1036.2	2.7926e-06
1036.4	2.8736e-06
1036.6	2.9571e-06
1036.8	3.1181e-06
1037.0	3.1184e-06
1037.2	3.1187e-06
1037.4	3.119e-06
1037.6	3.1194e-06
1037.8	3.1197e-06
1038.0	3.126e-06
1038.2	3.1152e-06
1038.4	3.1043e-06
1038.6	3.0936e-06
1038.8	3.0828e-06
1039.0	3.0721e-06
1039.2	3.3362e-06
1039.4	3.3845e-06
1039.6	3.4336e-06
1039.8	3.4833e-06
1040.0	3.5338e-06
1040.2	3.585e-06
1040.4	3.0742e-06
1040.6	3.1052e-06
1040.8	3.1366e-06
1041.0	3.1683e-06
1041.2	3.2002e-06
1041.4	3.2326e-06
1041.6	2.8866e-06
1041.8	2.8777e-06
1042.0	2.8689e-06
1042.2	2.8601e-06
1042.4	2.8513e-06
1042.6	2.8426e-06
1042.8	3.096e-06
1043.0	3.1363e-06
1043.2	3.177e-06
1043.4	3.2183e-06
1043.6	3.2602e-06
1043.8	3.3025e-06
1044.0	3.1781e-06
1044.2	2.9263e-06
1044.4	2.6944e-06
1044.6	2.4808e-06
1044.8	2.2842e-06
1045.0	2.1032e-06
1045.2	2.3524e-06
1045.4	2.3801e-06
1045.6	2.4082e-06
1045.8	2.4366e-06
1046.0	2.4653e-06
1046.2	2.4944e-06
1046.4	2.1127e-06
1046.6	1.9206e-06
1046.8	1.746e-06
1047.0	1.5873e-06
1047.2	1.443e-06
1047.4	1.3118e-06
1047.6	1.8982e-06
1047.8	1.8837e-06
1048.0	1.8692e-06
1048.2	1.8549e-06
1048.4	1.8407e-06
1048.6	1.8265e-06
1048.8	1.8192e-06
1049.0	1.4832e-06
1049.2	1.2093e-06
1049.4	9.8594e-07
1049.6	8.0384e-07
1049.8	6.5538e-07
1050.0	1.1216e-06
1050.2	1.1535e-06
1050.4	1.1864e-06
1050.6	1.2201e-06
1050.8	1.2548e-06
1051.0	1.2905e-06
1051.2	1.0318e-06
1051.4	1.1248e-06
1051.6	1.2263e-06
1051.8	1.3368e-06
1052.0	1.4574e-06
1052.2	1.5888e-06
1052.4	1.7005e-06
1052.6	1.605e-06
1052.8	1.515e-06
1053.0	1.43e-06
1053.2	1.3498e-06
1053.4	1.274e-06
1053.6	1.7168e-06
1053.8	1.5501e-06
1054.0	1.3996e-06
1054.2	1.2637e-06
1054.4	1.141e-06
1054.6	1.0303e-06
1054.8	1.2041e-06
1055.0	8.0602e-07
1055.2	5.3956e-07
1055.4	3.6119e-07
1055.6	2.4178e-07
1055.8	1.6185e-07
1056.0	6.3392e-07
1056.2	7.2145e-07
1056.4	8.2107e-07
1056.6	9.3444e-07
1056.8	1.0635e-06
1057.0	1.2103e-06
1057.2	8.2643e-07
1057.4	8.2129e-07
1057.6	8.1618e-07
1057.8	8.111e-07
1058.0	8.0605e-07
1058.2	8.0103e-07
1058.4	1.0007e-06
1058.6	7.0765e-07
1058.8	5.0044e-07
1059.0	3.539e-07
1059.2	2.5028e-07
1059.4	1.7699e-07
1059.6	5.9907e-07
1059.8	5.824e-07
1060.0	5.6618e-07
1060.2	5.5042e-07
1060.4	5.351e-07
1060.6	5.202e-07
1060.8	5.1427e-07
1061.0	5.1882e-07
1061.2	5.2342e-07
1061.4	5.2805e-07
1061.6	5.3273e-07
1061.8	5.3744e-07
1062.0	5.3493e-07
1062.2	7.3399e-07
1062.4	1.0071e-06
1062.6	1.3819e-06
1062.8	1.8962e-06
1063.0	2.6018e-06
1063.2	2.1451e-06
1063.4	1.6662e-06
1063.6	1.2942e-06
1063.8	1.0053e-06
1064.0	7.8083e-07
1064.2	6.065e-07
1064.4	6.0194e-07
1064.6	7.8487e-07
1064.8	1.0234e-06
1065.0	1.3344e-06
1065.2	1.7399e-06
1065.4	2.2687e-06
1065.6	5.9359e-07
1065.8	5.9737e-07
1066.0	6.0118e-07
1066.2	6.0501e-07
1066.4	6.0886e-07
1066.6	6.1274e-07
1066.8	1.8052e-06
1067.0	1.6923e-06
1067.2	1.5865e-06
1067.4	1.4872e-06
1067.6	1.3942e-06
1067.8	1.307e-06
1068.0	6.3979e-07
1068.2	7.3774e-07
1068.4	8.5068e-07
1068.6	9.809e-07
1068.8	1.1311e-06
1069.0	1.3042e-06
1069.2	1.3244e-06
1069.4	1.1684e-06
1069.6	1.0307e-06
1069.8	9.0929e-07
1070.0	8.0216e-07
1070.2	7.0765e-07
1070.4	3.3906e-06
1070.6	2.5124e-06
1070.8	1.8616e-06
1071.0	1.3794e-06
1071.2	1.0221e-06
1071.4	7.5738e-07
1071.6	4.0089e-06
1071.8	2.8998e-06
1072.0	2.0975e-06
1072.2	1.5172e-06
1072.4	1.0974e-06
1072.6	7.9378e-07
1072.8	8.8519e-07
1073.0	1.1732e-06
1073.2	1.5548e-06
1073.4	2.0606e-06
1073.6	2.731e-06
1073.8	3.6195e-06
1074.0	3.1187e-06
1074.2	2.3979e-06
1074.4	1.8438e-06
1074.6	1.4176e-06
1074.8	1.09e-06
1075.0	8.381e-07
1075.2	1.5722e-06
1075.4	1.3887e-06
1075.6	1.2265e-06
1075.8	1.0833e-06
1076.0	9.5682e-07
1076.2	8.451e-07
1076.4	4.9348e-06
1076.6	4.3603e-06
1076.8	3.8527e-06
1077.0	3.4042e-06
1077.2	3.0079e-06
1077.4	2.6578e-06
1077.6	3.4677e-06
1077.8	3.3044e-06
1078.0	3.1488e-06
1078.2	3.0005e-06
1078.4	2.8592e-06
1078.6	2.7245e-06
1078.8	5.9996e-06
1079.0	5.1841e-06
1079.2	4.4795e-06
1079.4	3.8706e-06
1079.6	3.3445e-06
1079.8	2.8899e-06
1080.0	1.0579e-06
1080.2	1.2709e-06
1080.4	1.5268e-06
1080.6	1.8342e-06
1080.8	2.2036e-06
1081.0	2.6473e-06
1081.2	2.7215e-06
1081.4	2.7131e-06
1081.6	2.7046e-06
1081.8	2.6962e-06
1082.0	2.6878e-06
1082.2	2.6795e-06
1082.4	2.6711e-06
1082.6	2.6628e-06
1082.8	2.6546e-06
1083.0	2.6463e-06
1083.2	2.6381e-06
1083.4	2.6299e-06
1083.6	2.6217e-06
1083.8	2.6136e-06
1084.0	2.6054e-06
1084.2	2.5973e-06
1084.4	2.5892e-06
1084.6	2.5812e-06
1084.8	2.5732e-06
1085.0	2.553e-06
1085.2	2.5174e-06
1085.4	2.4823e-06
1085.6	2.4476e-06
1085.8	2.4135e-06
1086.0	2.3798e-06
1086.2	2.3466e-06
1086.4	2.3139e-06
1086.6	2.2816e-06
1086.8	2.2498e-06
1087.0	2.2184e-06
1087.2	2.1875e-06
1087.4	2.157e-06
1087.6	2.1269e-06
1087.8	2.0972e-06
1088.0	2.068e-06
1088.2	2.0391e-06
1088.4	2.0107e-06
1088.6	1.9826e-06
1088.8	1.955e-06
1089.0	1.9277e-06
1089.2	1.9008e-06
1089.4	1.8743e-06
1089.6	1.8482e-06
1089.8	1.8224e-06
1090.0	1.8019e-06
1090.2	1.7883e-06
1090.4	1.7748e-06
1090.6	1.7614e-06
1090.8	1.7481e-06
1091.0	1.7349e-06
1091.2	1.7218e-06
1091.4	1.7088e-06
1091.6	1.6959e-06
1091.8	1.6831e-06
1092.0	1.6704e-06
1092.2	1.6578e-06
1092.4	1.6452e-06
1092.6	1.6328e-06
1092.8	1.6205e-06
1093.0	1.6082e-06
1093.2	1.5961e-06
1093.4	1.584e-06
1093.6	1.5721e-06
1093.8	1.5602e-06
1094.0	1.5484e-06
1094.2	1.5367e-06
1094.4	1.5251e-06
1094.6	1.5136e-06
1094.8	1.5022e-06
1095.0	1.4952e-06
1095.2	1.4942e-06
1095.4	1.4932e-06
1095.6	1.4922e-06
1095.8	1.4912e-06
1096.0	1.4902e-06
1096.2	1.4892e-06
1096.4	1.4882e-06
1096.6	1.4872e-06
1096.8	1.4862e-06
1097.0	1.4852e-06
1097.2	1.4843e-06
1097.4	1.4833e-06
1097.6	1.4823e-06
1097.8	1.4813e-06
1098.0	1.4803e-06
1098.2	1.4793e-06
1098.4	1.4783e-06
1098.6	1.4773e-06
1098.8	1.4764e-06
1099.0	1.4754e-06
1099.2	1.4744e-06
1099.4	1.4734e-06
1099.6	1.4724e-06
1099.8	1.4714e-06
1100.0	1.4818e-06
1100.2	1.5076e-06
1100.4	1.5338e-06
1100.6	1.5604e-06
1100.8	1.5876e-06
1101.0	1.6151e-06
1101.2	1.6432e-06
1101.4	1.6718e-06
1101.6	1.7008e-06
1101.8	1.7304e-06
1102.0	1.7605e-06
1102.2	1.7911e-06
1102.4	1.8222e-06
1102.6	1.8539e-06
1102.8	1.8861e-06
1103.0	1.9189e-06
1103.2	1.9522e-06
1103.4	1.9862e-06
1103.6	2.0207e-06
1103.8	2.0558e-06
1104.0	2.0915e-06
1104.2	2.1279e-06
1104.4	2.1649e-06
1104.6	2.2025e-06
1104.8	2.2408e-06
1105.0	2.2724e-06
1105.2	2.2953e-06
1105.4	2.3184e-06
1105.6	2.3417e-06
1105.8	2.3652e-06
1106.0	2.389e-06
1106.2	2.413e-06
1106.4	2.4373e-06
1106.6	2.4618e-06
1106.8	2.4866e-06
1107.0	2.5116e-06
1107.2	2.5368e-06
1107.4	2.5624e-06
1107.6	2.5881e-06
1107.8	2.6142e-06
1108.0	2.6405e-06
1108.2	2.667e-06
1108.4	2.6938e-06
1108.6	2.7209e-06
1108.8	2.7483e-06
1109.0	2.7759e-06
1109.2	2.8039e-06
1109.4	2.8321e-06
1109.6	2.8605e-06
1109.8	2.8893e-06
1110.0	2.9184e-06
1110.2	2.9477e-06
1110.4	2.9774e-06
1110.6	3.0073e-06
1110.8	3.0611e-06
1111.0	3.1189e-06
1111.2	3.1777e-06
1111.4	3.2376e-06
1111.6	3.2987e-06
1111.8	3.3609e-06
1112.0	3.4243e-06
1112.2	3.4889e-06
1112.4	3.5547e-06
1112.6	3.6218e-06
1112.8	3.6901e-06
1113.0	3.7597e-06
1113.2	3.8306e-06
1113.4	3.9029e-06
1113.6	3.9765e-06
1113.8	4.0515e-06
1114.0	4.128e-06
1114.2	4.2058e-06
1114.4	4.2852e-06
1114.6	4.366e-06
1114.8	4.4484e-06
1115.0	4.5323e-06
1115.2	4.4047e-06
1115.4	4.2808e-06
1115.6	4.1603e-06
1115.8	4.0432e-06
1116.0	3.9294e-06
1116.2	3.8188e-06
1116.4	3.7113e-06
1116.6	3.6069e-06
1116.8	3.5054e-06
1117.0	3.4067e-06
1117.2	3.4455e-06
1117.4	3.4847e-06
1117.6	3.5243e-06
1117.8	3.5644e-06
1118.0	3.6049e-06
1118.2	3.6459e-06
1118.4	3.6874e-06
1118.6	3.7293e-06
1118.8	3.7717e-06
1119.0	3.8146e-06
1119.2	3.8001e-06
1119.4	3.7856e-06
1119.6	3.7711e-06
1119.8	3.7567e-06
1120.0	3.7424e-06
1120.2	3.7281e-06
1120.4	3.7138e-06
1120.6	3.6997e-06
1120.8	3.6855e-06
1121.0	3.6715e-06
1121.2	2.5607e-06
1121.4	1.786e-06
1121.6	1.2456e-06
1121.8	8.6877e-07
1122.0	6.0593e-07
1122.2	4.2261e-07
1122.4	2.9475e-07
1122.6	2.0557e-07
1122.8	1.4338e-07
1123.0	1.0e-07
1123.2	1.3455e-07
1123.4	1.8103e-07
1123.6	2.4357e-07
1123.8	3.2771e-07
1124.0	4.4092e-07
1124.2	5.9324e-07
1124.4	7.9819e-07
1124.6	1.0739e-06
1124.8	1.4449e-06
1125.0	1.9441e-06
1125.2	2.1575e-06
1125.4	2.3943e-06
1125.6	2.6572e-06
1125.8	2.9488e-06
1126.0	3.2725e-06
1126.2	3.6318e-06
1126.4	4.0304e-06
1126.6	4.4728e-06
1126.8	4.9638e-06
1127.0	5.5087e-06
1127.2	5.2616e-06
1127.4	5.0257e-06
1127.6	4.8003e-06
1127.8	4.585e-06
1128.0	4.3794e-06
1128.2	4.183e-06
1128.4	3.9954e-06
1128.6	3.8162e-06
1128.8	3.645e-06
1129.0	3.4816e-06
1129.2	3.4303e-06
1129.4	3.3798e-06
1129.6	3.33e-06
1129.8	3.281e-06
1130.0	3.2327e-06
1130.2	3.1851e-06
1130.4	3.1382e-06
1130.6	3.092e-06
1130.8	3.0465e-06
1131.0	3.0016e-06
1131.2	2.9649e-06
1131.4	2.9285e-06
1131.6	2.8927e-06
1131.8	2.8572e-06
1132.0	2.8222e-06
1132.2	2.7876e-06
1132.4	2.7535e-06
1132.6	2.7198e-06
1132.8	2.6864e-06
1133.0	2.6535e-06
1133.2	2.6766e-06
1133.4	2.7e-06
1133.6	2.7235e-06
1133.8	2.7472e-06
1134.0	2.7711e-06
1134.2	2.7953e-06
1134.4	2.8196e-06
1134.6	2.8442e-06
1134.8	2.869e-06
1135.0	2.894e-06
1135.2	2.8952e-06
1135.4	2.8964e-06
1135.6	2.8976e-06
1135.8	2.8988e-06
1136.0	2.9e-06
1136.2	2.9012e-06
1136.4	2.9024e-06
1136.6	2.9036e-06
1136.8	2.9048e-06
1137.0	2.906e-06
1137.2	2.9478e-06
1137.4	2.9901e-06
1137.6	3.033e-06
1137.8	3.0765e-06
1138.0	3.1207e-06
1138.2	3.1655e-06
1138.4	3.2109e-06
1138.6	3.257e-06
1138.8	3.3038e-06
1139.0	3.3512e-06
1139.2	3.363e-06
1139.4	3.3748e-06
1139.6	3.3866e-06
1139.8	3.3985e-06
1140.0	3.4104e-06
1140.2	3.4224e-06
1140.4	3.4344e-06
1140.6	3.4465e-06
1140.8	3.4586e-06
1141.0	3.4707e-06
1141.2	3.5699e-06
1141.4	3.672e-06
1141.6	3.777e-06
1141.8	3.8849e-06
1142.0	3.996e-06
1142.2	4.1102e-06
1142.4	4.2278e-06
1142.6	4.3486e-06
1142.8	4.4729e-06
1143.0	4.6008e-06
1143.2	4.6045e-06
1143.4	4.6081e-06
1143.6	4.6118e-06
1143.8	4.6155e-06
1144.0	4.6191e-06
1144.2	4.6228e-06
1144.4	4.6265e-06
1144.6	4.6302e-06
1144.8	4.6338e-06
1145.0	4.6375e-06
1145.2	4.1813e-06
1145.4	3.7699e-06
1145.6	3.399e-06
1145.8	3.0646e-06
1146.0	2.7631e-06
1146.2	2.4912e-06
1146.4	2.2461e-06
1146.6	2.0251e-06
1146.8	1.8259e-06
1147.0	1.6462e-06
1147.2	1.6414e-06
1147.4	1.6366e-06
1147.6	1.6318e-06
1147.8	1.627e-06
1148.0	1.6222e-06
1148.2	1.6174e-06
1148.4	1.6126e-06
1148.6	1.6079e-06
1148.8	1.6032e-06
1149.0	1.5985e-06
1149.2	1.7863e-06
1149.4	1.9962e-06
1149.6	2.2308e-06
1149.8	2.493e-06
1150.0	2.786e-06
1150.2	3.1134e-06
1150.4	3.4793e-06
1150.6	3.8881e-06
1150.8	4.3451e-06
1151.0	4.8557e-06
1151.2	4.6639e-06
1151.4	4.4797e-06
1151.6	4.3028e-06
1151.8	4.1329e-06
1152.0	3.9697e-06
1152.2	3.8129e-06
1152.4	3.6623e-06
1152.6	3.5177e-06
1152.8	3.3787e-06
1153.0	3.2453e-06
1153.2	3.305e-06
1153.4	3.3658e-06
1153.6	3.4277e-06
1153.8	3.4908e-06
1154.0	3.555e-06
1154.2	3.6204e-06
1154.4	3.687e-06
1154.6	3.7548e-06
1154.8	3.8239e-06
1155.0	3.8943e-06
1155.2	3.8197e-06
1155.4	3.7465e-06
1155.6	3.6748e-06
1155.8	3.6044e-06
1156.0	3.5354e-06
1156.2	3.4677e-06
1156.4	3.4013e-06
1156.6	3.3361e-06
1156.8	3.2722e-06
1157.0	3.2096e-06
1157.2	3.0358e-06
1157.4	2.8714e-06
1157.6	2.716e-06
1157.8	2.5689e-06
1158.0	2.4299e-06
1158.2	2.2983e-06
1158.4	2.1739e-06
1158.6	2.0562e-06
1158.8	1.9449e-06
1159.0	1.8396e-06
1159.2	1.9895e-06
1159.4	2.1517e-06
1159.6	2.3272e-06
1159.8	2.5169e-06
1160.0	2.7221e-06
1160.2	2.9441e-06
1160.4	3.1841e-06
1160.6	3.4437e-06
1160.8	3.7245e-06
1161.0	4.0282e-06
1161.2	3.9786e-06
1161.4	3.9296e-06
1161.6	3.8812e-06
1161.8	3.8334e-06
1162.0	3.7863e-06
1162.2	3.7396e-06
1162.4	3.6936e-06
1162.6	3.6481e-06
1162.8	3.6032e-06
1163.0	3.5589e-06
1163.2	3.5967e-06
1163.4	3.6349e-06
1163.6	3.6736e-06
1163.8	3.7126e-06
1164.0	3.7521e-06
1164.2	3.792e-06
1164.4	3.8323e-06
1164.6	3.873e-06
1164.8	3.9142e-06
1165.0	3.9558e-06
1165.2	3.6214e-06
1165.4	3.3153e-06
1165.6	3.0351e-06
1165.8	2.7785e-06
1166.0	2.5437e-06
1166.2	2.3287e-06
1166.4	2.1318e-06
1166.6	1.9516e-06
1166.8	1.7867e-06
1167.0	1.6356e-06
1167.2	1.645e-06
1167.4	1.6544e-06
1167.6	1.6639e-06
1167.8	1.6735e-06
1168.0	1.683e-06
1168.2	1.6927e-06
1168.4	1.7024e-06
1168.6	1.7121e-06
1168.8	1.722e-06
1169.0	1.7318e-06
1169.2	1.9391e-06
1169.4	2.1713e-06
1169.6	2.4312e-06
1169.8	2.7222e-06
1170.0	3.0481e-06
1170.2	3.413e-06
1170.4	3.8215e-06
1170.6	4.279e-06
1170.8	4.7913e-06
1171.0	5.3648e-06
1171.2	5.2554e-06
1171.4	5.1482e-06
1171.6	5.0432e-06
1171.8	4.9403e-06
1172.0	4.8395e-06
1172.2	4.7408e-06
1172.4	4.6441e-06
1172.6	4.5494e-06
1172.8	4.4566e-06
1173.0	4.3657e-06
1173.2	4.3243e-06
1173.4	4.2834e-06
1173.6	4.2429e-06
1173.8	4.2027e-06
1174.0	4.1629e-06
1174.2	4.1235e-06
1174.4	4.0845e-06
1174.6	4.0458e-06
1174.8	4.0075e-06
1175.0	3.9695e-06
1175.2	4.0076e-06
1175.4	4.0461e-06
1175.6	4.0849e-06
1175.8	4.1241e-06
1176.0	4.1637e-06
1176.2	4.2036e-06
1176.4	4.244e-06
1176.6	4.2847e-06
1176.8	4.3258e-06
1177.0	4.3673e-06
1177.2	4.2415e-06
1177.4	4.1193e-06
1177.6	4.0006e-06
1177.8	3.8854e-06
1178.0	3.7734e-06
1178.2	3.6647e-06
1178.4	3.5592e-06
1178.6	3.4566e-06
1178.8	3.3571e-06
1179.0	3.2604e-06
1179.2	3.1532e-06
1179.4	3.0496e-06
1179.6	2.9494e-06
1179.8	2.8525e-06
1180.0	2.7588e-06
1180.2	2.6682e-06
1180.4	2.5805e-06
1180.6	2.4957e-06
1180.8	2.4137e-06
1181.0	2.3344e-06
1181.2	2.3723e-06
1181.4	2.4109e-06
1181.6	2.45e-06
1181.8	2.4898e-06
1182.0	2.5302e-06
1182.2	2.5713e-06
1182.4	2.6131e-06
1182.6	2.6555e-06
1182.8	2.6986e-06
1183.0	2.7425e-06
1183.2	2.7943e-06
1183.4	2.8472e-06
1183.6	2.901e-06
1183.8	2.9559e-06
1184.0	3.0118e-06
1184.2	3.0687e-06
1184.4	3.1268e-06
1184.6	3.1859e-06
1184.8	3.2461e-06
1185.0	3.3075e-06
1185.2	3.2461e-06
1185.4	3.1859e-06
1185.6	3.1267e-06
1185.8	3.0687e-06
1186.0	3.0117e-06
1186.2	2.9558e-06
1186.4	2.9009e-06
1186.6	2.8471e-06
1186.8	2.7942e-06
1187.0	2.7424e-06
1187.2	2.7776e-06
1187.4	2.8134e-06
1187.6	2.8496e-06
1187.8	2.8862e-06
1188.0	2.9234e-06
1188.2	2.961e-06
1188.4	2.999e-06
1188.6	3.0376e-06
1188.8	3.0767e-06
1189.0	3.1163e-06
1189.2	3.1224e-06
1189.4	3.1286e-06
1189.6	3.1348e-06
1189.8	3.141e-06
1190.0	3.1472e-06
1190.2	3.1534e-06
1190.4	3.1596e-06
1190.6	3.1659e-06
1190.8	3.1721e-06
1191.0	3.1784e-06
1191.2	3.166e-06
1191.4	3.1537e-06
1191.6	3.1415e-06
1191.8	3.1293e-06
1192.0	3.1171e-06
1192.2	3.105e-06
1192.4	3.0929e-06
1192.6	3.0809e-06
1192.8	3.0689e-06
1193.0	3.057e-06
1193.2	2.6874e-06
1193.4	2.3625e-06
1193.6	2.0769e-06
1193.8	1.8258e-06
1194.0	1.605e-06
1194.2	1.411e-06
1194.4	1.2404e-06
1194.6	1.0904e-06
1194.8	9.586e-07
1195.0	8.4271e-07
1195.2	9.8314e-07
1195.4	1.147e-06
1195.6	1.3381e-06
1195.8	1.5611e-06
1196.0	1.8213e-06
1196.2	2.1248e-06
1196.4	2.4789e-06
1196.6	2.892e-06
1196.8	3.3739e-06
1197.0	3.9362e-06
1197.2	3.9277e-06
1197.4	3.9192e-06
1197.6	3.9108e-06
1197.8	3.9024e-06
1198.0	3.894e-06
1198.2	3.8856e-06
1198.4	3.8772e-06
1198.6	3.8689e-06
1198.8	3.8605e-06
1199.0	3.8522e-06
1199.2	3.7658e-06
1199.4	3.6813e-06
1199.6	3.5987e-06
1199.8	3.518e-06
1200.0	3.4391e-06
1200.2	3.3619e-06
1200.4	3.2865e-06
1200.6	3.2128e-06
1200.8	3.1407e-06
1201.0	3.0702e-06
1201.2	3.133e-06
1201.4	3.1971e-06
1201.6	3.2625e-06
1201.8	3.3292e-06
1202.0	3.3973e-06
1202.2	3.4668e-06
1202.4	3.5377e-06
1202.6	3.6101e-06
1202.8	3.6839e-06
1203.0	3.7592e-06
1203.2	3.7332e-06
1203.4	3.7073e-06
1203.6	3.6816e-06
1203.8	3.656e-06
1204.0	3.6307e-06
1204.2	3.6055e-06
1204.4	3.5805e-06
1204.6	3.5557e-06
1204.8	3.531e-06
1205.0	3.5065e-06
1205.2	3.6553e-06
1205.4	3.8104e-06
1205.6	3.9721e-06
1205.8	4.1406e-06
1206.0	4.3162e-06
1206.2	4.4994e-06
1206.4	4.6903e-06
1206.6	4.8892e-06
1206.8	5.0967e-06
1207.0	5.3129e-06
1207.2	5.3261e-06
1207.4	5.3393e-06
1207.6	5.3525e-06
1207.8	5.3658e-06
1208.0	5.3791e-06
1208.2	5.3924e-06
1208.4	5.4058e-06
1208.6	5.4192e-06
1208.8	5.4326e-06
1209.0	5.4461e-06
1209.2	5.5367e-06
1209.4	5.6288e-06
1209.6	5.7225e-06
1209.8	5.8177e-06
1210.0	5.9145e-06
1210.2	6.0129e-06
1210.4	6.1129e-06
1210.6	6.2146e-06
1210.8	6.318e-06
1211.0	6.4232e-06
1211.2	6.6135e-06
1211.4	6.8094e-06
1211.6	7.0111e-06
1211.8	7.2188e-06
1212.0	7.4327e-06
1212.2	7.6529e-06
1212.4	7.8796e-06
1212.6	8.1131e-06
1212.8	8.3534e-06
1213.0	8.6009e-06
1213.2	8.9204e-06
1213.4	9.2518e-06
1213.6	9.5955e-06
1213.8	9.9519e-06
1214.0	1.0322e-05
1214.2	1.0705e-05
1214.4	1.1103e-05
1214.6	1.1515e-05
1214.8	1.1943e-05
1215.0	1.2387e-05
1215.2	1.4667e-05
1215.4	1.7367e-05
1215.6	2.0565e-05
1215.8	2.4351e-05
1216.0	2.8666e-05
1216.2	2.8703e-05
1216.4	2.8741e-05
1216.6	2.8779e-05
1216.8	2.8816e-05
1217.0	2.8855e-05
1217.2	2.8916e-05
1217.4	2.8978e-05
1217.6	2.904e-05
1217.8	2.9102e-05
1218.0	2.9163e-05
1218.2	2.913e-05
1218.4	2.9098e-05
1218.6	2.9065e-05
1218.8	2.9033e-05
1219.0	2.9002e-05
1219.2	2.9003e-05
1219.4	2.9004e-05
1219.6	2.9005e-05
1219.8	2.9007e-05
1220.0	2.9009e-05
1220.2	2.9058e-05
1220.4	2.9106e-05
1220.6	2.9155e-05
1220.8	2.9203e-05
1221.0	2.9251e-05
1221.2	2.9233e-05
1221.4	2.9215e-05
1221.6	2.9197e-05
1221.8	2.9179e-05
1222.0	2.9161e-05
1222.2	2.9192e-05
1222.4	2.9224e-05
1222.6	2.9255e-05
1222.8	2.9287e-05
1223.0	2.9315e-05
1223.2	2.928e-05
1223.4	2.9244e-05
1223.6	2.9208e-05
1223.8	2.9173e-05
1224.0	2.914e-05
1224.2	2.9207e-05
1224.4	2.9273e-05
1224.6	2.934e-05
1224.8	2.9407e-05
1225.0	2.9473e-05
1225.2	2.9519e-05
1225.4	2.9564e-05
1225.6	2.9609e-05
1225.8	2.9655e-05
1226.0	2.9699e-05
1226.2	2.9617e-05
1226.4	2.9535e-05
1226.6	2.9453e-05
1226.8	2.9372e-05
1227.0	2.9295e-05
1227.2	2.9324e-05
1227.4	2.9353e-05
1227.6	2.9382e-05
1227.8	2.9411e-05
1228.0	2.9441e-05
1228.2	2.9468e-05
1228.4	2.9495e-05
1228.6	2.9522e-05
1228.8	2.9549e-05
1229.0	2.9576e-05
1229.2	2.9587e-05
1229.4	2.9598e-05
1229.6	2.961e-05
1229.8	2.9621e-05
1230.0	2.9633e-05
1230.2	2.9686e-05
1230.4	2.974e-05
1230.6	2.9794e-05
1230.8	2.9847e-05
1231.0	2.9899e-05
1231.2	2.9893e-05
1231.4	2.9888e-05
1231.6	2.9883e-05
1231.8	2.9878e-05
1232.0	2.9872e-05
1232.2	2.985e-05
1232.4	2.9828e-05
1232.6	2.9807e-05
1232.8	2.9785e-05
1233.0	2.9901e-05
1233.2	3.5931e-05
1233.4	4.3177e-05
1233.6	5.1884e-05
1233.8	6.2346e-05
1234.0	7.4688e-05
1234.2	7.6898e-05
1234.4	7.9174e-05
1234.6	8.1517e-05
1234.8	8.393e-05
1235.0	8.6433e-05
1235.2	9.0972e-05
1235.4	9.5751e-05
1235.6	1.0078e-04
1235.8	1.0607e-04
1236.0	1.118e-04
1236.2	1.2145e-04
1236.4	1.3194e-04
1236.6	1.4333e-04
1236.8	1.557e-04
1237.0	1.6879e-04
1237.2	1.7407e-04
1237.4	1.7951e-04
1237.6	1.8512e-04
1237.8	1.9091e-04
1238.0	1.9676e-04
1238.2	1.9905e-04
1238.4	2.0136e-04
1238.6	2.037e-04
1238.8	2.0606e-04
1239.0	2.0859e-04
1239.2	2.1657e-04
1239.4	2.2486e-04
1239.6	2.3347e-04
1239.8	2.4241e-04
1240.0	2.5161e-04
1240.2	2.5327e-04
1240.4	2.5494e-04
1240.6	2.5662e-04
1240.8	2.5831e-04
1241.0	2.5974e-04
1241.2	2.5602e-04
1241.4	2.5234e-04
1241.6	2.4872e-04
1241.8	2.4516e-04
1242.0	2.4171e-04
1242.2	2.4012e-04
1242.4	2.3855e-04
1242.6	2.3698e-04
1242.8	2.3542e-04
1243.0	2.3359e-04
1243.2	2.231e-04
1243.4	2.1308e-04
1243.6	2.0352e-04
1243.8	1.9438e-04
1244.0	1.8567e-04
1244.2	1.7829e-04
1244.4	1.7121e-04
1244.6	1.6441e-04
1244.8	1.5787e-04
1245.0	1.5175e-04
1245.2	1.5558e-04
1245.4	1.5951e-04
1245.6	1.6354e-04
1245.8	1.6767e-04
1246.0	1.7191e-04
1246.2	1.7639e-04
1246.4	1.8099e-04
1246.6	1.8571e-04
1246.8	1.9055e-04
1247.0	1.9508e-04
1247.2	1.8925e-04
1247.4	1.8359e-04
1247.6	1.781e-04
1247.8	1.7278e-04
1248.0	1.6757e-04
1248.2	1.6133e-04
1248.4	1.5531e-04
1248.6	1.4952e-04
1248.8	1.4395e-04
1249.0	1.3871e-04
1249.2	1.3969e-04
1249.4	1.4067e-04
1249.6	1.4166e-04
1249.8	1.4265e-04
1250.0	1.4365e-04
1250.2	1.4431e-04
1250.4	1.4498e-04
1250.6	1.4565e-04
1250.8	1.4632e-04
1251.0	1.4645e-04
1251.2	1.365e-04
1251.4	1.2722e-04
1251.6	1.1857e-04
1251.8	1.1051e-04
1252.0	1.0368e-04
1252.2	1.1398e-04
1252.4	1.2529e-04
1252.6	1.3773e-04
1252.8	1.514e-04
1253.0	1.6604e-04
1253.2	1.6877e-04
1253.4	1.7154e-04
1253.6	1.7436e-04
1253.8	1.7723e-04
1254.0	1.8e-04
1254.2	1.7374e-04
1254.4	1.677e-04
1254.6	1.6187e-04
1254.8	1.5624e-04
1255.0	1.5091e-04
1255.2	1.5634e-04
1255.4	1.6195e-04
1255.6	1.6777e-04
1255.8	1.738e-04
1256.0	1.7974e-04
1256.2	1.7932e-04
1256.4	1.7891e-04
1256.6	1.785e-04
1256.8	1.7809e-04
1257.0	1.7777e-04
1257.2	1.8007e-04
1257.4	1.824e-04
1257.6	1.8475e-04
1257.8	1.8714e-04
1258.0	1.8951e-04
1258.2	1.8919e-04
1258.4	1.8887e-04
1258.6	1.8855e-04
1258.8	1.8823e-04
1259.0	1.8809e-04
1259.2	2.0021e-04
1259.4	2.131e-04
1259.6	2.2682e-04
1259.8	2.4143e-04
1260.0	2.5694e-04
1260.2	2.6377e-04
1260.4	2.7079e-04
1260.6	2.7799e-04
1260.8	2.8539e-04
1261.0	2.9306e-04
1261.2	3.0336e-04
1261.4	3.1403e-04
1261.6	3.2506e-04
1261.8	3.3649e-04
1262.0	3.4804e-04
1262.2	3.4916e-04
1262.4	3.5028e-04
1262.6	3.5141e-04
1262.8	3.5254e-04
1263.0	3.5368e-04
1263.2	3.5643e-04
1263.4	3.5919e-04
1263.6	3.6198e-04
1263.8	3.6478e-04
1264.0	3.6786e-04
1264.2	3.7698e-04
1264.4	3.8632e-04
1264.6	3.9589e-04
1264.8	4.0571e-04
1265.0	4.1581e-04
1265.2	4.2769e-04
1265.4	4.3991e-04
1265.6	4.5248e-04
1265.8	4.6541e-04
1266.0	4.7861e-04
1266.2	4.8549e-04
1266.4	4.9247e-04
1266.6	4.9956e-04
1266.8	5.0674e-04
1267.0	5.1422e-04
1267.2	5.2587e-04
1267.4	5.3779e-04
1267.6	5.4998e-04
1267.8	5.6244e-04
1268.0	5.749e-04
1268.2	5.7961e-04
1268.4	5.8435e-04
1268.6	5.8914e-04
1268.8	5.9396e-04
1269.0	5.9907e-04
1269.2	6.1413e-04
1269.4	6.2957e-04
1269.6	6.454e-04
1269.8	6.6162e-04
1270.0	6.7813e-04
1270.2	6.8674e-04
1270.4	6.9545e-04
1270.6	7.0428e-04
1270.8	7.1322e-04
1271.0	7.2268e-04
1271.2	7.4212e-04
1271.4	7.6208e-04
1271.6	7.8258e-04
1271.8	8.0363e-04
1272.0	8.2467e-04
1272.2	8.2349e-04
1272.4	8.2231e-04
1272.6	8.2114e-04
1272.8	8.1996e-04
1273.0	8.1882e-04
1273.2	8.2126e-04
1273.4	8.237e-04
1273.6	8.2615e-04
1273.8	8.286e-04
1274.0	8.315e-04
1274.2	8.4499e-04
1274.4	8.5869e-04
1274.6	8.7262e-04
1274.8	8.8677e-04
1275.0	9.0098e-04
1275.2	9.0873e-04
1275.4	9.1654e-04
1275.6	9.2442e-04
1275.8	9.3237e-04
1276.0	9.4032e-04
1276.2	9.3369e-04
1276.4	9.271e-04
1276.6	9.2056e-04
1276.8	9.1407e-04
1277.0	9.0838e-04
1277.2	9.272e-04
1277.4	9.4641e-04
1277.6	9.6602e-04
1277.8	9.8604e-04
1278.0	0.00101
1278.2	0.00101
1278.4	0.00102
1278.6	0.00103
1278.8	0.00103
1279.0	0.00104
1279.2	0.00104
1279.4	0.00105
1279.6	0.00105
1279.8	0.00105
1280.0	0.00105
1280.2	0.00104
1280.4	0.00103
1280.6	0.00102
1280.8	0.00101
1281.0	9.9677e-04
1281.2	9.9733e-04
1281.4	9.9789e-04
1281.6	9.9845e-04
1281.8	9.9901e-04
1282.0	9.9977e-04
1282.2	0.00101
1282.4	0.00101
1282.6	0.00102
1282.8	0.00102
1283.0	0.00103
1283.2	0.00104
1283.4	0.00105
1283.6	0.00107
1283.8	0.00108
1284.0	0.00109
1284.2	0.0011
1284.4	0.00112
1284.6	0.00113
1284.8	0.00114
1285.0	0.00116
1285.2	0.00116
1285.4	0.00116
1285.6	0.00116
1285.8	0.00116
1286.0	0.00116
1286.2	0.00116
1286.4	0.00116
1286.6	0.00117
1286.8	0.00117
1287.0	0.00117
1287.2	0.00118
1287.4	0.0012
1287.6	0.00122
1287.8	0.00123
1288.0	0.00125
1288.2	0.00126
1288.4	0.00127
1288.6	0.00128
1288.8	0.00128
1289.0	0.00129
1289.2	0.00132
1289.4	0.00134
1289.6	0.00136
1289.8	0.00138
1290.0	0.00141
1290.2	0.00142
1290.4	0.00143
1290.6	0.00145
1290.8	0.00146
1291.0	0.00148
1291.2	0.00148
1291.4	0.00148
1291.6	0.00149
1291.8	0.00149
1292.0	0.0015
1292.2	0.00155
1292.4	0.0016
1292.6	0.00165
1292.8	0.00171
1293.0	0.00176
1293.2	0.0018
1293.4	0.00183
1293.6	0.00187
1293.8	0.0019
1294.0	0.00194
1294.2	0.00196
1294.4	0.00199
1294.6	0.00202
1294.8	0.00205
1295.0	0.00207
1295.2	0.00212
1295.4	0.00217
1295.6	0.00222
1295.8	0.00227
1296.0	0.00232
1296.2	0.00239
1296.4	0.00246
1296.6	0.00253
1296.8	0.0026
1297.0	0.00267
1297.2	0.00272
1297.4	0.00277
1297.6	0.00282
1297.8	0.00287
1298.0	0.00292
1298.2	0.003
1298.4	0.00307
1298.6	0.00315
1298.8	0.00323
1299.0	0.00331
1299.2	0.0034
1299.4	0.0035
1299.6	0.0036
1299.8	0.00371
1300.0	0.00381
1300.2	0.00395
1300.4	0.00409
1300.6	0.00424
1300.8	0.00439
1301.0	0.00455
1301.2	0.00468
1301.4	0.00481
1301.6	0.00495
1301.8	0.00509
1302.0	0.00523
1302.2	0.00542
1302.4	0.00561
1302.6	0.00581
1302.8	0.00601
1303.0	0.00623
1303.2	0.00648
1303.4	0.00675
1303.6	0.00702
1303.8	0.00731
1304.0	0.00761
1304.2	0.00792
1304.4	0.00825
1304.6	0.00859
1304.8	0.00894
1305.0	0.00931
1305.2	0.00968
1305.4	0.01006
1305.6	0.01046
1305.8	0.01087
1306.0	0.01131
1306.2	0.01188
1306.4	0.01248
1306.6	0.01311
1306.8	0.01377
1307.0	0.01446
1307.2	0.0152
1307.4	0.01598
1307.6	0.01679
1307.8	0.01765
1308.0	0.01855
1308.2	0.01951
1308.4	0.02052
1308.6	0.02158
1308.8	0.02269
1309.0	0.02387
1309.2	0.0253
1309.4	0.02682
1309.6	0.02843
1309.8	0.03013
1310.0	0.03194
1310.2	0.03398
1310.4	0.03614
1310.6	0.03844
1310.8	0.04089
1311.0	0.04349
1311.2	0.04641
1311.4	0.04952
1311.6	0.05283
1311.8	0.05637
1312.0	0.06015
1312.2	0.06422
1312.4	0.06857
1312.6	0.07321
1312.8	0.07816
1313.0	0.08346
1313.2	0.08939
1313.4	0.09573
1313.6	0.10253
1313.8	0.1098
1314.0	0.11758
1314.2	0.12483
1314.4	0.13254
1314.6	0.14072
1314.8	0.1494
1315.0	0.15855
1315.2	0.16639
1315.4	0.1746
1315.6	0.18323
1315.8	0.19228
1316.0	0.2016
1316.2	0.20752
1316.4	0.21361
1316.6	0.21988
1316.8	0.22634
1317.0	0.23286
1317.2	0.23321
1317.4	0.23356
1317.6	0.23391
1317.8	0.23426
1318.0	0.2345
1318.2	0.23168
1318.4	0.22889
1318.6	0.22613
1318.8	0.22341
1319.0	0.22062
1319.2	0.216
1319.4	0.21148
1319.6	0.20705
1319.8	0.20272
1320.0	0.19845
1320.2	0.19335
1320.4	0.18837
1320.6	0.18353
1320.8	0.17881
1321.0	0.17425
1321.2	0.17114
1321.4	0.16808
1321.6	0.16508
1321.8	0.16213
1322.0	0.15921
1322.2	0.1559
1322.4	0.15267
1322.6	0.14949
1322.8	0.14639
1323.0	0.14338
1323.2	0.14174
1323.4	0.14013
1323.6	0.13853
1323.8	0.13695
1324.0	0.1354
1324.2	0.13409
1324.4	0.1328
1324.6	0.13152
1324.8	0.13025
1325.0	0.12902
1325.2	0.12842
1325.4	0.12783
1325.6	0.12724
1325.8	0.12665
1326.0	0.12608
1326.2	0.12643
1326.4	0.12678
1326.6	0.12713
1326.8	0.12749
1327.0	0.12784
1327.2	0.1281
1327.4	0.12835
1327.6	0.12861
1327.8	0.12887
1328.0	0.12918
1328.2	0.13075
1328.4	0.13234
1328.6	0.13395
1328.8	0.13558
1329.0	0.13722
1329.2	0.1386
1329.4	0.14
1329.6	0.14141
1329.8	0.14283
1330.0	0.1443
1330.2	0.14719
1330.4	0.15013
1330.6	0.15313
1330.8	0.15619
1331.0	0.1593
1331.2	0.16227
1331.4	0.16528
1331.6	0.16836
1331.8	0.17149
1332.0	0.17468
1332.2	0.17948
1332.4	0.1844
1332.6	0.18946
1332.8	0.19466
1333.0	0.2
1333.2	0.20544
1333.4	0.21102
1333.6	0.21675
1333.8	0.22264
1334.0	0.22872
1334.2	0.23609
1334.4	0.2437
1334.6	0.25155
1334.8	0.25965
1335.0	0.26802
1335.2	0.2773
1335.4	0.28691
1335.6	0.29685
1335.8	0.30714
1336.0	0.31778
1336.2	0.32901
1336.4	0.34064
1336.6	0.35267
1336.8	0.36514
1337.0	0.37802
1337.2	0.39091
1337.4	0.40424
1337.6	0.41802
1337.8	0.43227
1338.0	0.44688
1338.2	0.45927
1338.4	0.472
1338.6	0.48508
1338.8	0.49853
1339.0	0.51229
1339.2	0.52313
1339.4	0.53419
1339.6	0.54549
1339.8	0.55703
1340.0	0.56854
1340.2	0.57132
1340.4	0.57411
1340.6	0.57692
1340.8	0.57974
1341.0	0.58232
1341.2	0.57898
1341.4	0.57565
1341.6	0.57234
1341.8	0.56905
1342.0	0.56565
1342.2	0.55364
1342.4	0.54188
1342.6	0.53037
1342.8	0.51911
1343.0	0.50804
1343.2	0.49545
1343.4	0.48317
1343.6	0.47119
1343.8	0.45952
1344.0	0.44799
1344.2	0.43363
1344.4	0.41972
1344.6	0.40626
1344.8	0.39323
1345.0	0.38063
1345.2	0.36914
1345.4	0.358
1345.6	0.34719
1345.8	0.33671
1346.0	0.32652
1346.2	0.31579
1346.4	0.30542
1346.6	0.29539
1346.8	0.28569
1347.0	0.27633
1347.2	0.26779
1347.4	0.2595
1347.6	0.25148
1347.8	0.2437
1348.0	0.23618
1348.2	0.22997
1348.4	0.22392
1348.6	0.21803
1348.8	0.2123
1349.0	0.20668
1349.2	0.19972
1349.4	0.193
1349.6	0.18651
1349.8	0.18023
1350.0	0.17434
1350.2	0.17272
1350.4	0.17111
1350.6	0.16952
1350.8	0.16794
1351.0	0.16631
1351.2	0.16052
1351.4	0.15493
1351.6	0.14954
1351.8	0.14433
1352.0	0.13945
1352.2	0.13947
1352.4	0.13949
1352.6	0.13951
1352.8	0.13953
1353.0	0.13945
1353.2	0.13727
1353.4	0.13511
1353.6	0.13299
1353.8	0.13091
1354.0	0.12886
1354.2	0.12717
1354.4	0.12551
1354.6	0.12387
1354.8	0.12225
1355.0	0.12066
1355.2	0.1192
1355.4	0.11776
1355.6	0.11634
1355.8	0.11494
1356.0	0.11355
1356.2	0.11258
1356.4	0.11162
1356.6	0.11067
1356.8	0.10973
1357.0	0.10886
1357.2	0.11062
1357.4	0.11241
1357.6	0.11423
1357.8	0.11607
1358.0	0.11763
1358.2	0.11072
1358.4	0.10421
1358.6	0.09809
1358.8	0.09232
1359.0	0.08698
1359.2	0.08969
1359.4	0.0925
1359.6	0.09539
1359.8	0.09837
1360.0	0.10136
1360.2	0.1015
1360.4	0.10165
1360.6	0.1018
1360.8	0.10195
1361.0	0.10207
1361.2	0.09609
1361.4	0.09046
1361.6	0.08516
1361.8	0.08017
1362.0	0.07569
1362.2	0.07999
1362.4	0.08454
1362.6	0.08934
1362.8	0.09442
1363.0	0.09958
1363.2	0.09981
1363.4	0.10003
1363.6	0.10026
1363.8	0.10049
1364.0	0.10067
1364.2	0.09882
1364.4	0.09699
1364.6	0.0952
1364.8	0.09344
1365.0	0.09185
1365.2	0.09409
1365.4	0.09638
1365.6	0.09873
1365.8	0.10114
1366.0	0.10358
1366.2	0.10464
1366.4	0.10572
1366.6	0.10681
1366.8	0.10791
1367.0	0.10894
1367.2	0.10782
1367.4	0.10671
1367.6	0.10562
1367.8	0.10454
1368.0	0.10348
1368.2	0.10454
1368.4	0.1056
1368.6	0.10668
1368.8	0.10776
1369.0	0.10883
1369.2	0.10902
1369.4	0.1092
1369.6	0.10939
1369.8	0.10958
1370.0	0.10977
1370.2	0.11106
1370.4	0.11236
1370.6	0.11369
1370.8	0.11502
1371.0	0.11635
1371.2	0.117
1371.4	0.11766
1371.6	0.11832
1371.8	0.11898
1372.0	0.11964
1372.2	0.11912
1372.4	0.1186
1372.6	0.11809
1372.8	0.11757
1373.0	0.11719
1373.2	0.12039
1373.4	0.12367
1373.6	0.12705
1373.8	0.13051
1374.0	0.13401
1374.2	0.1334
1374.4	0.1328
1374.6	0.1322
1374.8	0.1316
1375.0	0.13107
1375.2	0.1322
1375.4	0.13333
1375.6	0.13447
1375.8	0.13562
1376.0	0.13678
1376.2	0.13799
1376.4	0.13922
1376.6	0.14045
1376.8	0.14169
1377.0	0.14289
1377.2	0.14294
1377.4	0.14299
1377.6	0.14304
1377.8	0.14309
1378.0	0.14317
1378.2	0.1447
1378.4	0.14626
1378.6	0.14783
1378.8	0.14941
1379.0	0.15116
1379.2	0.15578
1379.4	0.16053
1379.6	0.16544
1379.8	0.17049
1380.0	0.17548
1380.2	0.17349
1380.4	0.17152
1380.6	0.16957
1380.8	0.16765
1381.0	0.16578
1381.2	0.16758
1381.4	0.16939
1381.6	0.17122
1381.8	0.17308
1382.0	0.17494
1382.2	0.17651
1382.4	0.17809
1382.6	0.17969
1382.8	0.18131
1383.0	0.18294
1383.2	0.18468
1383.4	0.18644
1383.6	0.18822
1383.8	0.19001
1384.0	0.19182
1384.2	0.1931
1384.4	0.19439
1384.6	0.19569
1384.8	0.197
1385.0	0.19828
1385.2	0.1987
1385.4	0.19912
1385.6	0.19954
1385.8	0.19996
1386.0	0.20046
1386.2	0.20413
1386.4	0.20786
1386.6	0.21166
1386.8	0.21553
1387.0	0.21942
1387.2	0.22001
1387.4	0.22061
1387.6	0.2212
1387.8	0.2218
1388.0	0.22255
1388.2	0.22658
1388.4	0.23068
1388.6	0.23486
1388.8	0.23911
1389.0	0.2434
1389.2	0.2465
1389.4	0.24965
1389.6	0.25284
1389.8	0.25606
1390.0	0.25934
1390.2	0.26316
1390.4	0.26703
1390.6	0.27097
1390.8	0.27496
1391.0	0.27901
1391.2	0.28313
1391.4	0.28732
1391.6	0.29157
1391.8	0.29588
1392.0	0.30021
1392.2	0.30366
1392.4	0.30714
1392.6	0.31067
1392.8	0.31423
1393.0	0.31788
1393.2	0.32284
1393.4	0.32787
1393.6	0.33299
1393.8	0.33818
1394.0	0.3434
1394.2	0.34677
1394.4	0.35016
1394.6	0.35359
1394.8	0.35705
1395.0	0.36061
1395.2	0.36729
1395.4	0.3741
1395.6	0.38104
1395.8	0.3881
1396.0	0.39529
1396.2	0.39979
1396.4	0.40435
1396.6	0.40896
1396.8	0.41363
1397.0	0.41834
1397.2	0.42314
1397.4	0.42799
1397.6	0.4329
1397.8	0.43787
1398.0	0.44263
1398.2	0.44121
1398.4	0.43979
1398.6	0.43838
1398.8	0.43698
1399.0	0.43597
1399.2	0.44766
1399.4	0.45967
1399.6	0.472
1399.8	0.48466
1400.0	0.49744
1400.2	0.49929
1400.4	0.50114
1400.6	0.50301
1400.8	0.50487
1401.0	0.50667
1401.2	0.50465
1401.4	0.50263
1401.6	0.50062
1401.8	0.49861
1402.0	0.49663
1402.2	0.49526
1402.4	0.49389
1402.6	0.49253
1402.8	0.49117
1403.0	0.48978
1403.2	0.48682
1403.4	0.48389
1403.6	0.48097
1403.8	0.47807
1404.0	0.47518
1404.2	0.47185
1404.4	0.46853
1404.6	0.46524
1404.8	0.46198
1405.0	0.45871
1405.2	0.45437
1405.4	0.45007
1405.6	0.4458
1405.8	0.44158
1406.0	0.43738
1406.2	0.43228
1406.4	0.42723
1406.6	0.42225
1406.8	0.41732
1407.0	0.41243
1407.2	0.40627
1407.4	0.40019
1407.6	0.39421
1407.8	0.38831
1408.0	0.3825
1408.2	0.37656
1408.4	0.37071
1408.6	0.36496
1408.8	0.35929
1409.0	0.35372
1409.2	0.34914
1409.4	0.34462
1409.6	0.34016
1409.8	0.33575
1410.0	0.3314
1410.2	0.32622
1410.4	0.32112
1410.6	0.31611
1410.8	0.31117
1411.0	0.30631
1411.2	0.30188
1411.4	0.29752
1411.6	0.29322
1411.8	0.28899
1412.0	0.28482
1412.2	0.28096
1412.4	0.27716
1412.6	0.27341
1412.8	0.26971
1413.0	0.26608
1413.2	0.2632
1413.4	0.26036
1413.6	0.25755
1413.8	0.25477
1414.0	0.25199
1414.2	0.24802
1414.4	0.24411
1414.6	0.24027
1414.8	0.23649
1415.0	0.23279
1415.2	0.22991
1415.4	0.22706
1415.6	0.22425
1415.8	0.22147
1416.0	0.2187
1416.2	0.2156
1416.4	0.21254
1416.6	0.20952
1416.8	0.20654
1417.0	0.2037
1417.2	0.20256
1417.4	0.20143
1417.6	0.2003
1417.8	0.19917
1418.0	0.19806
1418.2	0.19738
1418.4	0.19669
1418.6	0.19601
1418.8	0.19533
1419.0	0.19463
1419.2	0.1928
1419.4	0.19099
1419.6	0.1892
1419.8	0.18743
1420.0	0.18569
1420.2	0.18477
1420.4	0.18386
1420.6	0.18295
1420.8	0.18205
1421.0	0.18114
1421.2	0.1801
1421.4	0.17907
1421.6	0.17804
1421.8	0.17701
1422.0	0.17602
1422.2	0.17537
1422.4	0.17473
1422.6	0.17409
1422.8	0.17345
1423.0	0.17282
1423.2	0.17218
1423.4	0.17154
1423.6	0.1709
1423.8	0.17027
1424.0	0.16965
1424.2	0.16929
1424.4	0.16893
1424.6	0.16857
1424.8	0.16822
1425.0	0.16789
1425.2	0.16822
1425.4	0.16855
1425.6	0.16889
1425.8	0.16922
1426.0	0.16955
1426.2	0.17027
1426.4	0.171
1426.6	0.17172
1426.8	0.17245
1427.0	0.17317
1427.2	0.17344
1427.4	0.1737
1427.6	0.17396
1427.8	0.17423
1428.0	0.1745
1428.2	0.17501
1428.4	0.17553
1428.6	0.17604
1428.8	0.17656
1429.0	0.1771
1429.2	0.17827
1429.4	0.17945
1429.6	0.18064
1429.8	0.18183
1430.0	0.18304
1430.2	0.18469
1430.4	0.18635
1430.6	0.18803
1430.8	0.18972
1431.0	0.19138
1431.2	0.19171
1431.4	0.19204
1431.6	0.19237
1431.8	0.1927
1432.0	0.19304
1432.2	0.19461
1432.4	0.19618
1432.6	0.19777
1432.8	0.19937
1433.0	0.20099
1433.2	0.20273
1433.4	0.20449
1433.6	0.20626
1433.8	0.20804
1434.0	0.20986
1434.2	0.21217
1434.4	0.21449
1434.6	0.21685
1434.8	0.21923
1435.0	0.22163
1435.2	0.22402
1435.4	0.22645
1435.6	0.22889
1435.8	0.23137
1436.0	0.23387
1436.2	0.23658
1436.4	0.23932
1436.6	0.24209
1436.8	0.24489
1437.0	0.24773
1437.2	0.25067
1437.4	0.25365
1437.6	0.25666
1437.8	0.25971
1438.0	0.26279
1438.2	0.26548
1438.4	0.2682
1438.6	0.27094
1438.8	0.27372
1439.0	0.27653
1439.2	0.28046
1439.4	0.28445
1439.6	0.28849
1439.8	0.29259
1440.0	0.29672
1440.2	0.29985
1440.4	0.30302
1440.6	0.30622
1440.8	0.30945
1441.0	0.31272
1441.2	0.31615
1441.4	0.31962
1441.6	0.32313
1441.8	0.32668
1442.0	0.33025
1442.2	0.33343
1442.4	0.33663
1442.6	0.33987
1442.8	0.34314
1443.0	0.34643
1443.2	0.3495
1443.4	0.35259
1443.6	0.3557
1443.8	0.35885
1444.0	0.362
1444.2	0.36436
1444.4	0.36674
1444.6	0.36913
1444.8	0.37154
1445.0	0.37395
1445.2	0.37571
1445.4	0.37747
1445.6	0.37924
1445.8	0.38102
1446.0	0.38278
1446.2	0.38367
1446.4	0.38457
1446.6	0.38547
1446.8	0.38637
1447.0	0.38726
1447.2	0.38755
1447.4	0.38783
1447.6	0.38812
1447.8	0.38841
1448.0	0.38865
1448.2	0.3877
1448.4	0.38676
1448.6	0.38582
1448.8	0.38488
1449.0	0.38395
1449.2	0.38295
1449.4	0.38196
1449.6	0.38097
1449.8	0.37998
1450.0	0.37893
1450.2	0.37634
1450.4	0.37378
1450.6	0.37123
1450.8	0.3687
1451.0	0.36619
1451.2	0.36392
1451.4	0.36166
1451.6	0.35942
1451.8	0.35719
1452.0	0.35497
1452.2	0.35158
1452.4	0.34821
1452.6	0.34488
1452.8	0.34158
1453.0	0.33832
1453.2	0.33523
1453.4	0.33217
1453.6	0.32914
1453.8	0.32614
1454.0	0.32316
1454.2	0.32011
1454.4	0.31709
1454.6	0.31409
1454.8	0.31113
1455.0	0.30817
1455.2	0.30495
1455.4	0.30176
1455.6	0.2986
1455.8	0.29547
1456.0	0.29239
1456.2	0.28955
1456.4	0.28675
1456.6	0.28397
1456.8	0.28122
1457.0	0.27849
1457.2	0.2756
1457.4	0.27274
1457.6	0.26991
1457.8	0.26711
1458.0	0.26435
1458.2	0.26214
1458.4	0.25994
1458.6	0.25776
1458.8	0.2556
1459.0	0.25345
1459.2	0.25102
1459.4	0.24861
1459.6	0.24622
1459.8	0.24386
1460.0	0.24154
1460.2	0.23975
1460.4	0.23797
1460.6	0.23621
1460.8	0.23446
1461.0	0.23271
1461.2	0.23075
1461.4	0.2288
1461.6	0.22687
1461.8	0.22496
1462.0	0.22307
1462.2	0.22165
1462.4	0.22025
1462.6	0.21886
1462.8	0.21747
1463.0	0.21609
1463.2	0.21466
1463.4	0.21324
1463.6	0.21183
1463.8	0.21043
1464.0	0.20905
1464.2	0.20808
1464.4	0.20711
1464.6	0.20614
1464.8	0.20518
1465.0	0.20422
1465.2	0.20303
1465.4	0.20184
1465.6	0.20066
1465.8	0.19949
1466.0	0.19835
1466.2	0.19799
1466.4	0.19763
1466.6	0.19726
1466.8	0.1969
1467.0	0.19653
1467.2	0.19567
1467.4	0.19481
1467.6	0.19395
1467.8	0.1931
1468.0	0.19226
1468.2	0.19197
1468.4	0.19167
1468.6	0.19138
1468.8	0.19109
1469.0	0.19079
1469.2	0.19031
1469.4	0.18983
1469.6	0.18935
1469.8	0.18888
1470.0	0.18842
1470.2	0.18851
1470.4	0.1886
1470.6	0.1887
1470.8	0.18879
1471.0	0.18888
1471.2	0.18913
1471.4	0.18939
1471.6	0.18964
1471.8	0.18989
1472.0	0.19015
1472.2	0.19058
1472.4	0.19101
1472.6	0.19145
1472.8	0.19188
1473.0	0.19232
1473.2	0.19281
1473.4	0.19331
1473.6	0.1938
1473.8	0.1943
1474.0	0.1948
1474.2	0.19545
1474.4	0.1961
1474.6	0.19675
1474.8	0.1974
1475.0	0.19806
1475.2	0.19893
1475.4	0.19981
1475.6	0.20069
1475.8	0.20157
1476.0	0.20246
1476.2	0.2034
1476.4	0.20434
1476.6	0.20528
1476.8	0.20623
1477.0	0.20718
1477.2	0.20838
1477.4	0.20959
1477.6	0.2108
1477.8	0.21202
1478.0	0.21325
1478.2	0.21475
1478.4	0.21626
1478.6	0.21778
1478.8	0.21931
1479.0	0.22085
1479.2	0.2226
1479.4	0.22435
1479.6	0.22613
1479.8	0.22791
1480.0	0.22971
1480.2	0.23165
1480.4	0.2336
1480.6	0.23558
1480.8	0.23756
1481.0	0.23958
1481.2	0.2418
1481.4	0.24405
1481.6	0.24632
1481.8	0.24861
1482.0	0.25092
1482.2	0.25332
1482.4	0.25575
1482.6	0.2582
1482.8	0.26067
1483.0	0.26317
1483.2	0.26584
1483.4	0.26854
1483.6	0.27127
1483.8	0.27403
1484.0	0.27683
1484.2	0.28014
1484.4	0.28348
1484.6	0.28687
1484.8	0.2903
1485.0	0.29377
1485.2	0.29744
1485.4	0.30116
1485.6	0.30493
1485.8	0.30874
1486.0	0.31261
1486.2	0.31688
1486.4	0.32121
1486.6	0.3256
1486.8	0.33005
1487.0	0.33455
1487.2	0.33899
1487.4	0.34349
1487.6	0.34804
1487.8	0.35266
1488.0	0.35734
1488.2	0.36186
1488.4	0.36645
1488.6	0.37109
1488.8	0.3758
1489.0	0.38058
1489.2	0.38593
1489.4	0.39137
1489.6	0.39688
1489.8	0.40247
1490.0	0.40814
1490.2	0.41409
1490.4	0.42013
1490.6	0.42626
1490.8	0.43248
1491.0	0.43881
1491.2	0.44555
1491.4	0.45238
1491.6	0.45933
1491.8	0.46638
1492.0	0.47354
1492.2	0.48083
1492.4	0.48822
1492.6	0.49573
1492.8	0.50336
1493.0	0.5111
1493.2	0.51817
1493.4	0.52533
1493.6	0.53259
1493.8	0.53996
1494.0	0.54741
1494.2	0.55481
1494.4	0.56231
1494.6	0.56991
1494.8	0.57761
1495.0	0.58542
1495.2	0.59335
1495.4	0.60138
1495.6	0.60953
1495.8	0.61778
1496.0	0.62615
1496.2	0.63475
1496.4	0.64346
1496.6	0.6523
1496.8	0.66125
1497.0	0.67031
1497.2	0.67862
1497.4	0.68703
1497.6	0.69555
1497.8	0.70417
1498.0	0.71282
1498.2	0.72022
1498.4	0.72769
1498.6	0.73524
1498.8	0.74287
1499.0	0.75054
1499.2	0.75703
1499.4	0.76357
1499.6	0.77017
1499.8	0.77683
1500.0	0.78354
