Data format:  Wavelength (nm) <tab> Transmission (0-1)
970.0	1.0e-07
970.2	1.0e-07
970.4	1.0e-07
970.6	1.0e-07
970.8	1.0e-07
971.0	1.0e-07
971.2	1.0e-07
971.4	1.0e-07
971.6	1.0e-07
971.8	1.0e-07
972.0	1.0e-07
972.2	1.0e-07
972.4	1.0e-07
972.6	1.0e-07
972.8	1.0e-07
973.0	1.0e-07
973.2	1.0e-07
973.4	1.0e-07
973.6	1.0e-07
973.8	1.0e-07
974.0	1.0e-07
974.2	1.0e-07
974.4	1.0e-07
974.6	1.0e-07
974.8	1.0e-07
975.0	1.0e-07
975.2	1.0e-07
975.4	1.0e-07
975.6	1.0e-07
975.8	1.0e-07
976.0	1.0e-07
976.2	1.0e-07
976.4	1.0e-07
976.6	1.0e-07
976.8	1.0e-07
977.0	1.0e-07
977.2	1.0e-07
977.4	1.0e-07
977.6	1.0e-07
977.8	1.0e-07
978.0	1.0e-07
978.2	1.0e-07
978.4	1.0e-07
978.6	1.0e-07
978.8	1.0e-07
979.0	1.0e-07
979.2	1.0e-07
979.4	1.0e-07
979.6	1.0e-07
979.8	1.0e-07
980.0	1.0e-07
980.2	1.0e-07
980.4	1.0e-07
980.6	1.0e-07
980.8	1.0e-07
981.0	1.0e-07
981.2	1.0e-07
981.4	1.4646e-07
981.6	2.9064e-07
981.8	8.8982e-07
982.0	3.479e-06
982.2	1.09e-05
982.4	2.82e-05
982.6	8.76e-05
982.8	3.394e-04
983.0	0.00148
983.2	0.0049
983.4	0.01377
983.6	0.05657
983.8	0.17583
984.0	0.3023
984.2	0.5349
984.4	0.79245
984.6	0.9071
984.8	0.95157
985.0	0.96982
985.2	0.97475
985.4	0.97301
985.6	0.97092
985.8	0.97163
986.0	0.97455
986.2	0.97718
986.4	0.97798
986.6	0.97674
986.8	0.9738
987.0	0.97145
987.2	0.97139
987.4	0.97298
987.6	0.97537
987.8	0.97785
988.0	0.97908
988.2	0.97849
988.4	0.97738
988.6	0.97612
988.8	0.97528
989.0	0.97547
989.2	0.97705
989.4	0.9784
989.6	0.97904
989.8	0.9793
990.0	0.9787
990.2	0.97778
990.4	0.97647
990.6	0.97517
990.8	0.97427
991.0	0.97423
991.2	0.97514
991.4	0.97615
991.6	0.97707
991.8	0.97836
992.0	0.97918
992.2	0.97926
992.4	0.9783
992.6	0.97706
992.8	0.97605
993.0	0.97537
993.2	0.9751
993.4	0.97496
993.6	0.97543
993.8	0.9766
994.0	0.978
994.2	0.97882
994.4	0.97969
994.6	0.98002
994.8	0.97986
995.0	0.97925
995.2	0.97786
995.4	0.97702
995.6	0.97585
995.8	0.97539
996.0	0.97521
996.2	0.97509
996.4	0.97562
996.6	0.97653
996.8	0.97689
997.0	0.9781
997.2	0.97923
997.4	0.97986
997.6	0.97995
997.8	0.97989
998.0	0.97963
998.2	0.97855
998.4	0.97751
998.6	0.97678
998.8	0.97615
999.0	0.9755
999.2	0.97454
999.4	0.97435
999.6	0.97484
999.8	0.97534
1000.0	0.97598
1000.2	0.97716
1000.4	0.97807
1000.6	0.97874
1000.8	0.9792
1001.0	0.98045
1001.2	0.98049
1001.4	0.97965
1001.6	0.97892
1001.8	0.97818
1002.0	0.97708
1002.2	0.9758
1002.4	0.97473
1002.6	0.97427
1002.8	0.97439
1003.0	0.97477
1003.2	0.97479
1003.4	0.97572
1003.6	0.97706
1003.8	0.97735
1004.0	0.9784
1004.2	0.97893
1004.4	0.97882
1004.6	0.97978
1004.8	0.97929
1005.0	0.9784
1005.2	0.97688
1005.4	0.97544
1005.6	0.97447
1005.8	0.97452
1006.0	0.9742
1006.2	0.97309
1006.4	0.97202
1006.6	0.97131
1006.8	0.97144
1007.0	0.97291
1007.2	0.973
1007.4	0.97326
1007.6	0.97421
1007.8	0.97525
1008.0	0.97585
1008.2	0.97632
1008.4	0.97656
1008.6	0.97708
1008.8	0.97682
1009.0	0.97583
1009.2	0.9757
1009.4	0.97467
1009.6	0.97397
1009.8	0.9737
1010.0	0.97288
1010.2	0.97202
1010.4	0.97199
1010.6	0.97155
1010.8	0.97122
1011.0	0.97144
1011.2	0.97172
1011.4	0.9725
1011.6	0.97283
1011.8	0.97334
1012.0	0.97371
1012.2	0.97499
1012.4	0.97535
1012.6	0.97584
1012.8	0.97704
1013.0	0.97708
1013.2	0.97679
1013.4	0.97573
1013.6	0.97498
1013.8	0.97436
1014.0	0.97435
1014.2	0.97383
1014.4	0.9736
1014.6	0.9742
1014.8	0.97419
1015.0	0.97478
1015.2	0.97592
1015.4	0.97721
1015.6	0.978
1015.8	0.97837
1016.0	0.9792
1016.2	0.9796
1016.4	0.98056
1016.6	0.9816
1016.8	0.98318
1017.0	0.98353
1017.2	0.98418
1017.4	0.9849
1017.6	0.9848
1017.8	0.98463
1018.0	0.98311
1018.2	0.98267
1018.4	0.98196
1018.6	0.98149
1018.8	0.98074
1019.0	0.98015
1019.2	0.97896
1019.4	0.97928
1019.6	0.97977
1019.8	0.97974
1020.0	0.97927
1020.2	0.97981
1020.4	0.97996
1020.6	0.98031
1020.8	0.98043
1021.0	0.98087
1021.2	0.98173
1021.4	0.98248
1021.6	0.98239
1021.8	0.98277
1022.0	0.98326
1022.2	0.98381
1022.4	0.98345
1022.6	0.98379
1022.8	0.98452
1023.0	0.98426
1023.2	0.98334
1023.4	0.9824
1023.6	0.98251
1023.8	0.98161
1024.0	0.98112
1024.2	0.9809
1024.4	0.98134
1024.6	0.98036
1024.8	0.97976
1025.0	0.98041
1025.2	0.9801
1025.4	0.98027
1025.6	0.98055
1025.8	0.98165
1026.0	0.98193
1026.2	0.98176
1026.4	0.98263
1026.6	0.98356
1026.8	0.98438
1027.0	0.98502
1027.2	0.98423
1027.4	0.98433
1027.6	0.98463
1027.8	0.98538
1028.0	0.98404
1028.2	0.9842
1028.4	0.98327
1028.6	0.98261
1028.8	0.98216
1029.0	0.98142
1029.2	0.98108
1029.4	0.98072
1029.6	0.9805
1029.8	0.98049
1030.0	0.97789
1030.2	0.97509
1030.4	0.97517
1030.6	0.97537
1030.8	0.97597
1031.0	0.97633
1031.2	0.9771
1031.4	0.97693
1031.6	0.97689
1031.8	0.97804
1032.0	0.97786
1032.2	0.97789
1032.4	0.97723
1032.6	0.97728
1032.8	0.97648
1033.0	0.97652
1033.2	0.97604
1033.4	0.97512
1033.6	0.97472
1033.8	0.9732
1034.0	0.97291
1034.2	0.97181
1034.4	0.97143
1034.6	0.97116
1034.8	0.97134
1035.0	0.97058
1035.2	0.97092
1035.4	0.97076
1035.6	0.97127
1035.8	0.97188
1036.0	0.9727
1036.2	0.97358
1036.4	0.9742
1036.6	0.97409
1036.8	0.97472
1037.0	0.97638
1037.2	0.97744
1037.4	0.97809
1037.6	0.97883
1037.8	0.97935
1038.0	0.97957
1038.2	0.98023
1038.4	0.97943
1038.6	0.97882
1038.8	0.97767
1039.0	0.97815
1039.2	0.97826
1039.4	0.97813
1039.6	0.97707
1039.8	0.97767
1040.0	0.97775
1040.2	0.97695
1040.4	0.97772
1040.6	0.97735
1040.8	0.9773
1041.0	0.97708
1041.2	0.97757
1041.4	0.97815
1041.6	0.97746
1041.8	0.97813
1042.0	0.97904
1042.2	0.97951
1042.4	0.97955
1042.6	0.98077
1042.8	0.98254
1043.0	0.98204
1043.2	0.98383
1043.4	0.98441
1043.6	0.98455
1043.8	0.98496
1044.0	0.98699
1044.2	0.98685
1044.4	0.9864
1044.6	0.98646
1044.8	0.98689
1045.0	0.98374
1045.2	0.97918
1045.4	0.97933
1045.6	0.97815
1045.8	0.97841
1046.0	0.9775
1046.2	0.97641
1046.4	0.97425
1046.6	0.97539
1046.8	0.9741
1047.0	0.97292
1047.2	0.97393
1047.4	0.97328
1047.6	0.9735
1047.8	0.97314
1048.0	0.97486
1048.2	0.97359
1048.4	0.97473
1048.6	0.97718
1048.8	0.97657
1049.0	0.97766
1049.2	0.97713
1049.4	0.97833
1049.6	0.97809
1049.8	0.97997
1050.0	0.98113
1050.2	0.98001
1050.4	0.9805
1050.6	0.98162
1050.8	0.9816
1051.0	0.98115
1051.2	0.98105
1051.4	0.98025
1051.6	0.98069
1051.8	0.97907
1052.0	0.97712
1052.2	0.97645
1052.4	0.97667
1052.6	0.97771
1052.8	0.97591
1053.0	0.97495
1053.2	0.97487
1053.4	0.97365
1053.6	0.97387
1053.8	0.97383
1054.0	0.97217
1054.2	0.97385
1054.4	0.97393
1054.6	0.97335
1054.8	0.97517
1055.0	0.97753
1055.2	0.97771
1055.4	0.97734
1055.6	0.97842
1055.8	0.97891
1056.0	0.97963
1056.2	0.97939
1056.4	0.97985
1056.6	0.98037
1056.8	0.97986
1057.0	0.97983
1057.2	0.98111
1057.4	0.98037
1057.6	0.98039
1057.8	0.98076
1058.0	0.98079
1058.2	0.98111
1058.4	0.98031
1058.6	0.98125
1058.8	0.98058
1059.0	0.97944
1059.2	0.98052
1059.4	0.98179
1059.6	0.98135
1059.8	0.98092
1060.0	0.9798
1060.2	0.98118
1060.4	0.9809
1060.6	0.97987
1060.8	0.98037
1061.0	0.98213
1061.2	0.98073
1061.4	0.98151
1061.6	0.98185
1061.8	0.98135
1062.0	0.98243
1062.2	0.98207
1062.4	0.98313
1062.6	0.98454
1062.8	0.98555
1063.0	0.98595
1063.2	0.98706
1063.4	0.98687
1063.6	0.98624
1063.8	0.98679
1064.0	0.98665
1064.2	0.98718
1064.4	0.98753
1064.6	0.98629
1064.8	0.98386
1065.0	0.98305
1065.2	0.97978
1065.4	0.97912
1065.6	0.97959
1065.8	0.97903
1066.0	0.97922
1066.2	0.97784
1066.4	0.9773
1066.6	0.97677
1066.8	0.9782
1067.0	0.9781
1067.2	0.97785
1067.4	0.97758
1067.6	0.97745
1067.8	0.97963
1068.0	0.97823
1068.2	0.97937
1068.4	0.97922
1068.6	0.98007
1068.8	0.98043
1069.0	0.98113
1069.2	0.98068
1069.4	0.98239
1069.6	0.98194
1069.8	0.98304
1070.0	0.98198
1070.2	0.9823
1070.4	0.98202
1070.6	0.98222
1070.8	0.98128
1071.0	0.98212
1071.2	0.98181
1071.4	0.98152
1071.6	0.98171
1071.8	0.9809
1072.0	0.98068
1072.2	0.9793
1072.4	0.97799
1072.6	0.97864
1072.8	0.97879
1073.0	0.97814
1073.2	0.97725
1073.4	0.97575
1073.6	0.97741
1073.8	0.97655
1074.0	0.97655
1074.2	0.97703
1074.4	0.97586
1074.6	0.97698
1074.8	0.97756
1075.0	0.97831
1075.2	0.97692
1075.4	0.97994
1075.6	0.97866
1075.8	0.97919
1076.0	0.97956
1076.2	0.98134
1076.4	0.982
1076.6	0.98216
1076.8	0.98215
1077.0	0.98369
1077.2	0.98181
1077.4	0.98228
1077.6	0.98191
1077.8	0.98384
1078.0	0.98077
1078.2	0.98265
1078.4	0.98257
1078.6	0.98076
1078.8	0.9811
1079.0	0.98093
1079.2	0.98082
1079.4	0.98185
1079.6	0.9815
1079.8	0.98112
1080.0	0.98116
1080.2	0.98134
1080.4	0.98155
1080.6	0.98139
1080.8	0.98141
1081.0	0.98159
1081.2	0.98087
1081.4	0.98211
1081.6	0.98198
1081.8	0.98243
1082.0	0.98382
1082.2	0.98317
1082.4	0.98327
1082.6	0.98469
1082.8	0.98386
1083.0	0.98626
1083.2	0.98575
1083.4	0.98744
1083.6	0.98764
1083.8	0.98726
1084.0	0.98729
1084.2	0.9873
1084.4	0.98921
1084.6	0.98839
1084.8	0.98908
1085.0	0.98937
1085.2	0.98957
1085.4	0.98707
1085.6	0.98986
1085.8	0.98975
1086.0	0.98888
1086.2	0.98785
1086.4	0.98753
1086.6	0.98735
1086.8	0.98567
1087.0	0.98468
1087.2	0.98573
1087.4	0.98557
1087.6	0.98448
1087.8	0.98494
1088.0	0.98488
1088.2	0.9834
1088.4	0.98359
1088.6	0.98295
1088.8	0.98317
1089.0	0.98368
1089.2	0.9834
1089.4	0.98323
1089.6	0.98353
1089.8	0.98412
1090.0	0.98012
1090.2	0.97876
1090.4	0.97821
1090.6	0.97933
1090.8	0.98176
1091.0	0.9819
1091.2	0.98215
1091.4	0.98226
1091.6	0.98307
1091.8	0.98323
1092.0	0.98375
1092.2	0.9834
1092.4	0.98367
1092.6	0.98326
1092.8	0.98294
1093.0	0.98337
1093.2	0.9834
1093.4	0.98306
1093.6	0.98287
1093.8	0.98307
1094.0	0.98094
1094.2	0.97769
1094.4	0.98157
1094.6	0.98077
1094.8	0.97914
1095.0	0.97901
1095.2	0.97914
1095.4	0.97884
1095.6	0.97699
1095.8	0.97595
1096.0	0.97818
1096.2	0.97852
1096.4	0.97738
1096.6	0.97752
1096.8	0.9756
1097.0	0.97607
1097.2	0.97676
1097.4	0.97722
1097.6	0.97862
1097.8	0.97933
1098.0	0.97726
1098.2	0.97657
1098.4	0.97939
1098.6	0.98016
1098.8	0.9805
1099.0	0.98233
1099.2	0.98071
1099.4	0.98312
1099.6	0.98172
1099.8	0.98172
1100.0	0.9807
1100.2	0.97992
1100.4	0.98173
1100.6	0.98209
1100.8	0.98105
1101.0	0.98071
1101.2	0.98224
1101.4	0.98238
1101.6	0.97903
1101.8	0.97959
1102.0	0.98097
1102.2	0.98052
1102.4	0.97944
1102.6	0.98114
1102.8	0.98055
1103.0	0.97909
1103.2	0.97902
1103.4	0.97822
1103.6	0.97973
1103.8	0.97877
1104.0	0.97638
1104.2	0.97911
1104.4	0.97643
1104.6	0.97865
1104.8	0.97907
1105.0	0.98083
1105.2	0.98089
1105.4	0.98181
1105.6	0.9846
1105.8	0.98596
1106.0	0.98484
1106.2	0.98498
1106.4	0.98409
1106.6	0.98395
1106.8	0.98649
1107.0	0.98502
1107.2	0.98712
1107.4	0.98817
1107.6	0.98749
1107.8	0.98575
1108.0	0.98881
1108.2	0.98675
1108.4	0.98892
1108.6	0.98658
1108.8	0.98805
1109.0	0.98729
1109.2	0.98711
1109.4	0.98889
1109.6	0.98691
1109.8	0.98581
1110.0	0.98661
1110.2	0.98936
1110.4	0.98765
1110.6	0.98329
1110.8	0.98432
1111.0	0.98263
1111.2	0.98334
1111.4	0.98521
1111.6	0.9848
1111.8	0.98182
1112.0	0.98422
1112.2	0.98277
1112.4	0.98307
1112.6	0.98435
1112.8	0.98291
1113.0	0.98323
1113.2	0.98244
1113.4	0.98087
1113.6	0.98184
1113.8	0.98329
1114.0	0.98553
1114.2	0.98318
1114.4	0.98707
1114.6	0.98586
1114.8	0.98601
1115.0	0.98648
1115.2	0.98725
1115.4	0.98663
1115.6	0.98827
1115.8	0.98946
1116.0	0.98431
1116.2	0.98956
1116.4	0.99002
1116.6	0.98962
1116.8	0.99067
1117.0	0.98374
1117.2	0.98591
1117.4	0.98795
1117.6	0.98619
1117.8	0.98508
1118.0	0.98624
1118.2	0.9857
1118.4	0.98762
1118.6	0.98637
1118.8	0.98519
1119.0	0.98611
1119.2	0.98407
1119.4	0.98209
1119.6	0.98259
1119.8	0.98279
1120.0	0.98443
1120.2	0.98257
1120.4	0.98088
1120.6	0.98028
1120.8	0.98302
1121.0	0.98463
1121.2	0.98076
1121.4	0.98076
1121.6	0.98484
1121.8	0.98007
1122.0	0.98449
1122.2	0.98574
1122.4	0.98482
1122.6	0.98099
1122.8	0.979
1123.0	0.98217
1123.2	0.98516
1123.4	0.98512
1123.6	0.98598
1123.8	0.98338
1124.0	0.97906
1124.2	0.98525
1124.4	0.98642
1124.6	0.98595
1124.8	0.98325
1125.0	0.98485
1125.2	0.98467
1125.4	0.9845
1125.6	0.98433
1125.8	0.98415
1126.0	0.98398
1126.2	0.98381
1126.4	0.98363
1126.6	0.98346
1126.8	0.98329
1127.0	0.98311
1127.2	0.98294
1127.4	0.98277
1127.6	0.98259
1127.8	0.98242
1128.0	0.98225
1128.2	0.98207
1128.4	0.9819
1128.6	0.98173
1128.8	0.98155
1129.0	0.98138
1129.2	0.98121
1129.4	0.98103
1129.6	0.98086
1129.8	0.98069
1130.0	0.98051
1130.2	0.98058
1130.4	0.98065
1130.6	0.98071
1130.8	0.98078
1131.0	0.98085
1131.2	0.98091
1131.4	0.98098
1131.6	0.98104
1131.8	0.98111
1132.0	0.98118
1132.2	0.98124
1132.4	0.98131
1132.6	0.98137
1132.8	0.98144
1133.0	0.98151
1133.2	0.98157
1133.4	0.98164
1133.6	0.98171
1133.8	0.98177
1134.0	0.98184
1134.2	0.9819
1134.4	0.98197
1134.6	0.98204
1134.8	0.9821
1135.0	0.98217
1135.2	0.98228
1135.4	0.98239
1135.6	0.98251
1135.8	0.98262
1136.0	0.98273
1136.2	0.98284
1136.4	0.98296
1136.6	0.98307
1136.8	0.98318
1137.0	0.98329
1137.2	0.98341
1137.4	0.98352
1137.6	0.98363
1137.8	0.98374
1138.0	0.98386
1138.2	0.98397
1138.4	0.98408
1138.6	0.98419
1138.8	0.98431
1139.0	0.98442
1139.2	0.98453
1139.4	0.98464
1139.6	0.98476
1139.8	0.98487
1140.0	0.98498
1140.2	0.98498
1140.4	0.98497
1140.6	0.98497
1140.8	0.98496
1141.0	0.98496
1141.2	0.98495
1141.4	0.98495
1141.6	0.98495
1141.8	0.98494
1142.0	0.98494
1142.2	0.98493
1142.4	0.98493
1142.6	0.98493
1142.8	0.98492
1143.0	0.98492
1143.2	0.98491
1143.4	0.98491
1143.6	0.9849
1143.8	0.9849
1144.0	0.9849
1144.2	0.98489
1144.4	0.98489
1144.6	0.98488
1144.8	0.98488
1145.0	0.98488
1145.2	0.98482
1145.4	0.98476
1145.6	0.9847
1145.8	0.98464
1146.0	0.98458
1146.2	0.98452
1146.4	0.98446
1146.6	0.9844
1146.8	0.98434
1147.0	0.98428
1147.2	0.98423
1147.4	0.98417
1147.6	0.98411
1147.8	0.98405
1148.0	0.98399
1148.2	0.98393
1148.4	0.98387
1148.6	0.98381
1148.8	0.98375
1149.0	0.98369
1149.2	0.98363
1149.4	0.98357
1149.6	0.98352
1149.8	0.98346
1150.0	0.9834
1150.2	0.98325
1150.4	0.98311
1150.6	0.98296
1150.8	0.98282
1151.0	0.98267
1151.2	0.98252
1151.4	0.98238
1151.6	0.98223
1151.8	0.98209
1152.0	0.98194
1152.2	0.9818
1152.4	0.98165
1152.6	0.98151
1152.8	0.98136
1153.0	0.98122
1153.2	0.98107
1153.4	0.98093
1153.6	0.98078
1153.8	0.98063
1154.0	0.98049
1154.2	0.98034
1154.4	0.9802
1154.6	0.98005
1154.8	0.97991
1155.0	0.97976
1155.2	0.97976
1155.4	0.97976
1155.6	0.97975
1155.8	0.97975
1156.0	0.97975
1156.2	0.97975
1156.4	0.97974
1156.6	0.97974
1156.8	0.97974
1157.0	0.97974
1157.2	0.97973
1157.4	0.97973
1157.6	0.97973
1157.8	0.97973
1158.0	0.97972
1158.2	0.97972
1158.4	0.97972
1158.6	0.97972
1158.8	0.97971
1159.0	0.97971
1159.2	0.97971
1159.4	0.9797
1159.6	0.9797
1159.8	0.9797
1160.0	0.9797
1160.2	0.98051
1160.4	0.98132
1160.6	0.98213
1160.8	0.98295
1161.0	0.98376
1161.2	0.98457
1161.4	0.98538
1161.6	0.98619
1161.8	0.98701
1162.0	0.98782
1162.2	0.98863
1162.4	0.98944
1162.6	0.99025
1162.8	0.99107
1163.0	0.99188
1163.2	0.99269
1163.4	0.9935
1163.6	0.99432
1163.8	0.99513
1164.0	0.99594
1164.2	0.99675
1164.4	0.99756
1164.6	0.99838
1164.8	0.99919
1165.0	1.0
1165.2	0.99945
1165.4	0.99891
1165.6	0.99836
1165.8	0.99782
1166.0	0.99727
1166.2	0.99672
1166.4	0.99618
1166.6	0.99563
1166.8	0.99509
1167.0	0.99454
1167.2	0.99399
1167.4	0.99345
1167.6	0.9929
1167.8	0.99236
1168.0	0.99181
1168.2	0.99127
1168.4	0.99072
1168.6	0.99017
1168.8	0.98963
1169.0	0.98908
1169.2	0.98854
1169.4	0.98799
1169.6	0.98744
1169.8	0.9869
1170.0	0.98635
1170.2	0.98621
1170.4	0.98606
1170.6	0.98592
1170.8	0.98578
1171.0	0.98563
1171.2	0.98549
1171.4	0.98535
1171.6	0.9852
1171.8	0.98506
1172.0	0.98492
1172.2	0.98477
1172.4	0.98463
1172.6	0.98449
1172.8	0.98434
1173.0	0.9842
1173.2	0.98405
1173.4	0.98391
1173.6	0.98377
1173.8	0.98362
1174.0	0.98348
1174.2	0.98334
1174.4	0.98319
1174.6	0.98305
1174.8	0.98291
1175.0	0.98276
1175.2	0.98273
1175.4	0.98269
1175.6	0.98265
1175.8	0.98262
1176.0	0.98258
1176.2	0.98255
1176.4	0.98251
1176.6	0.98248
1176.8	0.98244
1177.0	0.9824
1177.2	0.98237
1177.4	0.98233
1177.6	0.9823
1177.8	0.98226
1178.0	0.98222
1178.2	0.98219
1178.4	0.98215
1178.6	0.98212
1178.8	0.98208
1179.0	0.98205
1179.2	0.98201
1179.4	0.98197
1179.6	0.98194
1179.8	0.9819
1180.0	0.98187
1180.2	0.98187
1180.4	0.98188
1180.6	0.98189
1180.8	0.98189
1181.0	0.9819
1181.2	0.9819
1181.4	0.98191
1181.6	0.98192
1181.8	0.98192
1182.0	0.98193
1182.2	0.98194
1182.4	0.98194
1182.6	0.98195
1182.8	0.98196
1183.0	0.98196
1183.2	0.98197
1183.4	0.98198
1183.6	0.98198
1183.8	0.98199
1184.0	0.98199
1184.2	0.982
1184.4	0.98201
1184.6	0.98201
1184.8	0.98202
1185.0	0.98203
1185.2	0.98201
1185.4	0.982
1185.6	0.98198
1185.8	0.98197
1186.0	0.98195
1186.2	0.98193
1186.4	0.98192
1186.6	0.9819
1186.8	0.98189
1187.0	0.98187
1187.2	0.98186
1187.4	0.98184
1187.6	0.98183
1187.8	0.98181
1188.0	0.9818
1188.2	0.98178
1188.4	0.98177
1188.6	0.98175
1188.8	0.98174
1189.0	0.98172
1189.2	0.98171
1189.4	0.98169
1189.6	0.98167
1189.8	0.98166
1190.0	0.98164
1190.2	0.9815
1190.4	0.98136
1190.6	0.98122
1190.8	0.98109
1191.0	0.98095
1191.2	0.98081
1191.4	0.98067
1191.6	0.98053
1191.8	0.98039
1192.0	0.98025
1192.2	0.98011
1192.4	0.97997
1192.6	0.97983
1192.8	0.97969
1193.0	0.97955
1193.2	0.97941
1193.4	0.97927
1193.6	0.97913
1193.8	0.97899
1194.0	0.97885
1194.2	0.97871
1194.4	0.97857
1194.6	0.97843
1194.8	0.97829
1195.0	0.97815
1195.2	0.97817
1195.4	0.97819
1195.6	0.97822
1195.8	0.97824
1196.0	0.97826
1196.2	0.97828
1196.4	0.9783
1196.6	0.97832
1196.8	0.97834
1197.0	0.97836
1197.2	0.97839
1197.4	0.97841
1197.6	0.97843
1197.8	0.97845
1198.0	0.97847
1198.2	0.97849
1198.4	0.97851
1198.6	0.97854
1198.8	0.97856
1199.0	0.97858
1199.2	0.9786
1199.4	0.97862
1199.6	0.97864
1199.8	0.97866
1200.0	0.97868
1200.2	0.97881
1200.4	0.97894
1200.6	0.97906
1200.8	0.97919
1201.0	0.97932
1201.2	0.97944
1201.4	0.97957
1201.6	0.9797
1201.8	0.97982
1202.0	0.97995
1202.2	0.98008
1202.4	0.9802
1202.6	0.98033
1202.8	0.98046
1203.0	0.98058
1203.2	0.98071
1203.4	0.98084
1203.6	0.98097
1203.8	0.98109
1204.0	0.98122
1204.2	0.98135
1204.4	0.98147
1204.6	0.9816
1204.8	0.98173
1205.0	0.98185
1205.2	0.98132
1205.4	0.98079
1205.6	0.98026
1205.8	0.97973
1206.0	0.9792
1206.2	0.97867
1206.4	0.97814
1206.6	0.97761
1206.8	0.97708
1207.0	0.97655
1207.2	0.97602
1207.4	0.97549
1207.6	0.97496
1207.8	0.97443
1208.0	0.9739
1208.2	0.97337
1208.4	0.97283
1208.6	0.9723
1208.8	0.97177
1209.0	0.97124
1209.2	0.97071
1209.4	0.97018
1209.6	0.96965
1209.8	0.96912
1210.0	0.96859
1210.2	0.96858
1210.4	0.96856
1210.6	0.96855
1210.8	0.96854
1211.0	0.96852
1211.2	0.96851
1211.4	0.96849
1211.6	0.96848
1211.8	0.96847
1212.0	0.96845
1212.2	0.96844
1212.4	0.96842
1212.6	0.96841
1212.8	0.9684
1213.0	0.96838
1213.2	0.96837
1213.4	0.96835
1213.6	0.96834
1213.8	0.96832
1214.0	0.96831
1214.2	0.9683
1214.4	0.96828
1214.6	0.96827
1214.8	0.96825
1215.0	0.96824
1215.2	0.96845
1215.4	0.96865
1215.6	0.96886
1215.8	0.96906
1216.0	0.96927
1216.2	0.96948
1216.4	0.96968
1216.6	0.96989
1216.8	0.97009
1217.0	0.9703
1217.2	0.97051
1217.4	0.97071
1217.6	0.97092
1217.8	0.97112
1218.0	0.97133
1218.2	0.97153
1218.4	0.97174
1218.6	0.97195
1218.8	0.97215
1219.0	0.97236
1219.2	0.97256
1219.4	0.97277
1219.6	0.97298
1219.8	0.97318
1220.0	0.97339
1220.2	0.97279
1220.4	0.9722
1220.6	0.97161
1220.8	0.97101
1221.0	0.97042
1221.2	0.96983
1221.4	0.96923
1221.6	0.96864
1221.8	0.96805
1222.0	0.96745
1222.2	0.96686
1222.4	0.96627
1222.6	0.96567
1222.8	0.96508
1223.0	0.96449
1223.2	0.96389
1223.4	0.9633
1223.6	0.96271
1223.8	0.96211
1224.0	0.96152
1224.2	0.96093
1224.4	0.96033
1224.6	0.95974
1224.8	0.95915
1225.0	0.95855
1225.2	0.95902
1225.4	0.95949
1225.6	0.95996
1225.8	0.96043
1226.0	0.96089
1226.2	0.96136
1226.4	0.96183
1226.6	0.9623
1226.8	0.96277
1227.0	0.96324
1227.2	0.96371
1227.4	0.96417
1227.6	0.96464
1227.8	0.96511
1228.0	0.96558
1228.2	0.96605
1228.4	0.96652
1228.6	0.96699
1228.8	0.96745
1229.0	0.96792
1229.2	0.96839
1229.4	0.96886
1229.6	0.96933
1229.8	0.9698
1230.0	0.97027
1230.2	0.97063
1230.4	0.97099
1230.6	0.97136
1230.8	0.97172
1231.0	0.97208
1231.2	0.97245
1231.4	0.97281
1231.6	0.97317
1231.8	0.97354
1232.0	0.9739
1232.2	0.97427
1232.4	0.97463
1232.6	0.97499
1232.8	0.97536
1233.0	0.97572
1233.2	0.97608
1233.4	0.97645
1233.6	0.97681
1233.8	0.97718
1234.0	0.97754
1234.2	0.9779
1234.4	0.97827
1234.6	0.97863
1234.8	0.97899
1235.0	0.97936
1235.2	0.97933
1235.4	0.9793
1235.6	0.97927
1235.8	0.97924
1236.0	0.97921
1236.2	0.97918
1236.4	0.97915
1236.6	0.97912
1236.8	0.9791
1237.0	0.97907
1237.2	0.97904
1237.4	0.97901
1237.6	0.97898
1237.8	0.97895
1238.0	0.97892
1238.2	0.97889
1238.4	0.97886
1238.6	0.97883
1238.8	0.9788
1239.0	0.97878
1239.2	0.97875
1239.4	0.97872
1239.6	0.97869
1239.8	0.97866
1240.0	0.97863
1240.2	0.97844
1240.4	0.97825
1240.6	0.97806
1240.8	0.97786
1241.0	0.97767
1241.2	0.97748
1241.4	0.97729
1241.6	0.9771
1241.8	0.97691
1242.0	0.97671
1242.2	0.97652
1242.4	0.97633
1242.6	0.97614
1242.8	0.97595
1243.0	0.97576
1243.2	0.97557
1243.4	0.97537
1243.6	0.97518
1243.8	0.97499
1244.0	0.9748
1244.2	0.97461
1244.4	0.97442
1244.6	0.97422
1244.8	0.97403
1245.0	0.97384
1245.2	0.97373
1245.4	0.97363
1245.6	0.97352
1245.8	0.97341
1246.0	0.9733
1246.2	0.97319
1246.4	0.97308
1246.6	0.97298
1246.8	0.97287
1247.0	0.97276
1247.2	0.97265
1247.4	0.97254
1247.6	0.97244
1247.8	0.97233
1248.0	0.97222
1248.2	0.97211
1248.4	0.972
1248.6	0.9719
1248.8	0.97179
1249.0	0.97168
1249.2	0.97157
1249.4	0.97146
1249.6	0.97135
1249.8	0.97125
1250.0	0.97114
1250.2	0.97148
1250.4	0.97183
1250.6	0.97218
1250.8	0.97252
1251.0	0.97287
1251.2	0.97322
1251.4	0.97356
1251.6	0.97391
1251.8	0.97426
1252.0	0.9746
1252.2	0.97495
1252.4	0.9753
1252.6	0.97564
1252.8	0.97599
1253.0	0.97634
1253.2	0.97668
1253.4	0.97703
1253.6	0.97738
1253.8	0.97772
1254.0	0.97807
1254.2	0.97842
1254.4	0.97876
1254.6	0.97911
1254.8	0.97946
1255.0	0.9798
1255.2	0.97978
1255.4	0.97975
1255.6	0.97972
1255.8	0.97969
1256.0	0.97966
1256.2	0.97963
1256.4	0.9796
1256.6	0.97957
1256.8	0.97954
1257.0	0.97951
1257.2	0.97948
1257.4	0.97945
1257.6	0.97942
1257.8	0.97939
1258.0	0.97936
1258.2	0.97934
1258.4	0.97931
1258.6	0.97928
1258.8	0.97925
1259.0	0.97922
1259.2	0.97919
1259.4	0.97916
1259.6	0.97913
1259.8	0.9791
1260.0	0.97907
1260.2	0.97893
1260.4	0.97878
1260.6	0.97863
1260.8	0.97849
1261.0	0.97834
1261.2	0.97819
1261.4	0.97805
1261.6	0.9779
1261.8	0.97775
1262.0	0.97761
1262.2	0.97746
1262.4	0.97732
1262.6	0.97717
1262.8	0.97702
1263.0	0.97688
1263.2	0.97673
1263.4	0.97658
1263.6	0.97644
1263.8	0.97629
1264.0	0.97615
1264.2	0.976
1264.4	0.97585
1264.6	0.97571
1264.8	0.97556
1265.0	0.97541
1265.2	0.97531
1265.4	0.97521
1265.6	0.97511
1265.8	0.97501
1266.0	0.97491
1266.2	0.9748
1266.4	0.9747
1266.6	0.9746
1266.8	0.9745
1267.0	0.9744
1267.2	0.9743
1267.4	0.97419
1267.6	0.97409
1267.8	0.97399
1268.0	0.97389
1268.2	0.97379
1268.4	0.97369
1268.6	0.97359
1268.8	0.97348
1269.0	0.97338
1269.2	0.97328
1269.4	0.97318
1269.6	0.97308
1269.8	0.97298
1270.0	0.97287
1270.2	0.97293
1270.4	0.97299
1270.6	0.97305
1270.8	0.97311
1271.0	0.97317
1271.2	0.97323
1271.4	0.97329
1271.6	0.97335
1271.8	0.97341
1272.0	0.97347
1272.2	0.97353
1272.4	0.97358
1272.6	0.97364
1272.8	0.9737
1273.0	0.97376
1273.2	0.97382
1273.4	0.97388
1273.6	0.97394
1273.8	0.974
1274.0	0.97406
1274.2	0.97412
1274.4	0.97418
1274.6	0.97424
1274.8	0.97429
1275.0	0.97435
1275.2	0.97464
1275.4	0.97493
1275.6	0.97522
1275.8	0.97551
1276.0	0.9758
1276.2	0.97609
1276.4	0.97638
1276.6	0.97667
1276.8	0.97696
1277.0	0.97724
1277.2	0.97753
1277.4	0.97782
1277.6	0.97811
1277.8	0.9784
1278.0	0.97869
1278.2	0.97898
1278.4	0.97927
1278.6	0.97956
1278.8	0.97985
1279.0	0.98014
1279.2	0.98042
1279.4	0.98071
1279.6	0.981
1279.8	0.98129
1280.0	0.98158
1280.2	0.98161
1280.4	0.98164
1280.6	0.98167
1280.8	0.98171
1281.0	0.98174
1281.2	0.98177
1281.4	0.9818
1281.6	0.98183
1281.8	0.98186
1282.0	0.98189
1282.2	0.98193
1282.4	0.98196
1282.6	0.98199
1282.8	0.98202
1283.0	0.98205
1283.2	0.98208
1283.4	0.98211
1283.6	0.98215
1283.8	0.98218
1284.0	0.98221
1284.2	0.98224
1284.4	0.98227
1284.6	0.9823
1284.8	0.98233
1285.0	0.98237
1285.2	0.98204
1285.4	0.98172
1285.6	0.98139
1285.8	0.98107
1286.0	0.98075
1286.2	0.98042
1286.4	0.9801
1286.6	0.97978
1286.8	0.97945
1287.0	0.97913
1287.2	0.97881
1287.4	0.97848
1287.6	0.97816
1287.8	0.97783
1288.0	0.97751
1288.2	0.97719
1288.4	0.97686
1288.6	0.97654
1288.8	0.97622
1289.0	0.97589
1289.2	0.97557
1289.4	0.97524
1289.6	0.97492
1289.8	0.9746
1290.0	0.97427
1290.2	0.97409
1290.4	0.97391
1290.6	0.97372
1290.8	0.97354
1291.0	0.97336
1291.2	0.97318
1291.4	0.97299
1291.6	0.97281
1291.8	0.97263
1292.0	0.97244
1292.2	0.97226
1292.4	0.97208
1292.6	0.97189
1292.8	0.97171
1293.0	0.97153
1293.2	0.97135
1293.4	0.97116
1293.6	0.97098
1293.8	0.9708
1294.0	0.97061
1294.2	0.97043
1294.4	0.97025
1294.6	0.97006
1294.8	0.96988
1295.0	0.9697
1295.2	0.9698
1295.4	0.9699
1295.6	0.97001
1295.8	0.97011
1296.0	0.97021
1296.2	0.97031
1296.4	0.97042
1296.6	0.97052
1296.8	0.97062
1297.0	0.97072
1297.2	0.97083
1297.4	0.97093
1297.6	0.97103
1297.8	0.97113
1298.0	0.97124
1298.2	0.97134
1298.4	0.97144
1298.6	0.97154
1298.8	0.97164
1299.0	0.97175
1299.2	0.97185
1299.4	0.97195
1299.6	0.97205
1299.8	0.97216
1300.0	0.97226
1300.2	0.97249
1300.4	0.97272
1300.6	0.97294
1300.8	0.97317
1301.0	0.9734
1301.2	0.97363
1301.4	0.97385
1301.6	0.97408
1301.8	0.97431
1302.0	0.97454
1302.2	0.97477
1302.4	0.97499
1302.6	0.97522
1302.8	0.97545
1303.0	0.97568
1303.2	0.9759
1303.4	0.97613
1303.6	0.97636
1303.8	0.97659
1304.0	0.97682
1304.2	0.97704
1304.4	0.97727
1304.6	0.9775
1304.8	0.97773
1305.0	0.97795
1305.2	0.97814
1305.4	0.97832
1305.6	0.9785
1305.8	0.97869
1306.0	0.97887
1306.2	0.97905
1306.4	0.97924
1306.6	0.97942
1306.8	0.9796
1307.0	0.97978
1307.2	0.97997
1307.4	0.98015
1307.6	0.98033
1307.8	0.98052
1308.0	0.9807
1308.2	0.98088
1308.4	0.98106
1308.6	0.98125
1308.8	0.98143
1309.0	0.98161
1309.2	0.9818
1309.4	0.98198
1309.6	0.98216
1309.8	0.98235
1310.0	0.98253
1310.2	0.98245
1310.4	0.98237
1310.6	0.98229
1310.8	0.9822
1311.0	0.98212
1311.2	0.98204
1311.4	0.98196
1311.6	0.98188
1311.8	0.9818
1312.0	0.98172
1312.2	0.98164
1312.4	0.98156
1312.6	0.98147
1312.8	0.98139
1313.0	0.98131
1313.2	0.98123
1313.4	0.98115
1313.6	0.98107
1313.8	0.98099
1314.0	0.98091
1314.2	0.98083
1314.4	0.98074
1314.6	0.98066
1314.8	0.98058
1315.0	0.9805
1315.2	0.97935
1315.4	0.97821
1315.6	0.97706
1315.8	0.97591
1316.0	0.97476
1316.2	0.97362
1316.4	0.97247
1316.6	0.97132
1316.8	0.97017
1317.0	0.96902
1317.2	0.96788
1317.4	0.96673
1317.6	0.96558
1317.8	0.96443
1318.0	0.96329
1318.2	0.96214
1318.4	0.96099
1318.6	0.95984
1318.8	0.9587
1319.0	0.95755
1319.2	0.9564
1319.4	0.95525
1319.6	0.95411
1319.8	0.95296
1320.0	0.95181
1320.2	0.9526
1320.4	0.95339
1320.6	0.95418
1320.8	0.95497
1321.0	0.95575
1321.2	0.95654
1321.4	0.95733
1321.6	0.95812
1321.8	0.95891
1322.0	0.9597
1322.2	0.96049
1322.4	0.96128
1322.6	0.96206
1322.8	0.96285
1323.0	0.96364
1323.2	0.96443
1323.4	0.96522
1323.6	0.96601
1323.8	0.9668
1324.0	0.96759
1324.2	0.96838
1324.4	0.96916
1324.6	0.96995
1324.8	0.97074
1325.0	0.97153
1325.2	0.97118
1325.4	0.97084
1325.6	0.97049
1325.8	0.97014
1326.0	0.9698
1326.2	0.96945
1326.4	0.9691
1326.6	0.96875
1326.8	0.96841
1327.0	0.96806
1327.2	0.96771
1327.4	0.96737
1327.6	0.96702
1327.8	0.96667
1328.0	0.96632
1328.2	0.96598
1328.4	0.96563
1328.6	0.96528
1328.8	0.96494
1329.0	0.96459
1329.2	0.96424
1329.4	0.96389
1329.6	0.96355
1329.8	0.9632
1330.0	0.96285
1330.2	0.96302
1330.4	0.96319
1330.6	0.96336
1330.8	0.96353
1331.0	0.9637
1331.2	0.96387
1331.4	0.96404
1331.6	0.96421
1331.8	0.96438
1332.0	0.96454
1332.2	0.96471
1332.4	0.96488
1332.6	0.96505
1332.8	0.96522
1333.0	0.96539
1333.2	0.96556
1333.4	0.96573
1333.6	0.9659
1333.8	0.96607
1334.0	0.96624
1334.2	0.96641
1334.4	0.96657
1334.6	0.96674
1334.8	0.96691
1335.0	0.96708
1335.2	0.96778
1335.4	0.96848
1335.6	0.96918
1335.8	0.96988
1336.0	0.97057
1336.2	0.97127
1336.4	0.97197
1336.6	0.97267
1336.8	0.97337
1337.0	0.97407
1337.2	0.97476
1337.4	0.97546
1337.6	0.97616
1337.8	0.97686
1338.0	0.97756
1338.2	0.97826
1338.4	0.97896
1338.6	0.97965
1338.8	0.98035
1339.0	0.98105
1339.2	0.98175
1339.4	0.98245
1339.6	0.98315
1339.8	0.98384
1340.0	0.98454
1340.2	0.98472
1340.4	0.9849
1340.6	0.98508
1340.8	0.98526
1341.0	0.98543
1341.2	0.98561
1341.4	0.98579
1341.6	0.98597
1341.8	0.98615
1342.0	0.98632
1342.2	0.9865
1342.4	0.98668
1342.6	0.98686
1342.8	0.98704
1343.0	0.98721
1343.2	0.98739
1343.4	0.98757
1343.6	0.98775
1343.8	0.98793
1344.0	0.9881
1344.2	0.98828
1344.4	0.98846
1344.6	0.98864
1344.8	0.98882
1345.0	0.98899
1345.2	0.98908
1345.4	0.98916
1345.6	0.98924
1345.8	0.98933
1346.0	0.98941
1346.2	0.98949
1346.4	0.98958
1346.6	0.98966
1346.8	0.98974
1347.0	0.98983
1347.2	0.98991
1347.4	0.98999
1347.6	0.99008
1347.8	0.99016
1348.0	0.99024
1348.2	0.99033
1348.4	0.99041
1348.6	0.99049
1348.8	0.99058
1349.0	0.99066
1349.2	0.99074
1349.4	0.99083
1349.6	0.99091
1349.8	0.99099
1350.0	0.99108
1350.2	0.99099
1350.4	0.9909
1350.6	0.9908
1350.8	0.99071
1351.0	0.99062
1351.2	0.99053
1351.4	0.99044
1351.6	0.99035
1351.8	0.99026
1352.0	0.99017
1352.2	0.99008
1352.4	0.98999
1352.6	0.9899
1352.8	0.98981
1353.0	0.98972
1353.2	0.98963
1353.4	0.98954
1353.6	0.98945
1353.8	0.98936
1354.0	0.98927
1354.2	0.98917
1354.4	0.98908
1354.6	0.98899
1354.8	0.9889
1355.0	0.98881
1355.2	0.98867
1355.4	0.98854
1355.6	0.9884
1355.8	0.98826
1356.0	0.98812
1356.2	0.98798
1356.4	0.98784
1356.6	0.9877
1356.8	0.98756
1357.0	0.98743
1357.2	0.98729
1357.4	0.98715
1357.6	0.98701
1357.8	0.98687
1358.0	0.98673
1358.2	0.98659
1358.4	0.98645
1358.6	0.98632
1358.8	0.98618
1359.0	0.98604
1359.2	0.9859
1359.4	0.98576
1359.6	0.98562
1359.8	0.98548
1360.0	0.98534
1360.2	0.98529
1360.4	0.98524
1360.6	0.98519
1360.8	0.98514
1361.0	0.98508
1361.2	0.98503
1361.4	0.98498
1361.6	0.98493
1361.8	0.98487
1362.0	0.98482
1362.2	0.98477
1362.4	0.98472
1362.6	0.98467
1362.8	0.98461
1363.0	0.98456
1363.2	0.98451
1363.4	0.98446
1363.6	0.9844
1363.8	0.98435
1364.0	0.9843
1364.2	0.98425
1364.4	0.9842
1364.6	0.98414
1364.8	0.98409
1365.0	0.98404
1365.2	0.98388
1365.4	0.98372
1365.6	0.98356
1365.8	0.98339
1366.0	0.98323
1366.2	0.98307
1366.4	0.98291
1366.6	0.98275
1366.8	0.98259
1367.0	0.98243
1367.2	0.98227
1367.4	0.9821
1367.6	0.98194
1367.8	0.98178
1368.0	0.98162
1368.2	0.98146
1368.4	0.9813
1368.6	0.98114
1368.8	0.98098
1369.0	0.98082
1369.2	0.98065
1369.4	0.98049
1369.6	0.98033
1369.8	0.98017
1370.0	0.98001
1370.2	0.97991
1370.4	0.97982
1370.6	0.97972
1370.8	0.97962
1371.0	0.97953
1371.2	0.97943
1371.4	0.97934
1371.6	0.97924
1371.8	0.97914
1372.0	0.97905
1372.2	0.97895
1372.4	0.97885
1372.6	0.97876
1372.8	0.97866
1373.0	0.97856
1373.2	0.97847
1373.4	0.97837
1373.6	0.97828
1373.8	0.97818
1374.0	0.97808
1374.2	0.97799
1374.4	0.97789
1374.6	0.97779
1374.8	0.9777
1375.0	0.9776
1375.2	0.97766
1375.4	0.97772
1375.6	0.97778
1375.8	0.97784
1376.0	0.97791
1376.2	0.97797
1376.4	0.97803
1376.6	0.97809
1376.8	0.97815
1377.0	0.97821
1377.2	0.97827
1377.4	0.97833
1377.6	0.97839
1377.8	0.97845
1378.0	0.97851
1378.2	0.97857
1378.4	0.97864
1378.6	0.9787
1378.8	0.97876
1379.0	0.97882
1379.2	0.97888
1379.4	0.97894
1379.6	0.979
1379.8	0.97906
1380.0	0.97912
1380.2	0.97919
1380.4	0.97926
1380.6	0.97932
1380.8	0.97939
1381.0	0.97946
1381.2	0.97953
1381.4	0.97959
1381.6	0.97966
1381.8	0.97973
1382.0	0.97979
1382.2	0.97986
1382.4	0.97993
1382.6	0.97999
1382.8	0.98006
1383.0	0.98013
1383.2	0.9802
1383.4	0.98026
1383.6	0.98033
1383.8	0.9804
1384.0	0.98046
1384.2	0.98053
1384.4	0.9806
1384.6	0.98067
1384.8	0.98073
1385.0	0.9808
1385.2	0.98081
1385.4	0.98083
1385.6	0.98085
1385.8	0.98086
1386.0	0.98088
1386.2	0.98089
1386.4	0.98091
1386.6	0.98092
1386.8	0.98094
1387.0	0.98095
1387.2	0.98097
1387.4	0.98098
1387.6	0.981
1387.8	0.98102
1388.0	0.98103
1388.2	0.98105
1388.4	0.98106
1388.6	0.98108
1388.8	0.98109
1389.0	0.98111
1389.2	0.98112
1389.4	0.98114
1389.6	0.98115
1389.8	0.98117
1390.0	0.98119
1390.2	0.98124
1390.4	0.9813
1390.6	0.98136
1390.8	0.98142
1391.0	0.98147
1391.2	0.98153
1391.4	0.98159
1391.6	0.98165
1391.8	0.9817
1392.0	0.98176
1392.2	0.98182
1392.4	0.98188
1392.6	0.98193
1392.8	0.98199
1393.0	0.98205
1393.2	0.98211
1393.4	0.98216
1393.6	0.98222
1393.8	0.98228
1394.0	0.98234
1394.2	0.98239
1394.4	0.98245
1394.6	0.98251
1394.8	0.98257
1395.0	0.98262
1395.2	0.98254
1395.4	0.98246
1395.6	0.98237
1395.8	0.98229
1396.0	0.98221
1396.2	0.98212
1396.4	0.98204
1396.6	0.98196
1396.8	0.98187
1397.0	0.98179
1397.2	0.98171
1397.4	0.98163
1397.6	0.98154
1397.8	0.98146
1398.0	0.98138
1398.2	0.98129
1398.4	0.98121
1398.6	0.98113
1398.8	0.98104
1399.0	0.98096
1399.2	0.98088
1399.4	0.98079
1399.6	0.98071
1399.8	0.98063
1400.0	0.98054
1400.2	0.98047
1400.4	0.9804
1400.6	0.98032
1400.8	0.98025
1401.0	0.98017
1401.2	0.9801
1401.4	0.98002
1401.6	0.97995
1401.8	0.97988
1402.0	0.9798
1402.2	0.97973
1402.4	0.97965
1402.6	0.97958
1402.8	0.9795
1403.0	0.97943
1403.2	0.97936
1403.4	0.97928
1403.6	0.97921
1403.8	0.97913
1404.0	0.97906
1404.2	0.97898
1404.4	0.97891
1404.6	0.97884
1404.8	0.97876
1405.0	0.97869
1405.2	0.97878
1405.4	0.97887
1405.6	0.97897
1405.8	0.97906
1406.0	0.97915
1406.2	0.97925
1406.4	0.97934
1406.6	0.97943
1406.8	0.97953
1407.0	0.97962
1407.2	0.97971
1407.4	0.97981
1407.6	0.9799
1407.8	0.97999
1408.0	0.98009
1408.2	0.98018
1408.4	0.98027
1408.6	0.98037
1408.8	0.98046
1409.0	0.98055
1409.2	0.98065
1409.4	0.98074
1409.6	0.98083
1409.8	0.98093
1410.0	0.98102
1410.2	0.98105
1410.4	0.98107
1410.6	0.9811
1410.8	0.98113
1411.0	0.98116
1411.2	0.98118
1411.4	0.98121
1411.6	0.98124
1411.8	0.98127
1412.0	0.98129
1412.2	0.98132
1412.4	0.98135
1412.6	0.98138
1412.8	0.9814
1413.0	0.98143
1413.2	0.98146
1413.4	0.98149
1413.6	0.98151
1413.8	0.98154
1414.0	0.98157
1414.2	0.9816
1414.4	0.98162
1414.6	0.98165
1414.8	0.98168
1415.0	0.98171
1415.2	0.98171
1415.4	0.98172
1415.6	0.98173
1415.8	0.98174
1416.0	0.98175
1416.2	0.98175
1416.4	0.98176
1416.6	0.98177
1416.8	0.98178
1417.0	0.98179
1417.2	0.98179
1417.4	0.9818
1417.6	0.98181
1417.8	0.98182
1418.0	0.98183
1418.2	0.98183
1418.4	0.98184
1418.6	0.98185
1418.8	0.98186
1419.0	0.98187
1419.2	0.98187
1419.4	0.98188
1419.6	0.98189
1419.8	0.9819
1420.0	0.98191
1420.2	0.982
1420.4	0.9821
1420.6	0.98219
1420.8	0.98229
1421.0	0.98239
1421.2	0.98248
1421.4	0.98258
1421.6	0.98267
1421.8	0.98277
1422.0	0.98287
1422.2	0.98296
1422.4	0.98306
1422.6	0.98315
1422.8	0.98325
1423.0	0.98335
1423.2	0.98344
1423.4	0.98354
1423.6	0.98364
1423.8	0.98373
1424.0	0.98383
1424.2	0.98392
1424.4	0.98402
1424.6	0.98412
1424.8	0.98421
1425.0	0.98431
1425.2	0.98428
1425.4	0.98426
1425.6	0.98423
1425.8	0.9842
1426.0	0.98418
1426.2	0.98415
1426.4	0.98413
1426.6	0.9841
1426.8	0.98408
1427.0	0.98405
1427.2	0.98402
1427.4	0.984
1427.6	0.98397
1427.8	0.98395
1428.0	0.98392
1428.2	0.98389
1428.4	0.98387
1428.6	0.98384
1428.8	0.98382
1429.0	0.98379
1429.2	0.98376
1429.4	0.98374
1429.6	0.98371
1429.8	0.98369
1430.0	0.98366
1430.2	0.98364
1430.4	0.98363
1430.6	0.98361
1430.8	0.98359
1431.0	0.98357
1431.2	0.98356
1431.4	0.98354
1431.6	0.98352
1431.8	0.9835
1432.0	0.98349
1432.2	0.98347
1432.4	0.98345
1432.6	0.98343
1432.8	0.98342
1433.0	0.9834
1433.2	0.98338
1433.4	0.98336
1433.6	0.98335
1433.8	0.98333
1434.0	0.98331
1434.2	0.98329
1434.4	0.98328
1434.6	0.98326
1434.8	0.98324
1435.0	0.98322
1435.2	0.98321
1435.4	0.98319
1435.6	0.98318
1435.8	0.98316
1436.0	0.98314
1436.2	0.98313
1436.4	0.98311
1436.6	0.9831
1436.8	0.98308
1437.0	0.98306
1437.2	0.98305
1437.4	0.98303
1437.6	0.98302
1437.8	0.983
1438.0	0.98299
1438.2	0.98297
1438.4	0.98295
1438.6	0.98294
1438.8	0.98292
1439.0	0.98291
1439.2	0.98289
1439.4	0.98288
1439.6	0.98286
1439.8	0.98284
1440.0	0.98283
1440.2	0.98281
1440.4	0.9828
1440.6	0.98278
1440.8	0.98277
1441.0	0.98275
1441.2	0.98274
1441.4	0.98272
1441.6	0.98271
1441.8	0.98269
1442.0	0.98268
1442.2	0.98266
1442.4	0.98265
1442.6	0.98263
1442.8	0.98261
1443.0	0.9826
1443.2	0.98258
1443.4	0.98257
1443.6	0.98255
1443.8	0.98254
1444.0	0.98252
1444.2	0.98251
1444.4	0.98249
1444.6	0.98248
1444.8	0.98246
1445.0	0.98245
1445.2	0.98247
1445.4	0.98248
1445.6	0.9825
1445.8	0.98252
1446.0	0.98254
1446.2	0.98256
1446.4	0.98257
1446.6	0.98259
1446.8	0.98261
1447.0	0.98263
1447.2	0.98265
1447.4	0.98266
1447.6	0.98268
1447.8	0.9827
1448.0	0.98272
1448.2	0.98274
1448.4	0.98275
1448.6	0.98277
1448.8	0.98279
1449.0	0.98281
1449.2	0.98283
1449.4	0.98284
1449.6	0.98286
1449.8	0.98288
1450.0	0.9829
1450.2	0.98295
1450.4	0.98299
1450.6	0.98304
1450.8	0.98309
1451.0	0.98314
1451.2	0.98319
1451.4	0.98323
1451.6	0.98328
1451.8	0.98333
1452.0	0.98338
1452.2	0.98343
1452.4	0.98347
1452.6	0.98352
1452.8	0.98357
1453.0	0.98362
1453.2	0.98367
1453.4	0.98371
1453.6	0.98376
1453.8	0.98381
1454.0	0.98386
1454.2	0.98391
1454.4	0.98396
1454.6	0.984
1454.8	0.98405
1455.0	0.9841
1455.2	0.98412
1455.4	0.98414
1455.6	0.98416
1455.8	0.98417
1456.0	0.98419
1456.2	0.98421
1456.4	0.98423
1456.6	0.98425
1456.8	0.98427
1457.0	0.98429
1457.2	0.98431
1457.4	0.98433
1457.6	0.98434
1457.8	0.98436
1458.0	0.98438
1458.2	0.9844
1458.4	0.98442
1458.6	0.98444
1458.8	0.98446
1459.0	0.98448
1459.2	0.9845
1459.4	0.98451
1459.6	0.98453
1459.8	0.98455
1460.0	0.98457
1460.2	0.98453
1460.4	0.9845
1460.6	0.98446
1460.8	0.98443
1461.0	0.98439
1461.2	0.98435
1461.4	0.98432
1461.6	0.98428
1461.8	0.98424
1462.0	0.98421
1462.2	0.98417
1462.4	0.98414
1462.6	0.9841
1462.8	0.98406
1463.0	0.98403
1463.2	0.98399
1463.4	0.98395
1463.6	0.98392
1463.8	0.98388
1464.0	0.98384
1464.2	0.98381
1464.4	0.98377
1464.6	0.98374
1464.8	0.9837
1465.0	0.98366
1465.2	0.98367
1465.4	0.98368
1465.6	0.98369
1465.8	0.9837
1466.0	0.98371
1466.2	0.98372
1466.4	0.98373
1466.6	0.98374
1466.8	0.98375
1467.0	0.98376
1467.2	0.98377
1467.4	0.98378
1467.6	0.98379
1467.8	0.9838
1468.0	0.98381
1468.2	0.98382
1468.4	0.98383
1468.6	0.98384
1468.8	0.98385
1469.0	0.98386
1469.2	0.98387
1469.4	0.98388
1469.6	0.9839
1469.8	0.98391
1470.0	0.98392
1470.2	0.98392
1470.4	0.98392
1470.6	0.98392
1470.8	0.98393
1471.0	0.98393
1471.2	0.98393
1471.4	0.98394
1471.6	0.98394
1471.8	0.98394
1472.0	0.98395
1472.2	0.98395
1472.4	0.98395
1472.6	0.98396
1472.8	0.98396
1473.0	0.98396
1473.2	0.98397
1473.4	0.98397
1473.6	0.98397
1473.8	0.98398
1474.0	0.98398
1474.2	0.98398
1474.4	0.98398
1474.6	0.98399
1474.8	0.98399
1475.0	0.98399
1475.2	0.98395
1475.4	0.98391
1475.6	0.98387
1475.8	0.98383
1476.0	0.98379
1476.2	0.98375
1476.4	0.9837
1476.6	0.98366
1476.8	0.98362
1477.0	0.98358
1477.2	0.98354
1477.4	0.9835
1477.6	0.98346
1477.8	0.98341
1478.0	0.98337
1478.2	0.98333
1478.4	0.98329
1478.6	0.98325
1478.8	0.98321
1479.0	0.98317
1479.2	0.98312
1479.4	0.98308
1479.6	0.98304
1479.8	0.983
1480.0	0.98296
1480.2	0.98296
1480.4	0.98297
1480.6	0.98298
1480.8	0.98298
1481.0	0.98299
1481.2	0.983
1481.4	0.983
1481.6	0.98301
1481.8	0.98302
1482.0	0.98302
1482.2	0.98303
1482.4	0.98304
1482.6	0.98304
1482.8	0.98305
1483.0	0.98306
1483.2	0.98306
1483.4	0.98307
1483.6	0.98307
1483.8	0.98308
1484.0	0.98309
1484.2	0.98309
1484.4	0.9831
1484.6	0.98311
1484.8	0.98311
1485.0	0.98312
1485.2	0.98316
1485.4	0.98321
1485.6	0.98325
1485.8	0.9833
1486.0	0.98334
1486.2	0.98339
1486.4	0.98343
1486.6	0.98348
1486.8	0.98352
1487.0	0.98357
1487.2	0.98361
1487.4	0.98366
1487.6	0.9837
1487.8	0.98375
1488.0	0.98379
1488.2	0.98383
1488.4	0.98388
1488.6	0.98392
1488.8	0.98397
1489.0	0.98401
1489.2	0.98406
1489.4	0.9841
1489.6	0.98415
1489.8	0.98419
1490.0	0.98424
1490.2	0.98424
1490.4	0.98424
1490.6	0.98424
1490.8	0.98424
1491.0	0.98424
1491.2	0.98424
1491.4	0.98424
1491.6	0.98424
1491.8	0.98424
1492.0	0.98425
1492.2	0.98425
1492.4	0.98425
1492.6	0.98425
1492.8	0.98425
1493.0	0.98425
1493.2	0.98425
1493.4	0.98425
1493.6	0.98425
1493.8	0.98425
1494.0	0.98425
1494.2	0.98426
1494.4	0.98426
1494.6	0.98426
1494.8	0.98426
1495.0	0.98426
1495.2	0.9843
1495.4	0.98433
1495.6	0.98437
1495.8	0.98441
1496.0	0.98444
1496.2	0.98448
1496.4	0.98452
1496.6	0.98456
1496.8	0.98459
1497.0	0.98463
1497.2	0.98467
1497.4	0.9847
1497.6	0.98474
1497.8	0.98478
1498.0	0.98481
1498.2	0.98485
1498.4	0.98489
1498.6	0.98493
1498.8	0.98496
1499.0	0.985
1499.2	0.98504
1499.4	0.98507
1499.6	0.98511
1499.8	0.98515
1500.0	0.98519
1500.2	0.98514
1500.4	0.9851
1500.6	0.98506
1500.8	0.98502
1501.0	0.98498
1501.2	0.98494
1501.4	0.9849
1501.6	0.98485
1501.8	0.98481
1502.0	0.98477
1502.2	0.98473
1502.4	0.98469
1502.6	0.98465
1502.8	0.98461
1503.0	0.98456
1503.2	0.98452
1503.4	0.98448
1503.6	0.98444
1503.8	0.9844
1504.0	0.98436
1504.2	0.98432
1504.4	0.98427
1504.6	0.98423
1504.8	0.98419
1505.0	0.98415
1505.2	0.98411
1505.4	0.98406
1505.6	0.98402
1505.8	0.98397
1506.0	0.98393
1506.2	0.98389
1506.4	0.98384
1506.6	0.9838
1506.8	0.98375
1507.0	0.98371
1507.2	0.98367
1507.4	0.98362
1507.6	0.98358
1507.8	0.98354
1508.0	0.98349
1508.2	0.98345
1508.4	0.9834
1508.6	0.98336
1508.8	0.98332
1509.0	0.98327
1509.2	0.98323
1509.4	0.98318
1509.6	0.98314
1509.8	0.9831
1510.0	0.98305
1510.2	0.98299
1510.4	0.98294
1510.6	0.98288
1510.8	0.98282
1511.0	0.98277
1511.2	0.98271
1511.4	0.98265
1511.6	0.9826
1511.8	0.98254
1512.0	0.98248
1512.2	0.98243
1512.4	0.98237
1512.6	0.98231
1512.8	0.98226
1513.0	0.9822
1513.2	0.98214
1513.4	0.98208
1513.6	0.98203
1513.8	0.98197
1514.0	0.98191
1514.2	0.98186
1514.4	0.9818
1514.6	0.98174
1514.8	0.98169
1515.0	0.98163
1515.2	0.98163
1515.4	0.98162
1515.6	0.98162
1515.8	0.98161
1516.0	0.98161
1516.2	0.98161
1516.4	0.9816
1516.6	0.9816
1516.8	0.9816
1517.0	0.98159
1517.2	0.98159
1517.4	0.98159
1517.6	0.98158
1517.8	0.98158
1518.0	0.98157
1518.2	0.98157
1518.4	0.98157
1518.6	0.98156
1518.8	0.98156
1519.0	0.98156
1519.2	0.98155
1519.4	0.98155
1519.6	0.98154
1519.8	0.98154
1520.0	0.98154
1520.2	0.98159
1520.4	0.98164
1520.6	0.98169
1520.8	0.98174
1521.0	0.98179
1521.2	0.98184
1521.4	0.98189
1521.6	0.98194
1521.8	0.98199
1522.0	0.98205
1522.2	0.9821
1522.4	0.98215
1522.6	0.9822
1522.8	0.98225
1523.0	0.9823
1523.2	0.98235
1523.4	0.9824
1523.6	0.98245
1523.8	0.9825
1524.0	0.98255
1524.2	0.9826
1524.4	0.98265
1524.6	0.98271
1524.8	0.98276
1525.0	0.98281
1525.2	0.98278
1525.4	0.98276
1525.6	0.98274
1525.8	0.98272
1526.0	0.9827
1526.2	0.98267
1526.4	0.98265
1526.6	0.98263
1526.8	0.98261
1527.0	0.98258
1527.2	0.98256
1527.4	0.98254
1527.6	0.98252
1527.8	0.9825
1528.0	0.98247
1528.2	0.98245
1528.4	0.98243
1528.6	0.98241
1528.8	0.98239
1529.0	0.98236
1529.2	0.98234
1529.4	0.98232
1529.6	0.9823
1529.8	0.98227
1530.0	0.98225
1530.2	0.98218
1530.4	0.9821
1530.6	0.98203
1530.8	0.98196
1531.0	0.98188
1531.2	0.98181
1531.4	0.98174
1531.6	0.98166
1531.8	0.98159
1532.0	0.98151
1532.2	0.98144
1532.4	0.98137
1532.6	0.98129
1532.8	0.98122
1533.0	0.98114
1533.2	0.98107
1533.4	0.981
1533.6	0.98092
1533.8	0.98085
1534.0	0.98078
1534.2	0.9807
1534.4	0.98063
1534.6	0.98055
1534.8	0.98048
1535.0	0.98041
1535.2	0.98045
1535.4	0.98049
1535.6	0.98054
1535.8	0.98058
1536.0	0.98062
1536.2	0.98067
1536.4	0.98071
1536.6	0.98075
1536.8	0.9808
1537.0	0.98084
1537.2	0.98088
1537.4	0.98093
1537.6	0.98097
1537.8	0.98101
1538.0	0.98106
1538.2	0.9811
1538.4	0.98114
1538.6	0.98119
1538.8	0.98123
1539.0	0.98128
1539.2	0.98132
1539.4	0.98136
1539.6	0.98141
1539.8	0.98145
1540.0	0.98149
1540.2	0.9815
1540.4	0.98151
1540.6	0.98152
1540.8	0.98153
1541.0	0.98154
1541.2	0.98155
1541.4	0.98155
1541.6	0.98156
1541.8	0.98157
1542.0	0.98158
1542.2	0.98159
1542.4	0.9816
1542.6	0.98161
1542.8	0.98162
1543.0	0.98163
1543.2	0.98164
1543.4	0.98164
1543.6	0.98165
1543.8	0.98166
1544.0	0.98167
1544.2	0.98168
1544.4	0.98169
1544.6	0.9817
1544.8	0.98171
1545.0	0.98172
1545.2	0.98169
1545.4	0.98166
1545.6	0.98164
1545.8	0.98161
1546.0	0.98159
1546.2	0.98156
1546.4	0.98154
1546.6	0.98151
1546.8	0.98148
1547.0	0.98146
1547.2	0.98143
1547.4	0.98141
1547.6	0.98138
1547.8	0.98136
1548.0	0.98133
1548.2	0.9813
1548.4	0.98128
1548.6	0.98125
1548.8	0.98123
1549.0	0.9812
1549.2	0.98118
1549.4	0.98115
1549.6	0.98112
1549.8	0.9811
1550.0	0.98107
1550.2	0.98106
1550.4	0.98104
1550.6	0.98103
1550.8	0.98101
1551.0	0.981
1551.2	0.98098
1551.4	0.98097
1551.6	0.98096
1551.8	0.98094
1552.0	0.98093
1552.2	0.98091
1552.4	0.9809
1552.6	0.98088
1552.8	0.98087
1553.0	0.98085
1553.2	0.98084
1553.4	0.98082
1553.6	0.98081
1553.8	0.98079
1554.0	0.98078
1554.2	0.98076
1554.4	0.98075
1554.6	0.98073
1554.8	0.98072
1555.0	0.9807
1555.2	0.98074
1555.4	0.98078
1555.6	0.98082
1555.8	0.98086
1556.0	0.9809
1556.2	0.98094
1556.4	0.98098
1556.6	0.98102
1556.8	0.98106
1557.0	0.9811
1557.2	0.98114
1557.4	0.98118
1557.6	0.98122
1557.8	0.98126
1558.0	0.9813
1558.2	0.98134
1558.4	0.98138
1558.6	0.98142
1558.8	0.98146
1559.0	0.9815
1559.2	0.98154
1559.4	0.98158
1559.6	0.98162
1559.8	0.98165
1560.0	0.98169
1560.2	0.98172
1560.4	0.98174
1560.6	0.98177
1560.8	0.98179
1561.0	0.98181
1561.2	0.98184
1561.4	0.98186
1561.6	0.98189
1561.8	0.98191
1562.0	0.98193
1562.2	0.98196
1562.4	0.98198
1562.6	0.98201
1562.8	0.98203
1563.0	0.98205
1563.2	0.98208
1563.4	0.9821
1563.6	0.98213
1563.8	0.98215
1564.0	0.98217
1564.2	0.9822
1564.4	0.98222
1564.6	0.98225
1564.8	0.98227
1565.0	0.98229
1565.2	0.98225
1565.4	0.9822
1565.6	0.98216
1565.8	0.98211
1566.0	0.98207
1566.2	0.98202
1566.4	0.98198
1566.6	0.98193
1566.8	0.98189
1567.0	0.98185
1567.2	0.9818
1567.4	0.98176
1567.6	0.98171
1567.8	0.98167
1568.0	0.98162
1568.2	0.98158
1568.4	0.98153
1568.6	0.98149
1568.8	0.98144
1569.0	0.9814
1569.2	0.98135
1569.4	0.98131
1569.6	0.98126
1569.8	0.98122
1570.0	0.98117
1570.2	0.98114
1570.4	0.9811
1570.6	0.98107
1570.8	0.98103
1571.0	0.98099
1571.2	0.98096
1571.4	0.98092
1571.6	0.98089
1571.8	0.98085
1572.0	0.98082
1572.2	0.98078
1572.4	0.98074
1572.6	0.98071
1572.8	0.98067
1573.0	0.98064
1573.2	0.9806
1573.4	0.98057
1573.6	0.98053
1573.8	0.98049
1574.0	0.98046
1574.2	0.98042
1574.4	0.98039
1574.6	0.98035
1574.8	0.98032
1575.0	0.98028
1575.2	0.98033
1575.4	0.98038
1575.6	0.98043
1575.8	0.98048
1576.0	0.98054
1576.2	0.98059
1576.4	0.98064
1576.6	0.98069
1576.8	0.98074
1577.0	0.98079
1577.2	0.98084
1577.4	0.98089
1577.6	0.98094
1577.8	0.981
1578.0	0.98105
1578.2	0.9811
1578.4	0.98115
1578.6	0.9812
1578.8	0.98125
1579.0	0.9813
1579.2	0.98135
1579.4	0.9814
1579.6	0.98145
1579.8	0.98151
1580.0	0.98156
1580.2	0.98159
1580.4	0.98162
1580.6	0.98165
1580.8	0.98169
1581.0	0.98172
1581.2	0.98175
1581.4	0.98178
1581.6	0.98181
1581.8	0.98185
1582.0	0.98188
1582.2	0.98191
1582.4	0.98194
1582.6	0.98197
1582.8	0.98201
1583.0	0.98204
1583.2	0.98207
1583.4	0.9821
1583.6	0.98214
1583.8	0.98217
1584.0	0.9822
1584.2	0.98223
1584.4	0.98226
1584.6	0.9823
1584.8	0.98233
1585.0	0.98236
1585.2	0.9826
1585.4	0.98284
1585.6	0.98307
1585.8	0.98331
1586.0	0.98355
1586.2	0.98379
1586.4	0.98403
1586.6	0.98426
1586.8	0.9845
1587.0	0.98474
1587.2	0.98498
1587.4	0.98522
1587.6	0.98545
1587.8	0.98569
1588.0	0.98593
1588.2	0.98617
1588.4	0.98641
1588.6	0.98664
1588.8	0.98688
1589.0	0.98712
1589.2	0.98736
1589.4	0.9876
1589.6	0.98783
1589.8	0.98807
1590.0	0.98831
1590.2	0.98809
1590.4	0.98786
1590.6	0.98764
1590.8	0.98742
1591.0	0.98719
1591.2	0.98697
1591.4	0.98675
1591.6	0.98652
1591.8	0.9863
1592.0	0.98608
1592.2	0.98585
1592.4	0.98563
1592.6	0.98541
1592.8	0.98518
1593.0	0.98496
1593.2	0.98474
1593.4	0.98451
1593.6	0.98429
1593.8	0.98407
1594.0	0.98384
1594.2	0.98362
1594.4	0.9834
1594.6	0.98317
1594.8	0.98295
1595.0	0.98273
1595.2	0.98267
1595.4	0.98262
1595.6	0.98257
1595.8	0.98251
1596.0	0.98246
1596.2	0.9824
1596.4	0.98235
1596.6	0.9823
1596.8	0.98224
1597.0	0.98219
1597.2	0.98214
1597.4	0.98208
1597.6	0.98203
1597.8	0.98198
1598.0	0.98192
1598.2	0.98187
1598.4	0.98181
1598.6	0.98176
1598.8	0.98171
1599.0	0.98165
1599.2	0.9816
1599.4	0.98155
1599.6	0.98149
1599.8	0.98144
1600.0	0.98139
1600.2	0.98138
1600.4	0.98138
1600.6	0.98138
1600.8	0.98138
1601.0	0.98138
1601.2	0.98137
1601.4	0.98137
1601.6	0.98137
1601.8	0.98137
1602.0	0.98137
1602.2	0.98136
1602.4	0.98136
1602.6	0.98136
1602.8	0.98136
1603.0	0.98136
1603.2	0.98135
1603.4	0.98135
1603.6	0.98135
1603.8	0.98135
1604.0	0.98135
1604.2	0.98134
1604.4	0.98134
1604.6	0.98134
1604.8	0.98134
1605.0	0.98134
1605.2	0.98133
1605.4	0.98132
1605.6	0.98131
1605.8	0.98131
1606.0	0.9813
1606.2	0.98129
1606.4	0.98129
1606.6	0.98128
1606.8	0.98127
1607.0	0.98126
1607.2	0.98126
1607.4	0.98125
1607.6	0.98124
1607.8	0.98123
1608.0	0.98123
1608.2	0.98122
1608.4	0.98121
1608.6	0.98121
1608.8	0.9812
1609.0	0.98119
1609.2	0.98118
1609.4	0.98118
1609.6	0.98117
1609.8	0.98116
1610.0	0.98115
1610.2	0.98119
1610.4	0.98122
1610.6	0.98125
1610.8	0.98129
1611.0	0.98132
1611.2	0.98135
1611.4	0.98138
1611.6	0.98142
1611.8	0.98145
1612.0	0.98148
1612.2	0.98151
1612.4	0.98155
1612.6	0.98158
1612.8	0.98161
1613.0	0.98164
1613.2	0.98168
1613.4	0.98171
1613.6	0.98174
1613.8	0.98177
1614.0	0.98181
1614.2	0.98184
1614.4	0.98187
1614.6	0.9819
1614.8	0.98194
1615.0	0.98197
1615.2	0.98197
1615.4	0.98197
1615.6	0.98196
1615.8	0.98196
1616.0	0.98196
1616.2	0.98196
1616.4	0.98196
1616.6	0.98195
1616.8	0.98195
1617.0	0.98195
1617.2	0.98195
1617.4	0.98195
1617.6	0.98194
1617.8	0.98194
1618.0	0.98194
1618.2	0.98194
1618.4	0.98194
1618.6	0.98193
1618.8	0.98193
1619.0	0.98193
1619.2	0.98193
1619.4	0.98193
1619.6	0.98192
1619.8	0.98192
1620.0	0.98192
1620.2	0.9819
1620.4	0.98188
1620.6	0.98186
1620.8	0.98183
1621.0	0.98181
1621.2	0.98179
1621.4	0.98177
1621.6	0.98175
1621.8	0.98172
1622.0	0.9817
1622.2	0.98168
1622.4	0.98166
1622.6	0.98164
1622.8	0.98161
1623.0	0.98159
1623.2	0.98157
1623.4	0.98155
1623.6	0.98153
1623.8	0.9815
1624.0	0.98148
1624.2	0.98146
1624.4	0.98144
1624.6	0.98142
1624.8	0.98139
1625.0	0.98137
1625.2	0.98138
1625.4	0.98139
1625.6	0.98139
1625.8	0.9814
1626.0	0.98141
1626.2	0.98141
1626.4	0.98142
1626.6	0.98143
1626.8	0.98143
1627.0	0.98144
1627.2	0.98145
1627.4	0.98145
1627.6	0.98146
1627.8	0.98147
1628.0	0.98147
1628.2	0.98148
1628.4	0.98149
1628.6	0.98149
1628.8	0.9815
1629.0	0.98151
1629.2	0.98151
1629.4	0.98152
1629.6	0.98153
1629.8	0.98153
1630.0	0.98154
1630.2	0.98153
1630.4	0.98152
1630.6	0.98152
1630.8	0.98151
1631.0	0.9815
1631.2	0.9815
1631.4	0.98149
1631.6	0.98148
1631.8	0.98148
1632.0	0.98147
1632.2	0.98146
1632.4	0.98145
1632.6	0.98145
1632.8	0.98144
1633.0	0.98143
1633.2	0.98143
1633.4	0.98142
1633.6	0.98141
1633.8	0.9814
1634.0	0.9814
1634.2	0.98139
1634.4	0.98138
1634.6	0.98138
1634.8	0.98137
1635.0	0.98136
1635.2	0.98135
1635.4	0.98134
1635.6	0.98132
1635.8	0.98131
1636.0	0.9813
1636.2	0.98128
1636.4	0.98127
1636.6	0.98126
1636.8	0.98124
1637.0	0.98123
1637.2	0.98122
1637.4	0.9812
1637.6	0.98119
1637.8	0.98118
1638.0	0.98116
1638.2	0.98115
1638.4	0.98114
1638.6	0.98112
1638.8	0.98111
1639.0	0.9811
1639.2	0.98108
1639.4	0.98107
1639.6	0.98106
1639.8	0.98105
1640.0	0.98103
1640.2	0.98086
1640.4	0.98068
1640.6	0.98051
1640.8	0.98033
1641.0	0.98015
1641.2	0.97998
1641.4	0.9798
1641.6	0.97963
1641.8	0.97945
1642.0	0.97928
1642.2	0.9791
1642.4	0.97892
1642.6	0.97875
1642.8	0.97857
1643.0	0.9784
1643.2	0.97822
1643.4	0.97805
1643.6	0.97787
1643.8	0.9777
1644.0	0.97752
1644.2	0.97734
1644.4	0.97717
1644.6	0.97699
1644.8	0.97682
1645.0	0.97664
1645.2	0.97676
1645.4	0.97687
1645.6	0.97699
1645.8	0.97711
1646.0	0.97722
1646.2	0.97734
1646.4	0.97746
1646.6	0.97757
1646.8	0.97769
1647.0	0.9778
1647.2	0.97792
1647.4	0.97804
1647.6	0.97815
1647.8	0.97827
1648.0	0.97838
1648.2	0.9785
1648.4	0.97862
1648.6	0.97873
1648.8	0.97885
1649.0	0.97897
1649.2	0.97908
1649.4	0.9792
1649.6	0.97931
1649.8	0.97943
1650.0	0.97955
1650.2	0.9796
1650.4	0.97966
1650.6	0.97971
1650.8	0.97976
1651.0	0.97982
1651.2	0.97987
1651.4	0.97993
1651.6	0.97998
1651.8	0.98003
1652.0	0.98009
1652.2	0.98014
1652.4	0.9802
1652.6	0.98025
1652.8	0.98031
1653.0	0.98036
1653.2	0.98041
1653.4	0.98047
1653.6	0.98052
1653.8	0.98058
1654.0	0.98063
1654.2	0.98069
1654.4	0.98074
1654.6	0.98079
1654.8	0.98085
1655.0	0.9809
1655.2	0.98095
1655.4	0.981
1655.6	0.98105
1655.8	0.9811
1656.0	0.98114
1656.2	0.98119
1656.4	0.98124
1656.6	0.98129
1656.8	0.98134
1657.0	0.98138
1657.2	0.98143
1657.4	0.98148
1657.6	0.98153
1657.8	0.98158
1658.0	0.98163
1658.2	0.98167
1658.4	0.98172
1658.6	0.98177
1658.8	0.98182
1659.0	0.98187
1659.2	0.98192
1659.4	0.98196
1659.6	0.98201
1659.8	0.98206
1660.0	0.98211
1660.2	0.98203
1660.4	0.98196
1660.6	0.98188
1660.8	0.98181
1661.0	0.98174
1661.2	0.98166
1661.4	0.98159
1661.6	0.98151
1661.8	0.98144
1662.0	0.98136
1662.2	0.98129
1662.4	0.98122
1662.6	0.98114
1662.8	0.98107
1663.0	0.98099
1663.2	0.98097
1663.4	0.98095
1663.6	0.98094
1663.8	0.98092
1664.0	0.9809
1664.2	0.98095
1664.4	0.98101
1664.6	0.98106
1664.8	0.98111
1665.0	0.98117
1665.2	0.981
1665.4	0.98084
1665.6	0.98067
1665.8	0.9805
1666.0	0.98034
1666.2	0.98062
1666.4	0.9809
1666.6	0.98118
1666.8	0.98146
1667.0	0.98174
1667.2	0.98173
1667.4	0.98173
1667.6	0.98172
1667.8	0.98172
1668.0	0.98171
1668.2	0.98188
1668.4	0.98205
1668.6	0.98222
1668.8	0.98239
1669.0	0.98256
1669.2	0.98245
1669.4	0.98234
1669.6	0.98223
1669.8	0.98212
1670.0	0.98201
1670.2	0.98218
1670.4	0.98235
1670.6	0.98252
1670.8	0.98268
1671.0	0.98285
1671.2	0.98265
1671.4	0.98244
1671.6	0.98223
1671.8	0.98203
1672.0	0.98182
1672.2	0.98207
1672.4	0.98232
1672.6	0.98257
1672.8	0.98282
1673.0	0.98307
1673.2	0.98292
1673.4	0.98278
1673.6	0.98263
1673.8	0.98248
1674.0	0.98233
1674.2	0.98216
1674.4	0.98199
1674.6	0.98182
1674.8	0.98165
1675.0	0.98148
1675.2	0.98154
1675.4	0.9816
1675.6	0.98166
1675.8	0.98172
1676.0	0.98178
1676.2	0.98188
1676.4	0.98197
1676.6	0.98207
1676.8	0.98216
1677.0	0.98226
1677.2	0.98233
1677.4	0.98241
1677.6	0.98249
1677.8	0.98256
1678.0	0.98264
1678.2	0.98276
1678.4	0.98289
1678.6	0.98301
1678.8	0.98313
1679.0	0.98326
1679.2	0.98308
1679.4	0.98289
1679.6	0.98271
1679.8	0.98253
1680.0	0.98235
1680.2	0.98224
1680.4	0.98213
1680.6	0.98202
1680.8	0.98191
1681.0	0.9818
1681.2	0.98172
1681.4	0.98163
1681.6	0.98155
1681.8	0.98146
1682.0	0.98138
1682.2	0.98149
1682.4	0.98159
1682.6	0.9817
1682.8	0.98181
1683.0	0.98192
1683.2	0.98173
1683.4	0.98154
1683.6	0.98135
1683.8	0.98116
1684.0	0.98097
1684.2	0.98117
1684.4	0.98138
1684.6	0.98158
1684.8	0.98178
1685.0	0.98199
1685.2	0.98188
1685.4	0.98177
1685.6	0.98166
1685.8	0.98154
1686.0	0.98143
1686.2	0.98137
1686.4	0.98131
1686.6	0.98125
1686.8	0.98119
1687.0	0.98113
1687.2	0.98133
1687.4	0.98152
1687.6	0.98172
1687.8	0.98191
1688.0	0.98211
1688.2	0.98211
1688.4	0.98211
1688.6	0.98211
1688.8	0.9821
1689.0	0.9821
1689.2	0.98202
1689.4	0.98194
1689.6	0.98187
1689.8	0.98179
1690.0	0.98171
1690.2	0.98187
1690.4	0.98202
1690.6	0.98218
1690.8	0.98234
1691.0	0.9825
1691.2	0.98251
1691.4	0.98253
1691.6	0.98254
1691.8	0.98255
1692.0	0.98257
1692.2	0.98269
1692.4	0.98281
1692.6	0.98294
1692.8	0.98306
1693.0	0.98319
1693.2	0.98309
1693.4	0.98299
1693.6	0.98289
1693.8	0.98279
1694.0	0.98269
1694.2	0.98248
1694.4	0.98227
1694.6	0.98207
1694.8	0.98186
1695.0	0.98165
1695.2	0.98143
1695.4	0.98121
1695.6	0.98099
1695.8	0.98076
1696.0	0.98054
1696.2	0.98061
1696.4	0.98068
1696.6	0.98075
1696.8	0.98082
1697.0	0.98089
1697.2	0.98099
1697.4	0.98109
1697.6	0.98119
1697.8	0.98129
1698.0	0.98139
1698.2	0.98142
1698.4	0.98144
1698.6	0.98147
1698.8	0.98149
1699.0	0.98151
1699.2	0.98137
1699.4	0.98122
1699.6	0.98108
1699.8	0.98093
1700.0	0.98079
1700.2	0.98084
1700.4	0.98088
1700.6	0.98093
1700.8	0.98098
1701.0	0.98103
1701.2	0.98117
1701.4	0.98131
1701.6	0.98144
1701.8	0.98158
1702.0	0.98172
1702.2	0.9819
1702.4	0.98209
1702.6	0.98228
1702.8	0.98246
1703.0	0.98265
1703.2	0.98262
1703.4	0.9826
1703.6	0.98257
1703.8	0.98254
1704.0	0.98251
1704.2	0.98229
1704.4	0.98206
1704.6	0.98183
1704.8	0.9816
1705.0	0.98138
1705.2	0.98116
1705.4	0.98094
1705.6	0.98072
1705.8	0.98051
1706.0	0.98029
1706.2	0.98032
1706.4	0.98035
1706.6	0.98038
1706.8	0.98042
1707.0	0.98045
1707.2	0.98052
1707.4	0.98058
1707.6	0.98065
1707.8	0.98072
1708.0	0.98078
1708.2	0.98089
1708.4	0.981
1708.6	0.98111
1708.8	0.98121
1709.0	0.98132
1709.2	0.98134
1709.4	0.98135
1709.6	0.98136
1709.8	0.98137
1710.0	0.98139
1710.2	0.98144
1710.4	0.98149
1710.6	0.98154
1710.8	0.98159
1711.0	0.98163
1711.2	0.98156
1711.4	0.98148
1711.6	0.98141
1711.8	0.98133
1712.0	0.98126
1712.2	0.98147
1712.4	0.98167
1712.6	0.98188
1712.8	0.98209
1713.0	0.98229
1713.2	0.98243
1713.4	0.98257
1713.6	0.98271
1713.8	0.98284
1714.0	0.98298
1714.2	0.98276
1714.4	0.98253
1714.6	0.9823
1714.8	0.98207
1715.0	0.98184
1715.2	0.98186
1715.4	0.98187
1715.6	0.98188
1715.8	0.98189
1716.0	0.9819
1716.2	0.98241
1716.4	0.98293
1716.6	0.98344
1716.8	0.98395
1717.0	0.98447
1717.2	0.98689
1717.4	0.98932
1717.6	0.99175
1717.8	0.99417
1718.0	0.9966
1718.2	0.99397
1718.4	0.99135
1718.6	0.98872
1718.8	0.98609
1719.0	0.98346
1719.2	0.98332
1719.4	0.98318
1719.6	0.98304
1719.8	0.9829
1720.0	0.98276
1720.2	0.98279
1720.4	0.98282
1720.6	0.98285
1720.8	0.98288
1721.0	0.98291
1721.2	0.98287
1721.4	0.98282
1721.6	0.98277
1721.8	0.98273
1722.0	0.98268
1722.2	0.9826
1722.4	0.98252
1722.6	0.98244
1722.8	0.98235
1723.0	0.98227
1723.2	0.98218
1723.4	0.98209
1723.6	0.98199
1723.8	0.9819
1724.0	0.98181
1724.2	0.98167
1724.4	0.98154
1724.6	0.98141
1724.8	0.98127
1725.0	0.98114
1725.2	0.98109
1725.4	0.98104
1725.6	0.981
1725.8	0.98095
1726.0	0.9809
1726.2	0.98101
1726.4	0.98112
1726.6	0.98122
1726.8	0.98133
1727.0	0.98144
1727.2	0.98153
1727.4	0.98161
1727.6	0.9817
1727.8	0.98178
1728.0	0.98187
1728.2	0.98183
1728.4	0.98179
1728.6	0.98175
1728.8	0.98171
1729.0	0.98166
1729.2	0.98143
1729.4	0.98119
1729.6	0.98095
1729.8	0.98071
1730.0	0.98048
1730.2	0.98048
1730.4	0.98049
1730.6	0.9805
1730.8	0.98051
1731.0	0.98051
1731.2	0.98045
1731.4	0.98039
1731.6	0.98033
1731.8	0.98027
1732.0	0.98021
1732.2	0.98037
1732.4	0.98052
1732.6	0.98068
1732.8	0.98083
1733.0	0.98099
1733.2	0.9813
1733.4	0.98161
1733.6	0.98191
1733.8	0.98222
1734.0	0.98253
1734.2	0.98259
1734.4	0.98264
1734.6	0.9827
1734.8	0.98275
1735.0	0.98281
1735.2	0.98282
1735.4	0.98284
1735.6	0.98285
1735.8	0.98286
1736.0	0.98288
1736.2	0.98286
1736.4	0.98283
1736.6	0.98281
1736.8	0.98279
1737.0	0.98276
1737.2	0.98284
1737.4	0.98292
1737.6	0.983
1737.8	0.98308
1738.0	0.98316
1738.2	0.98327
1738.4	0.98339
1738.6	0.9835
1738.8	0.98362
1739.0	0.98373
1739.2	0.98364
1739.4	0.98355
1739.6	0.98346
1739.8	0.98337
1740.0	0.98328
1740.2	0.98342
1740.4	0.98356
1740.6	0.98371
1740.8	0.98385
1741.0	0.98399
1741.2	0.98387
1741.4	0.98375
1741.6	0.98363
1741.8	0.98351
1742.0	0.9834
1742.2	0.98339
1742.4	0.98338
1742.6	0.98337
1742.8	0.98336
1743.0	0.98335
1743.2	0.9835
1743.4	0.98365
1743.6	0.98381
1743.8	0.98396
1744.0	0.98411
1744.2	0.98391
1744.4	0.9837
1744.6	0.98349
1744.8	0.98329
1745.0	0.98308
1745.2	0.98308
1745.4	0.98308
1745.6	0.98307
1745.8	0.98307
1746.0	0.98307
1746.2	0.98318
1746.4	0.98329
1746.6	0.9834
1746.8	0.98351
1747.0	0.98362
1747.2	0.98363
1747.4	0.98364
1747.6	0.98365
1747.8	0.98366
1748.0	0.98367
1748.2	0.98359
1748.4	0.98351
1748.6	0.98343
1748.8	0.98335
1749.0	0.98327
1749.2	0.98326
1749.4	0.98325
1749.6	0.98324
1749.8	0.98323
1750.0	0.98322
1750.2	0.98307
1750.4	0.98291
1750.6	0.98275
1750.8	0.98259
1751.0	0.98243
1751.2	0.98238
1751.4	0.98232
1751.6	0.98226
1751.8	0.9822
1752.0	0.98215
1752.2	0.98236
1752.4	0.98257
1752.6	0.98278
1752.8	0.983
1753.0	0.98321
1753.2	0.98329
1753.4	0.98337
1753.6	0.98344
1753.8	0.98352
1754.0	0.9836
1754.2	0.98345
1754.4	0.98329
1754.6	0.98314
1754.8	0.98299
1755.0	0.98283
1755.2	0.98286
1755.4	0.98288
1755.6	0.98291
1755.8	0.98294
1756.0	0.98296
1756.2	0.98297
1756.4	0.98298
1756.6	0.98299
1756.8	0.983
1757.0	0.98301
1757.2	0.98312
1757.4	0.98323
1757.6	0.98334
1757.8	0.98345
1758.0	0.98356
1758.2	0.98348
1758.4	0.98339
1758.6	0.98331
1758.8	0.98322
1759.0	0.98314
1759.2	0.98295
1759.4	0.98276
1759.6	0.98258
1759.8	0.98239
1760.0	0.9822
1760.2	0.98222
1760.4	0.98224
1760.6	0.98225
1760.8	0.98227
1761.0	0.98228
1761.2	0.98249
1761.4	0.9827
1761.6	0.98291
1761.8	0.98312
1762.0	0.98334
1762.2	0.98327
1762.4	0.98321
1762.6	0.98314
1762.8	0.98308
1763.0	0.98301
1763.2	0.98297
1763.4	0.98292
1763.6	0.98287
1763.8	0.98282
1764.0	0.98278
1764.2	0.9828
1764.4	0.98283
1764.6	0.98286
1764.8	0.98289
1765.0	0.98291
1765.2	0.98292
1765.4	0.98292
1765.6	0.98293
1765.8	0.98294
1766.0	0.98294
1766.2	0.98285
1766.4	0.98276
1766.6	0.98267
1766.8	0.98257
1767.0	0.98248
1767.2	0.9826
1767.4	0.98272
1767.6	0.98283
1767.8	0.98295
1768.0	0.98307
1768.2	0.98321
1768.4	0.98335
1768.6	0.98349
1768.8	0.98362
1769.0	0.98376
1769.2	0.98369
1769.4	0.98362
1769.6	0.98355
1769.8	0.98348
1770.0	0.98341
1770.2	0.98344
1770.4	0.98348
1770.6	0.98351
1770.8	0.98355
1771.0	0.98358
1771.2	0.98355
1771.4	0.98352
1771.6	0.98349
1771.8	0.98345
1772.0	0.98342
1772.2	0.98327
1772.4	0.98313
1772.6	0.98298
1772.8	0.98283
1773.0	0.98268
1773.2	0.98256
1773.4	0.98243
1773.6	0.98231
1773.8	0.98219
1774.0	0.98206
1774.2	0.98199
1774.4	0.98192
1774.6	0.98185
1774.8	0.98178
1775.0	0.98171
1775.2	0.98178
1775.4	0.98184
1775.6	0.98191
1775.8	0.98198
1776.0	0.98204
1776.2	0.98211
1776.4	0.98219
1776.6	0.98226
1776.8	0.98233
1777.0	0.9824
1777.2	0.98228
1777.4	0.98216
1777.6	0.98204
1777.8	0.98192
1778.0	0.9818
1778.2	0.98172
1778.4	0.98163
1778.6	0.98154
1778.8	0.98145
1779.0	0.98136
1779.2	0.98137
1779.4	0.98138
1779.6	0.98138
1779.8	0.98139
1780.0	0.98139
1780.2	0.98142
1780.4	0.98145
1780.6	0.98147
1780.8	0.9815
1781.0	0.98153
1781.2	0.98165
1781.4	0.98177
1781.6	0.98189
1781.8	0.98201
1782.0	0.98213
1782.2	0.98226
1782.4	0.9824
1782.6	0.98253
1782.8	0.98266
1783.0	0.9828
1783.2	0.98281
1783.4	0.98282
1783.6	0.98283
1783.8	0.98284
1784.0	0.98285
1784.2	0.98289
1784.4	0.98293
1784.6	0.98297
1784.8	0.983
1785.0	0.98304
1785.2	0.98319
1785.4	0.98334
1785.6	0.98349
1785.8	0.98365
1786.0	0.9838
1786.2	0.98382
1786.4	0.98384
1786.6	0.98386
1786.8	0.98388
1787.0	0.9839
1787.2	0.98395
1787.4	0.98401
1787.6	0.98406
1787.8	0.98411
1788.0	0.98416
1788.2	0.98419
1788.4	0.98422
1788.6	0.98426
1788.8	0.98429
1789.0	0.98432
1789.2	0.98418
1789.4	0.98404
1789.6	0.9839
1789.8	0.98376
1790.0	0.98362
1790.2	0.98359
1790.4	0.98356
1790.6	0.98352
1790.8	0.98349
1791.0	0.98345
1791.2	0.98359
1791.4	0.98372
1791.6	0.98385
1791.8	0.98398
1792.0	0.98412
1792.2	0.98412
1792.4	0.98413
1792.6	0.98414
1792.8	0.98414
1793.0	0.98415
1793.2	0.98413
1793.4	0.98412
1793.6	0.9841
1793.8	0.98408
1794.0	0.98406
1794.2	0.98399
1794.4	0.98391
1794.6	0.98384
1794.8	0.98376
1795.0	0.98368
1795.2	0.98368
1795.4	0.98367
1795.6	0.98366
1795.8	0.98366
1796.0	0.98365
1796.2	0.98356
1796.4	0.98347
1796.6	0.98338
1796.8	0.98329
1797.0	0.9832
1797.2	0.98314
1797.4	0.98308
1797.6	0.98302
1797.8	0.98297
1798.0	0.98291
1798.2	0.98293
1798.4	0.98295
1798.6	0.98297
1798.8	0.98299
1799.0	0.98301
1799.2	0.98284
1799.4	0.98268
1799.6	0.98252
1799.8	0.98236
1800.0	0.9822
1800.2	0.9821
1800.4	0.982
1800.6	0.98191
1800.8	0.98181
1801.0	0.98171
1801.2	0.98171
1801.4	0.98171
1801.6	0.98171
1801.8	0.98171
1802.0	0.9817
1802.2	0.98172
1802.4	0.98174
1802.6	0.98175
1802.8	0.98177
1803.0	0.98178
1803.2	0.98178
1803.4	0.98178
1803.6	0.98178
1803.8	0.98178
1804.0	0.98178
1804.2	0.98175
1804.4	0.98171
1804.6	0.98168
1804.8	0.98164
1805.0	0.98161
1805.2	0.98167
1805.4	0.98172
1805.6	0.98178
1805.8	0.98184
1806.0	0.9819
1806.2	0.98188
1806.4	0.98187
1806.6	0.98186
1806.8	0.98185
1807.0	0.98183
1807.2	0.98184
1807.4	0.98185
1807.6	0.98185
1807.8	0.98186
1808.0	0.98187
1808.2	0.98194
1808.4	0.98202
1808.6	0.9821
1808.8	0.98217
1809.0	0.98225
1809.2	0.98227
1809.4	0.98228
1809.6	0.9823
1809.8	0.98232
1810.0	0.98234
1810.2	0.98255
1810.4	0.98276
1810.6	0.98298
1810.8	0.98319
1811.0	0.9834
1811.2	0.98352
1811.4	0.98365
1811.6	0.98377
1811.8	0.98389
1812.0	0.98401
1812.2	0.98402
1812.4	0.98402
1812.6	0.98403
1812.8	0.98404
1813.0	0.98404
1813.2	0.98407
1813.4	0.98409
1813.6	0.98412
1813.8	0.98414
1814.0	0.98417
1814.2	0.98416
1814.4	0.98415
1814.6	0.98414
1814.8	0.98413
1815.0	0.98412
1815.2	0.98426
1815.4	0.98441
1815.6	0.98456
1815.8	0.9847
1816.0	0.98485
1816.2	0.98507
1816.4	0.98529
1816.6	0.98551
1816.8	0.98573
1817.0	0.98595
1817.2	0.98601
1817.4	0.98606
1817.6	0.98612
1817.8	0.98617
1818.0	0.98623
1818.2	0.98602
1818.4	0.9858
1818.6	0.98558
1818.8	0.98537
1819.0	0.98515
1819.2	0.98517
1819.4	0.98519
1819.6	0.98521
1819.8	0.98522
1820.0	0.98524
1820.2	0.98527
1820.4	0.98529
1820.6	0.98532
1820.8	0.98535
1821.0	0.98538
1821.2	0.98537
1821.4	0.98537
1821.6	0.98537
1821.8	0.98537
1822.0	0.98537
1822.2	0.98531
1822.4	0.98524
1822.6	0.98518
1822.8	0.98512
1823.0	0.98506
1823.2	0.98502
1823.4	0.98498
1823.6	0.98494
1823.8	0.9849
1824.0	0.98485
1824.2	0.98474
1824.4	0.98462
1824.6	0.98451
1824.8	0.98439
1825.0	0.98427
1825.2	0.98412
1825.4	0.98397
1825.6	0.98382
1825.8	0.98366
1826.0	0.98351
1826.2	0.9834
1826.4	0.98328
1826.6	0.98316
1826.8	0.98305
1827.0	0.98293
1827.2	0.98297
1827.4	0.98301
1827.6	0.98306
1827.8	0.9831
1828.0	0.98314
1828.2	0.98321
1828.4	0.98329
1828.6	0.98336
1828.8	0.98344
1829.0	0.98351
1829.2	0.98349
1829.4	0.98348
1829.6	0.98346
1829.8	0.98345
1830.0	0.98343
1830.2	0.98345
1830.4	0.98346
1830.6	0.98347
1830.8	0.98349
1831.0	0.9835
1831.2	0.98345
1831.4	0.9834
1831.6	0.98335
1831.8	0.9833
1832.0	0.98325
1832.2	0.98318
1832.4	0.98311
1832.6	0.98304
1832.8	0.98298
1833.0	0.98291
1833.2	0.98298
1833.4	0.98306
1833.6	0.98313
1833.8	0.98321
1834.0	0.98328
1834.2	0.98336
1834.4	0.98344
1834.6	0.98352
1834.8	0.98359
1835.0	0.98367
1835.2	0.98376
1835.4	0.98385
1835.6	0.98394
1835.8	0.98402
1836.0	0.98411
1836.2	0.98422
1836.4	0.98432
1836.6	0.98443
1836.8	0.98453
1837.0	0.98463
1837.2	0.9846
1837.4	0.98457
1837.6	0.98454
1837.8	0.98451
1838.0	0.98448
1838.2	0.98446
1838.4	0.98444
1838.6	0.98442
1838.8	0.9844
1839.0	0.98437
1839.2	0.98427
1839.4	0.98417
1839.6	0.98407
1839.8	0.98396
1840.0	0.98386
1840.2	0.98385
1840.4	0.98383
1840.6	0.98382
1840.8	0.9838
1841.0	0.98378
1841.2	0.98404
1841.4	0.98429
1841.6	0.98455
1841.8	0.9848
1842.0	0.98506
1842.2	0.98512
1842.4	0.98518
1842.6	0.98525
1842.8	0.98531
1843.0	0.98537
1843.2	0.9853
1843.4	0.98522
1843.6	0.98515
1843.8	0.98507
1844.0	0.985
1844.2	0.98498
1844.4	0.98496
1844.6	0.98495
1844.8	0.98493
1845.0	0.98491
1845.2	0.98488
1845.4	0.98484
1845.6	0.98481
1845.8	0.98477
1846.0	0.98474
1846.2	0.98464
1846.4	0.98454
1846.6	0.98443
1846.8	0.98433
1847.0	0.98423
1847.2	0.98416
1847.4	0.98408
1847.6	0.98401
1847.8	0.98394
1848.0	0.98386
1848.2	0.98397
1848.4	0.98408
1848.6	0.98419
1848.8	0.98429
1849.0	0.9844
1849.2	0.98437
1849.4	0.98433
1849.6	0.9843
1849.8	0.98426
1850.0	0.98423
1850.2	0.98423
1850.4	0.98423
1850.6	0.98423
1850.8	0.98423
1851.0	0.98424
1851.2	0.98413
1851.4	0.98403
1851.6	0.98393
1851.8	0.98383
1852.0	0.98373
1852.2	0.9836
1852.4	0.98347
1852.6	0.98333
1852.8	0.9832
1853.0	0.98307
1853.2	0.98309
1853.4	0.98311
1853.6	0.98313
1853.8	0.98316
1854.0	0.98318
1854.2	0.9832
1854.4	0.98321
1854.6	0.98323
1854.8	0.98324
1855.0	0.98326
1855.2	0.98312
1855.4	0.98297
1855.6	0.98282
1855.8	0.98268
1856.0	0.98253
1856.2	0.98246
1856.4	0.9824
1856.6	0.98233
1856.8	0.98226
1857.0	0.98219
1857.2	0.98231
1857.4	0.98243
1857.6	0.98255
1857.8	0.98267
1858.0	0.98279
1858.2	0.98281
1858.4	0.98283
1858.6	0.98286
1858.8	0.98288
1859.0	0.9829
1859.2	0.98292
1859.4	0.98293
1859.6	0.98295
1859.8	0.98296
1860.0	0.98298
1860.2	0.98306
1860.4	0.98315
1860.6	0.98324
1860.8	0.98332
1861.0	0.98341
1861.2	0.98347
1861.4	0.98352
1861.6	0.98358
1861.8	0.98364
1862.0	0.98369
1862.2	0.98374
1862.4	0.98378
1862.6	0.98382
1862.8	0.98386
1863.0	0.9839
1863.2	0.98388
1863.4	0.98387
1863.6	0.98385
1863.8	0.98383
1864.0	0.98381
1864.2	0.98383
1864.4	0.98385
1864.6	0.98387
1864.8	0.98388
1865.0	0.9839
1865.2	0.98402
1865.4	0.98414
1865.6	0.98427
1865.8	0.98439
1866.0	0.98451
1866.2	0.98444
1866.4	0.98438
1866.6	0.98431
1866.8	0.98424
1867.0	0.98417
1867.2	0.98418
1867.4	0.98418
1867.6	0.98418
1867.8	0.98419
1868.0	0.98419
1868.2	0.98428
1868.4	0.98437
1868.6	0.98446
1868.8	0.98455
1869.0	0.98464
1869.2	0.98454
1869.4	0.98445
1869.6	0.98435
1869.8	0.98426
1870.0	0.98416
1870.2	0.9841
1870.4	0.98403
1870.6	0.98397
1870.8	0.98391
1871.0	0.98384
1871.2	0.98381
1871.4	0.98377
1871.6	0.98373
1871.8	0.9837
1872.0	0.98366
1872.2	0.98348
1872.4	0.98329
1872.6	0.9831
1872.8	0.98292
1873.0	0.98273
1873.2	0.9828
1873.4	0.98287
1873.6	0.98293
1873.8	0.983
1874.0	0.98307
1874.2	0.98319
1874.4	0.98332
1874.6	0.98344
1874.8	0.98357
1875.0	0.98369
1875.2	0.98361
1875.4	0.98353
1875.6	0.98344
1875.8	0.98336
1876.0	0.98328
1876.2	0.9833
1876.4	0.98332
1876.6	0.98335
1876.8	0.98337
1877.0	0.9834
1877.2	0.98352
1877.4	0.98365
1877.6	0.98377
1877.8	0.9839
1878.0	0.98403
1878.2	0.98397
1878.4	0.98392
1878.6	0.98386
1878.8	0.98381
1879.0	0.98375
1879.2	0.9837
1879.4	0.98365
1879.6	0.9836
1879.8	0.98355
1880.0	0.9835
1880.2	0.98347
1880.4	0.98345
1880.6	0.98343
1880.8	0.98341
1881.0	0.98338
1881.2	0.98347
1881.4	0.98355
1881.6	0.98364
1881.8	0.98372
1882.0	0.98381
1882.2	0.9838
1882.4	0.9838
1882.6	0.9838
1882.8	0.9838
1883.0	0.9838
1883.2	0.98374
1883.4	0.98368
1883.6	0.98362
1883.8	0.98356
1884.0	0.98349
1884.2	0.98358
1884.4	0.98367
1884.6	0.98376
1884.8	0.98385
1885.0	0.98394
1885.2	0.98391
1885.4	0.98387
1885.6	0.98383
1885.8	0.9838
1886.0	0.98376
1886.2	0.98397
1886.4	0.98419
1886.6	0.9844
1886.8	0.98462
1887.0	0.98483
1887.2	0.98507
1887.4	0.98532
1887.6	0.98556
1887.8	0.98581
1888.0	0.98605
1888.2	0.98619
1888.4	0.98633
1888.6	0.98648
1888.8	0.98662
1889.0	0.98676
1889.2	0.98675
1889.4	0.98674
1889.6	0.98673
1889.8	0.98672
1890.0	0.98671
1890.2	0.98652
1890.4	0.98633
1890.6	0.98614
1890.8	0.98595
1891.0	0.98577
1891.2	0.98561
1891.4	0.98545
1891.6	0.98529
1891.8	0.98514
1892.0	0.98498
1892.2	0.98506
1892.4	0.98513
1892.6	0.98521
1892.8	0.98529
1893.0	0.98537
1893.2	0.98543
1893.4	0.98549
1893.6	0.98555
1893.8	0.98561
1894.0	0.98567
1894.2	0.98579
1894.4	0.9859
1894.6	0.98602
1894.8	0.98614
1895.0	0.98625
1895.2	0.98644
1895.4	0.98663
1895.6	0.98681
1895.8	0.987
1896.0	0.98719
1896.2	0.98726
1896.4	0.98733
1896.6	0.9874
1896.8	0.98747
1897.0	0.98754
1897.2	0.98755
1897.4	0.98756
1897.6	0.98757
1897.8	0.98758
1898.0	0.9876
1898.2	0.98751
1898.4	0.98742
1898.6	0.98734
1898.8	0.98725
1899.0	0.98716
1899.2	0.98716
1899.4	0.98715
1899.6	0.98714
1899.8	0.98713
1900.0	0.98713
1900.2	0.98708
1900.4	0.98703
1900.6	0.98698
1900.8	0.98693
1901.0	0.98689
1901.2	0.9867
1901.4	0.98652
1901.6	0.98633
1901.8	0.98614
1902.0	0.98596
1902.2	0.98601
1902.4	0.98606
1902.6	0.98611
1902.8	0.98617
1903.0	0.98622
1903.2	0.98617
1903.4	0.98613
1903.6	0.98608
1903.8	0.98604
1904.0	0.98599
1904.2	0.98598
1904.4	0.98597
1904.6	0.98595
1904.8	0.98594
1905.0	0.98593
1905.2	0.98586
1905.4	0.98579
1905.6	0.98572
1905.8	0.98565
1906.0	0.98558
1906.2	0.9854
1906.4	0.98522
1906.6	0.98503
1906.8	0.98485
1907.0	0.98467
1907.2	0.98461
1907.4	0.98456
1907.6	0.9845
1907.8	0.98445
1908.0	0.98439
1908.2	0.98442
1908.4	0.98445
1908.6	0.98447
1908.8	0.9845
1909.0	0.98453
1909.2	0.98455
1909.4	0.98458
1909.6	0.9846
1909.8	0.98463
1910.0	0.98465
1910.2	0.98466
1910.4	0.98466
1910.6	0.98466
1910.8	0.98466
1911.0	0.98466
1911.2	0.98471
1911.4	0.98475
1911.6	0.98479
1911.8	0.98484
1912.0	0.98488
1912.2	0.98487
1912.4	0.98486
1912.6	0.98486
1912.8	0.98485
1913.0	0.98484
1913.2	0.98483
1913.4	0.98481
1913.6	0.9848
1913.8	0.98478
1914.0	0.98476
1914.2	0.98478
1914.4	0.98479
1914.6	0.98481
1914.8	0.98482
1915.0	0.98483
1915.2	0.98492
1915.4	0.98501
1915.6	0.9851
1915.8	0.98519
1916.0	0.98527
1916.2	0.98518
1916.4	0.98509
1916.6	0.985
1916.8	0.98491
1917.0	0.98482
1917.2	0.98515
1917.4	0.98549
1917.6	0.98583
1917.8	0.98616
1918.0	0.9865
1918.2	0.98651
1918.4	0.98653
1918.6	0.98655
1918.8	0.98657
1919.0	0.98659
1919.2	0.98661
1919.4	0.98663
1919.6	0.98666
1919.8	0.98668
1920.0	0.9867
1920.2	0.98676
1920.4	0.98682
1920.6	0.98688
1920.8	0.98694
1921.0	0.987
1921.2	0.98702
1921.4	0.98704
1921.6	0.98706
1921.8	0.98707
1922.0	0.98709
1922.2	0.98707
1922.4	0.98705
1922.6	0.98703
1922.8	0.98701
1923.0	0.98699
1923.2	0.98677
1923.4	0.98655
1923.6	0.98633
1923.8	0.98611
1924.0	0.9859
1924.2	0.98594
1924.4	0.98599
1924.6	0.98604
1924.8	0.98609
1925.0	0.98614
1925.2	0.98614
1925.4	0.98614
1925.6	0.98614
1925.8	0.98613
1926.0	0.98613
1926.2	0.98614
1926.4	0.98614
1926.6	0.98615
1926.8	0.98616
1927.0	0.98616
1927.2	0.98625
1927.4	0.98634
1927.6	0.98642
1927.8	0.98651
1928.0	0.9866
1928.2	0.98646
1928.4	0.98633
1928.6	0.9862
1928.8	0.98606
1929.0	0.98593
1929.2	0.98588
1929.4	0.98583
1929.6	0.98579
1929.8	0.98574
1930.0	0.98569
1930.2	0.98553
1930.4	0.98538
1930.6	0.98522
1930.8	0.98506
1931.0	0.9849
1931.2	0.98487
1931.4	0.98485
1931.6	0.98482
1931.8	0.9848
1932.0	0.98477
1932.2	0.98464
1932.4	0.9845
1932.6	0.98436
1932.8	0.98423
1933.0	0.98409
1933.2	0.98416
1933.4	0.98424
1933.6	0.98431
1933.8	0.98438
1934.0	0.98445
1934.2	0.98448
1934.4	0.98451
1934.6	0.98454
1934.8	0.98457
1935.0	0.9846
1935.2	0.98441
1935.4	0.98421
1935.6	0.98402
1935.8	0.98383
1936.0	0.98364
1936.2	0.98357
1936.4	0.9835
1936.6	0.98342
1936.8	0.98335
1937.0	0.98328
1937.2	0.98352
1937.4	0.98376
1937.6	0.984
1937.8	0.98424
1938.0	0.98448
1938.2	0.98434
1938.4	0.9842
1938.6	0.98407
1938.8	0.98393
1939.0	0.98379
1939.2	0.98365
1939.4	0.98351
1939.6	0.98337
1939.8	0.98323
1940.0	0.98309
1940.2	0.98305
1940.4	0.98301
1940.6	0.98296
1940.8	0.98292
1941.0	0.98288
1941.2	0.98311
1941.4	0.98334
1941.6	0.98358
1941.8	0.98381
1942.0	0.98404
1942.2	0.98404
1942.4	0.98403
1942.6	0.98402
1942.8	0.98402
1943.0	0.98401
1943.2	0.98403
1943.4	0.98404
1943.6	0.98406
1943.8	0.98408
1944.0	0.98409
1944.2	0.98415
1944.4	0.98421
1944.6	0.98427
1944.8	0.98433
1945.0	0.98439
1945.2	0.98451
1945.4	0.98463
1945.6	0.98475
1945.8	0.98487
1946.0	0.98499
1946.2	0.98502
1946.4	0.98504
1946.6	0.98506
1946.8	0.98508
1947.0	0.9851
1947.2	0.98522
1947.4	0.98533
1947.6	0.98545
1947.8	0.98557
1948.0	0.98568
1948.2	0.98556
1948.4	0.98544
1948.6	0.98531
1948.8	0.98519
1949.0	0.98507
1949.2	0.98536
1949.4	0.98566
1949.6	0.98596
1949.8	0.98625
1950.0	0.98655
1950.2	0.98659
1950.4	0.98663
1950.6	0.98667
1950.8	0.98671
1951.0	0.98675
1951.2	0.98684
1951.4	0.98692
1951.6	0.987
1951.8	0.98708
1952.0	0.98716
1952.2	0.98735
1952.4	0.98753
1952.6	0.98771
1952.8	0.98789
1953.0	0.98808
1953.2	0.98807
1953.4	0.98807
1953.6	0.98807
1953.8	0.98807
1954.0	0.98807
1954.2	0.98811
1954.4	0.98815
1954.6	0.98818
1954.8	0.98822
1955.0	0.98826
1955.2	0.98816
1955.4	0.98806
1955.6	0.98796
1955.8	0.98786
1956.0	0.98776
1956.2	0.98789
1956.4	0.98802
1956.6	0.98815
1956.8	0.98828
1957.0	0.98841
1957.2	0.98824
1957.4	0.98807
1957.6	0.9879
1957.8	0.98773
1958.0	0.98757
1958.2	0.98747
1958.4	0.98737
1958.6	0.98727
1958.8	0.98717
1959.0	0.98708
1959.2	0.98692
1959.4	0.98676
1959.6	0.98659
1959.8	0.98643
1960.0	0.98627
1960.2	0.98624
1960.4	0.98621
1960.6	0.98618
1960.8	0.98615
1961.0	0.98612
1961.2	0.98604
1961.4	0.98596
1961.6	0.98589
1961.8	0.98581
1962.0	0.98573
1962.2	0.9857
1962.4	0.98566
1962.6	0.98563
1962.8	0.98559
1963.0	0.98556
1963.2	0.98544
1963.4	0.98531
1963.6	0.98519
1963.8	0.98507
1964.0	0.98494
1964.2	0.98494
1964.4	0.98495
1964.6	0.98495
1964.8	0.98495
1965.0	0.98495
1965.2	0.98494
1965.4	0.98493
1965.6	0.98491
1965.8	0.9849
1966.0	0.98488
1966.2	0.98466
1966.4	0.98443
1966.6	0.9842
1966.8	0.98397
1967.0	0.98374
1967.2	0.98403
1967.4	0.98431
1967.6	0.98459
1967.8	0.98488
1968.0	0.98516
1968.2	0.98512
1968.4	0.98508
1968.6	0.98503
1968.8	0.98499
1969.0	0.98495
1969.2	0.98484
1969.4	0.98473
1969.6	0.98462
1969.8	0.98451
1970.0	0.9844
1970.2	0.98436
1970.4	0.98432
1970.6	0.98428
1970.8	0.98424
1971.0	0.98421
1971.2	0.98421
1971.4	0.98422
1971.6	0.98422
1971.8	0.98423
1972.0	0.98423
1972.2	0.98445
1972.4	0.98467
1972.6	0.98489
1972.8	0.98511
1973.0	0.98533
1973.2	0.98508
1973.4	0.98483
1973.6	0.98458
1973.8	0.98433
1974.0	0.98407
1974.2	0.98393
1974.4	0.98379
1974.6	0.98364
1974.8	0.9835
1975.0	0.98335
1975.2	0.98373
1975.4	0.9841
1975.6	0.98448
1975.8	0.98486
1976.0	0.98523
1976.2	0.98528
1976.4	0.98533
1976.6	0.98538
1976.8	0.98543
1977.0	0.98548
1977.2	0.9857
1977.4	0.98592
1977.6	0.98613
1977.8	0.98635
1978.0	0.98657
1978.2	0.98655
1978.4	0.98653
1978.6	0.98651
1978.8	0.98649
1979.0	0.98647
1979.2	0.98641
1979.4	0.98634
1979.6	0.98627
1979.8	0.9862
1980.0	0.98614
1980.2	0.98615
1980.4	0.98616
1980.6	0.98617
1980.8	0.98618
1981.0	0.98619
1981.2	0.98608
1981.4	0.98598
1981.6	0.98588
1981.8	0.98578
1982.0	0.98568
1982.2	0.98589
1982.4	0.9861
1982.6	0.98631
1982.8	0.98653
1983.0	0.98674
1983.2	0.98686
1983.4	0.98698
1983.6	0.98709
1983.8	0.98721
1984.0	0.98733
1984.2	0.98737
1984.4	0.98742
1984.6	0.98746
1984.8	0.9875
1985.0	0.98754
1985.2	0.98763
1985.4	0.98772
1985.6	0.98781
1985.8	0.98789
1986.0	0.98798
1986.2	0.98805
1986.4	0.98812
1986.6	0.98819
1986.8	0.98826
1987.0	0.98833
1987.2	0.98824
1987.4	0.98814
1987.6	0.98805
1987.8	0.98795
1988.0	0.98785
1988.2	0.98774
1988.4	0.98763
1988.6	0.98751
1988.8	0.9874
1989.0	0.98728
1989.2	0.9872
1989.4	0.98711
1989.6	0.98703
1989.8	0.98694
1990.0	0.98685
1990.2	0.98665
1990.4	0.98645
1990.6	0.98625
1990.8	0.98605
1991.0	0.98584
1991.2	0.98563
1991.4	0.98541
1991.6	0.98519
1991.8	0.98497
1992.0	0.98476
1992.2	0.98491
1992.4	0.98506
1992.6	0.98522
1992.8	0.98537
1993.0	0.98552
1993.2	0.98555
1993.4	0.98558
1993.6	0.98561
1993.8	0.98564
1994.0	0.98566
1994.2	0.98569
1994.4	0.98571
1994.6	0.98573
1994.8	0.98575
1995.0	0.98577
1995.2	0.98565
1995.4	0.98552
1995.6	0.9854
1995.8	0.98527
1996.0	0.98515
1996.2	0.98525
1996.4	0.98534
1996.6	0.98544
1996.8	0.98554
1997.0	0.98564
1997.2	0.98571
1997.4	0.98579
1997.6	0.98587
1997.8	0.98595
1998.0	0.98603
1998.2	0.98574
1998.4	0.98544
1998.6	0.98515
1998.8	0.98486
1999.0	0.98456
1999.2	0.98451
1999.4	0.98446
1999.6	0.98442
1999.8	0.98437
2000.0	0.98432
2000.2	0.98425
2000.4	0.98419
2000.6	0.98413
2000.8	0.98407
2001.0	0.984
2001.2	0.98393
2001.4	0.98385
2001.6	0.98378
2001.8	0.9837
2002.0	0.98362
2002.2	0.9836
2002.4	0.98357
2002.6	0.98354
2002.8	0.98352
2003.0	0.98349
2003.2	0.98379
2003.4	0.98409
2003.6	0.98439
2003.8	0.98468
2004.0	0.98498
2004.2	0.9851
2004.4	0.98522
2004.6	0.98534
2004.8	0.98546
2005.0	0.98557
2005.2	0.98541
2005.4	0.98525
2005.6	0.98509
2005.8	0.98493
2006.0	0.98477
2006.2	0.98493
2006.4	0.98508
2006.6	0.98524
2006.8	0.9854
2007.0	0.98556
2007.2	0.9856
2007.4	0.98565
2007.6	0.9857
2007.8	0.98575
2008.0	0.9858
2008.2	0.98613
2008.4	0.98647
2008.6	0.98681
2008.8	0.98715
2009.0	0.98749
2009.2	0.98758
2009.4	0.98767
2009.6	0.98775
2009.8	0.98784
2010.0	0.98793