 Typical Measured Spectrum of Semrock FF02-641/75 Optical Filter	
For wavelengths between 320 and 1120 nm, values near or below 3e-7 (Optical Density 6.5) are measurement noise limited.
For wavelengths < 320 nm and > 1120 nm, values near or below 3e-6 (Optical Density 5.5) are measurement noise limited. 
Data format:  Wavelength (nm) <tab> Transmission (0 to 1)
265.0	2.5716e-06
265.2	2.5423e-06
265.4	2.5134e-06
265.6	2.4847e-06
265.8	2.4565e-06
266.0	2.4285e-06
266.2	2.4008e-06
266.4	2.3735e-06
266.6	2.3465e-06
266.8	2.3198e-06
267.0	2.2934e-06
267.2	2.2684e-06
267.4	2.2442e-06
267.6	2.2203e-06
267.8	2.1966e-06
268.0	2.1732e-06
268.2	2.15e-06
268.4	2.1271e-06
268.6	2.1044e-06
268.8	2.0819e-06
269.0	2.0597e-06
269.2	2.0378e-06
269.4	2.016e-06
269.6	1.9945e-06
269.8	1.9733e-06
270.0	1.9522e-06
270.2	1.9314e-06
270.4	1.9108e-06
270.6	1.8904e-06
270.8	1.8703e-06
271.0	1.8525e-06
271.2	1.8349e-06
271.4	1.8175e-06
271.6	1.8003e-06
271.8	1.7832e-06
272.0	1.7663e-06
272.2	1.7496e-06
272.4	1.733e-06
272.6	1.7166e-06
272.8	1.7003e-06
273.0	1.6842e-06
273.2	1.6682e-06
273.4	1.6524e-06
273.6	1.6367e-06
273.8	1.6212e-06
274.0	1.6058e-06
274.2	1.5906e-06
274.4	1.5755e-06
274.6	1.6676e-06
274.8	2.0934e-06
275.0	2.6278e-06
275.2	2.1315e-06
275.4	1.7289e-06
275.6	1.4782e-06
275.8	1.4625e-06
276.0	1.447e-06
276.2	1.4317e-06
276.4	1.4165e-06
276.6	1.4015e-06
276.8	1.3867e-06
277.0	1.372e-06
277.2	1.3575e-06
277.4	1.3431e-06
277.6	1.3289e-06
277.8	1.3148e-06
278.0	1.3009e-06
278.2	1.2871e-06
278.4	1.2735e-06
278.6	1.26e-06
278.8	1.2467e-06
279.0	1.2335e-06
279.2	1.2204e-06
279.4	1.2048e-06
279.6	1.1874e-06
279.8	1.1702e-06
280.0	1.1532e-06
280.2	1.1365e-06
280.4	1.1201e-06
280.6	1.1038e-06
280.8	1.0878e-06
281.0	1.0721e-06
281.2	1.0566e-06
281.4	1.0413e-06
281.6	1.0262e-06
281.8	1.0113e-06
282.0	9.9668e-07
282.2	9.8225e-07
282.4	9.6803e-07
282.6	9.5401e-07
282.8	9.4019e-07
283.0	9.2658e-07
283.2	9.1164e-07
283.4	8.9673e-07
283.6	8.8207e-07
283.8	8.6764e-07
284.0	8.5345e-07
284.2	8.3949e-07
284.4	8.2577e-07
284.6	8.1226e-07
284.8	7.9898e-07
285.0	7.8591e-07
285.2	7.6929e-07
285.4	7.5303e-07
285.6	7.381e-07
285.8	7.2533e-07
286.0	7.1277e-07
286.2	7.0044e-07
286.4	6.8832e-07
286.6	6.764e-07
286.8	6.647e-07
287.0	6.5319e-07
287.2	6.4189e-07
287.4	6.3078e-07
287.6	6.1986e-07
287.8	6.0913e-07
288.0	5.9859e-07
288.2	5.8823e-07
288.4	5.7805e-07
288.6	5.6804e-07
288.8	5.5821e-07
289.0	5.4855e-07
289.2	5.3906e-07
289.4	5.2865e-07
289.6	5.1789e-07
289.8	5.0734e-07
290.0	4.9701e-07
290.2	4.8689e-07
290.4	4.7698e-07
290.6	4.6727e-07
290.8	4.5775e-07
291.0	4.4843e-07
291.2	4.393e-07
291.4	4.3036e-07
291.6	4.216e-07
291.8	4.1301e-07
292.0	4.046e-07
292.2	3.9637e-07
292.4	3.883e-07
292.6	3.8039e-07
292.8	3.7264e-07
293.0	3.6506e-07
293.2	3.9418e-07
293.4	4.2669e-07
293.6	4.6188e-07
293.8	4.9997e-07
294.0	5.412e-07
294.2	5.8584e-07
294.4	6.3415e-07
294.6	6.8645e-07
294.8	7.4306e-07
295.0	8.0434e-07
295.2	8.3681e-07
295.4	8.7059e-07
295.6	9.0574e-07
295.8	9.423e-07
296.0	9.8034e-07
296.2	1.0199e-06
296.4	1.0611e-06
296.6	1.1039e-06
296.8	1.1485e-06
297.0	1.1948e-06
297.2	1.2431e-06
297.4	1.2933e-06
297.6	1.3455e-06
297.8	1.3998e-06
298.0	1.4563e-06
298.2	1.3688e-06
298.4	1.2752e-06
298.6	1.188e-06
298.8	1.1068e-06
299.0	1.0312e-06
299.2	9.6068e-07
299.4	8.9502e-07
299.6	8.3384e-07
299.8	7.7684e-07
300.0	7.2374e-07
300.2	6.7427e-07
300.4	6.2818e-07
300.6	5.8524e-07
300.8	5.4524e-07
301.0	5.0797e-07
301.2	4.7324e-07
301.4	4.409e-07
301.6	4.1076e-07
301.8	3.8786e-07
302.0	3.8175e-07
302.2	3.7573e-07
302.4	3.6981e-07
302.6	3.6398e-07
302.8	3.5824e-07
303.0	3.526e-07
303.2	3.4704e-07
303.4	3.4157e-07
303.6	3.3618e-07
303.8	3.3088e-07
304.0	3.2567e-07
304.2	3.2053e-07
304.4	3.1548e-07
304.6	3.1051e-07
304.8	3.0561e-07
305.0	3.008e-07
305.2	2.9654e-07
305.4	2.9235e-07
305.6	2.887e-07
305.8	2.8722e-07
306.0	2.8576e-07
306.2	2.843e-07
306.4	2.8285e-07
306.6	2.814e-07
306.8	2.7997e-07
307.0	2.7854e-07
307.2	2.7711e-07
307.4	2.757e-07
307.6	2.7429e-07
307.8	2.7289e-07
308.0	2.715e-07
308.2	2.7011e-07
308.4	2.6874e-07
308.6	2.6736e-07
308.8	2.66e-07
309.0	2.6464e-07
309.2	2.6329e-07
309.4	2.6183e-07
309.6	2.6026e-07
309.8	2.587e-07
310.0	2.5714e-07
310.2	2.556e-07
310.4	2.5407e-07
310.6	2.5254e-07
310.8	2.5103e-07
311.0	2.4952e-07
311.2	2.4802e-07
311.4	2.4653e-07
311.6	2.4505e-07
311.8	2.4358e-07
312.0	2.4212e-07
312.2	2.4067e-07
312.4	2.3922e-07
312.6	2.3779e-07
312.8	2.3636e-07
313.0	2.3494e-07
313.2	2.3347e-07
313.4	2.3199e-07
313.6	2.3053e-07
313.8	2.2907e-07
314.0	2.2762e-07
314.2	2.2618e-07
314.4	2.2476e-07
314.6	2.2333e-07
314.8	2.2192e-07
315.0	2.2052e-07
315.2	2.1913e-07
315.4	2.1774e-07
315.6	2.1637e-07
315.8	2.15e-07
316.0	2.1364e-07
316.2	2.1229e-07
316.4	2.1095e-07
316.6	2.0961e-07
316.8	2.0832e-07
317.0	2.0723e-07
317.2	2.0614e-07
317.4	2.0505e-07
317.6	2.0397e-07
317.8	2.029e-07
318.0	2.0184e-07
318.2	2.0078e-07
318.4	1.9972e-07
318.6	1.9867e-07
318.8	1.9763e-07
319.0	1.9659e-07
319.2	1.9555e-07
319.4	1.9453e-07
319.6	1.935e-07
319.8	1.9249e-07
320.0	1.9147e-07
320.2	1.9047e-07
320.4	1.8947e-07
320.6	1.8852e-07
320.8	1.8763e-07
321.0	1.8675e-07
321.2	1.8588e-07
321.4	1.85e-07
321.6	1.8413e-07
321.8	1.8327e-07
322.0	1.8241e-07
322.2	1.8155e-07
322.4	1.807e-07
322.6	1.7985e-07
322.8	1.79e-07
323.0	1.7816e-07
323.2	1.7732e-07
323.4	1.7649e-07
323.6	1.7566e-07
323.8	1.7484e-07
324.0	1.7401e-07
324.2	1.732e-07
324.4	1.7115e-07
324.6	1.6887e-07
324.8	1.6662e-07
325.0	1.6439e-07
325.2	1.622e-07
325.4	1.6003e-07
325.6	1.579e-07
325.8	1.5579e-07
326.0	1.5371e-07
326.2	1.5166e-07
326.4	1.4964e-07
326.6	1.4764e-07
326.8	1.4567e-07
327.0	1.4372e-07
327.2	1.4181e-07
327.4	1.3991e-07
327.6	1.3805e-07
327.8	1.362e-07
328.0	1.369e-07
328.2	1.5016e-07
328.4	1.647e-07
328.6	1.8065e-07
328.8	1.9815e-07
329.0	2.1734e-07
329.2	2.3839e-07
329.4	2.6147e-07
329.6	2.8679e-07
329.8	3.1457e-07
330.0	3.4504e-07
330.2	3.7845e-07
330.4	4.151e-07
330.6	4.553e-07
330.8	4.994e-07
331.0	5.4776e-07
331.2	6.0081e-07
331.4	6.59e-07
331.6	7.2282e-07
331.8	7.1204e-07
332.0	6.3888e-07
332.2	5.7323e-07
332.4	5.1433e-07
332.6	4.6148e-07
332.8	4.1406e-07
333.0	3.7151e-07
333.2	3.3334e-07
333.4	2.9908e-07
333.6	2.6835e-07
333.8	2.4078e-07
334.0	2.1603e-07
334.2	1.9384e-07
334.4	1.7392e-07
334.6	1.5605e-07
334.8	1.4001e-07
335.0	1.2563e-07
335.2	1.1568e-07
335.4	1.0652e-07
335.6	1.0051e-07
335.8	1.0269e-07
336.0	1.0491e-07
336.2	1.0719e-07
336.4	1.0951e-07
336.6	1.1189e-07
336.8	1.1431e-07
337.0	1.1679e-07
337.2	1.1933e-07
337.4	1.2191e-07
337.6	1.2456e-07
337.8	1.2726e-07
338.0	1.3002e-07
338.2	1.3284e-07
338.4	1.3572e-07
338.6	1.3866e-07
338.8	1.4167e-07
339.0	1.4474e-07
339.2	1.4788e-07
339.4	1.4738e-07
339.6	1.4425e-07
339.8	1.4118e-07
340.0	1.3818e-07
340.2	1.3525e-07
340.4	1.3238e-07
340.6	1.2956e-07
340.8	1.2681e-07
341.0	1.2412e-07
341.2	1.2148e-07
341.4	1.189e-07
341.6	1.1638e-07
341.8	1.1391e-07
342.0	1.1149e-07
342.2	1.0912e-07
342.4	1.068e-07
342.6	1.0453e-07
342.8	1.0231e-07
343.0	1.0014e-07
343.2	1.0568e-07
343.4	1.1212e-07
343.6	1.1895e-07
343.8	1.2619e-07
344.0	1.3388e-07
344.2	1.4203e-07
344.4	1.5069e-07
344.6	1.5986e-07
344.8	1.696e-07
345.0	1.7993e-07
345.2	1.9089e-07
345.4	2.0252e-07
345.6	2.1485e-07
345.8	2.2794e-07
346.0	2.4182e-07
346.2	2.5655e-07
346.4	2.7217e-07
346.6	2.8875e-07
346.8	2.9566e-07
347.0	2.7868e-07
347.2	2.6268e-07
347.4	2.4759e-07
347.6	2.3337e-07
347.8	2.1997e-07
348.0	2.0734e-07
348.2	1.9543e-07
348.4	1.8421e-07
348.6	1.7363e-07
348.8	1.6366e-07
349.0	1.5426e-07
349.2	1.4541e-07
349.4	1.3706e-07
349.6	1.2919e-07
349.8	1.2177e-07
350.0	1.1477e-07
350.2	1.0818e-07
350.4	1.0197e-07
350.6	1.0e-07
350.8	1.0e-07
351.0	1.0e-07
351.2	1.0e-07
351.4	1.0e-07
351.6	1.0e-07
351.8	1.0e-07
352.0	1.0e-07
352.2	1.0e-07
352.4	1.0e-07
352.6	1.0e-07
352.8	1.0e-07
353.0	1.0e-07
353.2	1.0e-07
353.4	1.0e-07
353.6	1.0e-07
353.8	1.0e-07
354.0	1.0e-07
354.2	1.0e-07
354.4	1.0e-07
354.6	1.0e-07
354.8	1.0e-07
355.0	1.0e-07
355.2	1.0e-07
355.4	1.0e-07
355.6	1.0e-07
355.8	1.0e-07
356.0	1.0e-07
356.2	1.0e-07
356.4	1.0e-07
356.6	1.0e-07
356.8	1.0e-07
357.0	1.0e-07
357.2	1.0e-07
357.4	1.0e-07
357.6	1.0e-07
357.8	1.0e-07
358.0	1.0e-07
358.2	1.0e-07
358.4	1.0e-07
358.6	1.0e-07
358.8	1.0e-07
359.0	1.0e-07
359.2	1.0e-07
359.4	1.0e-07
359.6	1.0e-07
359.8	1.0e-07
360.0	1.0e-07
360.2	1.0e-07
360.4	1.0e-07
360.6	1.0e-07
360.8	1.0e-07
361.0	1.0e-07
361.2	1.0e-07
361.4	1.0e-07
361.6	1.0e-07
361.8	1.0751e-07
362.0	1.173e-07
362.2	1.2799e-07
362.4	1.3965e-07
362.6	1.5237e-07
362.8	1.6626e-07
363.0	1.814e-07
363.2	1.9793e-07
363.4	2.1596e-07
363.6	2.3564e-07
363.8	2.5711e-07
364.0	2.8054e-07
364.2	3.061e-07
364.4	3.3398e-07
364.6	3.6441e-07
364.8	3.9762e-07
365.0	4.3384e-07
365.2	3.7225e-07
365.4	3.1941e-07
365.6	2.7407e-07
365.8	2.3516e-07
366.0	2.0178e-07
366.2	1.7313e-07
366.4	1.4855e-07
366.6	1.2746e-07
366.8	1.0937e-07
367.0	1.0229e-07
367.2	1.0802e-07
367.4	1.1408e-07
367.6	1.2047e-07
367.8	1.2723e-07
368.0	1.3436e-07
368.2	1.4189e-07
368.4	1.4984e-07
368.6	1.5824e-07
368.8	1.6711e-07
369.0	1.7648e-07
369.2	1.8637e-07
369.4	1.9682e-07
369.6	2.0785e-07
369.8	2.195e-07
370.0	2.3181e-07
370.2	2.448e-07
370.4	2.5852e-07
370.6	2.7301e-07
370.8	2.6479e-07
371.0	2.5073e-07
371.2	2.3742e-07
371.4	2.2481e-07
371.6	2.1287e-07
371.8	2.0156e-07
372.0	1.9086e-07
372.2	1.8072e-07
372.4	1.7113e-07
372.6	1.6204e-07
372.8	1.5343e-07
373.0	1.4528e-07
373.2	1.3757e-07
373.4	1.3026e-07
373.6	1.2335e-07
373.8	1.1679e-07
374.0	1.1059e-07
374.2	1.0472e-07
374.4	1.0166e-07
374.6	1.1307e-07
374.8	1.2577e-07
375.0	1.3988e-07
375.2	1.5558e-07
375.4	1.7305e-07
375.6	1.9247e-07
375.8	2.1408e-07
376.0	2.3811e-07
376.2	2.6483e-07
376.4	2.9456e-07
376.6	3.2762e-07
376.8	3.644e-07
377.0	4.053e-07
377.2	4.5079e-07
377.4	5.0139e-07
377.6	5.5767e-07
377.8	6.2027e-07
378.0	6.8989e-07
378.2	6.8405e-07
378.4	6.1501e-07
378.6	5.5295e-07
378.8	4.9714e-07
379.0	4.4697e-07
379.2	4.0187e-07
379.4	3.6131e-07
379.6	3.2485e-07
379.8	2.9206e-07
380.0	2.6259e-07
380.2	2.3609e-07
380.4	2.1226e-07
380.6	1.9084e-07
380.8	1.7158e-07
381.0	1.5427e-07
381.2	1.387e-07
381.4	1.247e-07
381.6	1.1212e-07
381.8	1.008e-07
382.0	1.0e-07
382.2	1.0e-07
382.4	1.0e-07
382.6	1.0e-07
382.8	1.0e-07
383.0	1.0e-07
383.2	1.0e-07
383.4	1.0e-07
383.6	1.0e-07
383.8	1.0e-07
384.0	1.0e-07
384.2	1.0e-07
384.4	1.0e-07
384.6	1.0e-07
384.8	1.0e-07
385.0	1.0e-07
385.2	1.0e-07
385.4	1.0e-07
385.6	1.0228e-07
385.8	1.0962e-07
386.0	1.175e-07
386.2	1.2593e-07
386.4	1.3497e-07
386.6	1.4467e-07
386.8	1.5505e-07
387.0	1.6619e-07
387.2	1.7812e-07
387.4	1.9091e-07
387.6	2.0462e-07
387.8	2.1931e-07
388.0	2.3506e-07
388.2	2.5194e-07
388.4	2.7003e-07
388.6	2.8942e-07
388.8	3.102e-07
389.0	3.3248e-07
389.2	3.5635e-07
389.4	3.5249e-07
389.6	3.3848e-07
389.8	3.2503e-07
390.0	3.1211e-07
390.2	2.997e-07
390.4	2.8779e-07
390.6	2.7635e-07
390.8	2.6536e-07
391.0	2.5482e-07
391.2	2.4469e-07
391.4	2.3496e-07
391.6	2.2562e-07
391.8	2.1665e-07
392.0	2.0804e-07
392.2	1.7517e-07
392.4	1.475e-07
392.6	1.2419e-07
392.8	1.0457e-07
393.0	1.0e-07
393.2	1.0e-07
393.4	1.0e-07
393.6	1.0e-07
393.8	1.0e-07
394.0	1.0e-07
394.2	1.0e-07
394.4	1.0e-07
394.6	1.0e-07
394.8	1.0e-07
395.0	1.0e-07
395.2	1.0e-07
395.4	1.0e-07
395.6	1.0e-07
395.8	1.0e-07
396.0	1.0e-07
396.2	1.0e-07
396.4	1.0e-07
396.6	1.0043e-07
396.8	1.0332e-07
397.0	1.063e-07
397.2	1.0936e-07
397.4	1.1251e-07
397.6	1.1575e-07
397.8	1.1909e-07
398.0	1.2252e-07
398.2	1.2605e-07
398.4	1.2968e-07
398.6	1.3342e-07
398.8	1.3726e-07
399.0	1.4122e-07
399.2	1.4529e-07
399.4	1.4947e-07
399.6	1.5378e-07
399.8	1.5821e-07
400.0	1.6277e-07
400.2	1.6746e-07
400.4	1.6866e-07
400.6	1.6717e-07
400.8	1.6569e-07
401.0	1.6422e-07
401.2	1.6277e-07
401.4	1.6133e-07
401.6	1.599e-07
401.8	1.5849e-07
402.0	1.5708e-07
402.2	1.5569e-07
402.4	1.5431e-07
402.6	1.5295e-07
402.8	1.516e-07
403.0	1.5025e-07
403.2	1.4892e-07
403.4	1.4761e-07
403.6	1.463e-07
403.8	1.4501e-07
404.0	1.4372e-07
404.2	1.4178e-07
404.4	1.3986e-07
404.6	1.3797e-07
404.8	1.3611e-07
405.0	1.3427e-07
405.2	1.3245e-07
405.4	1.3066e-07
405.6	1.2889e-07
405.8	1.2715e-07
406.0	1.2543e-07
406.2	1.2373e-07
406.4	1.2206e-07
406.6	1.2041e-07
406.8	1.1878e-07
407.0	1.1718e-07
407.2	1.1559e-07
407.4	1.1403e-07
407.6	1.1249e-07
407.8	1.1134e-07
408.0	1.1068e-07
408.2	1.1003e-07
408.4	1.0937e-07
408.6	1.0873e-07
408.8	1.0809e-07
409.0	1.0745e-07
409.2	1.0681e-07
409.4	1.0618e-07
409.6	1.0555e-07
409.8	1.0493e-07
410.0	1.0431e-07
410.2	1.0369e-07
410.4	1.0308e-07
410.6	1.0247e-07
410.8	1.0186e-07
411.0	1.0126e-07
411.2	1.0066e-07
411.4	1.0007e-07
411.6	1.0e-07
411.8	1.0e-07
412.0	1.0e-07
412.2	1.0e-07
412.4	1.0e-07
412.6	1.0e-07
412.8	1.0e-07
413.0	1.0e-07
413.2	1.0e-07
413.4	1.0e-07
413.6	1.0e-07
413.8	1.0e-07
414.0	1.0e-07
414.2	1.0e-07
414.4	1.0e-07
414.6	1.0e-07
414.8	1.0e-07
415.0	1.0e-07
415.2	1.0e-07
415.4	1.0e-07
415.6	1.0e-07
415.8	1.0e-07
416.0	1.0e-07
416.2	1.0e-07
416.4	1.0e-07
416.6	1.0e-07
416.8	1.0e-07
417.0	1.0e-07
417.2	1.0e-07
417.4	1.0e-07
417.6	1.0e-07
417.8	1.0e-07
418.0	1.0e-07
418.2	1.0e-07
418.4	1.0e-07
418.6	1.0e-07
418.8	1.0e-07
419.0	1.0e-07
419.2	1.0e-07
419.4	1.0e-07
419.6	1.0e-07
419.8	1.0e-07
420.0	1.0e-07
420.2	1.0e-07
420.4	1.0e-07
420.6	1.0e-07
420.8	1.0e-07
421.0	1.0e-07
421.2	1.0e-07
421.4	1.0e-07
421.6	1.0e-07
421.8	1.0e-07
422.0	1.0e-07
422.2	1.0e-07
422.4	1.0e-07
422.6	1.0e-07
422.8	1.0e-07
423.0	1.0e-07
423.2	1.0e-07
423.4	1.0e-07
423.6	1.0e-07
423.8	1.0e-07
424.0	1.0e-07
424.2	1.0e-07
424.4	1.0e-07
424.6	1.0e-07
424.8	1.0e-07
425.0	1.0e-07
425.2	1.0e-07
425.4	1.0e-07
425.6	1.0e-07
425.8	1.0e-07
426.0	1.0e-07
426.2	1.0e-07
426.4	1.0e-07
426.6	1.0e-07
426.8	1.0e-07
427.0	1.0e-07
427.2	1.0e-07
427.4	1.0e-07
427.6	1.0e-07
427.8	1.0e-07
428.0	1.0e-07
428.2	1.0e-07
428.4	1.0e-07
428.6	1.0e-07
428.8	1.0e-07
429.0	1.0e-07
429.2	1.0e-07
429.4	1.0e-07
429.6	1.0e-07
429.8	1.0e-07
430.0	1.0e-07
430.2	1.0e-07
430.4	1.0e-07
430.6	1.0e-07
430.8	1.0e-07
431.0	1.0e-07
431.2	1.0e-07
431.4	1.0e-07
431.6	1.0e-07
431.8	1.0e-07
432.0	1.0e-07
432.2	1.0e-07
432.4	1.0e-07
432.6	1.0e-07
432.8	1.0e-07
433.0	1.0e-07
433.2	1.0e-07
433.4	1.0e-07
433.6	1.0e-07
433.8	1.0e-07
434.0	1.0e-07
434.2	1.0e-07
434.4	1.0e-07
434.6	1.0e-07
434.8	1.0e-07
435.0	1.0e-07
435.2	1.0e-07
435.4	1.0e-07
435.6	1.0e-07
435.8	1.0e-07
436.0	1.0e-07
436.2	1.0e-07
436.4	1.0e-07
436.6	1.0e-07
436.8	1.0e-07
437.0	1.0e-07
437.2	1.0e-07
437.4	1.0e-07
437.6	1.0e-07
437.8	1.0e-07
438.0	1.0e-07
438.2	1.0e-07
438.4	1.0e-07
438.6	1.0e-07
438.8	1.0e-07
439.0	1.0e-07
439.2	1.0e-07
439.4	1.0e-07
439.6	1.0e-07
439.8	1.0e-07
440.0	1.0e-07
440.2	1.0e-07
440.4	1.0e-07
440.6	1.0e-07
440.8	1.0e-07
441.0	1.0e-07
441.2	1.0e-07
441.4	1.0e-07
441.6	1.0e-07
441.8	1.0e-07
442.0	1.0e-07
442.2	1.0e-07
442.4	1.0e-07
442.6	1.0e-07
442.8	1.0e-07
443.0	1.0e-07
443.2	1.0e-07
443.4	1.0e-07
443.6	1.0e-07
443.8	1.0e-07
444.0	1.0e-07
444.2	1.0e-07
444.4	1.0e-07
444.6	1.0e-07
444.8	1.0e-07
445.0	1.0e-07
445.2	1.0e-07
445.4	1.0e-07
445.6	1.0e-07
445.8	1.0e-07
446.0	1.0e-07
446.2	1.0e-07
446.4	1.0e-07
446.6	1.0e-07
446.8	1.0e-07
447.0	1.0e-07
447.2	1.0e-07
447.4	1.0e-07
447.6	1.0e-07
447.8	1.0e-07
448.0	1.0e-07
448.2	1.0e-07
448.4	1.0e-07
448.6	1.0e-07
448.8	1.0e-07
449.0	1.0e-07
449.2	1.0e-07
449.4	1.0e-07
449.6	1.0e-07
449.8	1.0e-07
450.0	1.0e-07
450.2	1.0e-07
450.4	1.0e-07
450.6	1.0e-07
450.8	1.0e-07
451.0	1.0e-07
451.2	1.0e-07
451.4	1.0e-07
451.6	1.0e-07
451.8	1.0e-07
452.0	1.0e-07
452.2	1.0e-07
452.4	1.0e-07
452.6	1.0e-07
452.8	1.0e-07
453.0	1.0e-07
453.2	1.0e-07
453.4	1.0e-07
453.6	1.0e-07
453.8	1.0e-07
454.0	1.0e-07
454.2	1.0e-07
454.4	1.0e-07
454.6	1.0e-07
454.8	1.0e-07
455.0	1.0e-07
455.2	1.0e-07
455.4	1.0e-07
455.6	1.0e-07
455.8	1.0e-07
456.0	1.0e-07
456.2	1.0e-07
456.4	1.0e-07
456.6	1.0e-07
456.8	1.0e-07
457.0	1.0e-07
457.2	1.0e-07
457.4	1.0e-07
457.6	1.0e-07
457.8	1.0e-07
458.0	1.0e-07
458.2	1.0e-07
458.4	1.0e-07
458.6	1.0e-07
458.8	1.0e-07
459.0	1.0e-07
459.2	1.0e-07
459.4	1.0e-07
459.6	1.0e-07
459.8	1.0e-07
460.0	1.0e-07
460.2	1.0e-07
460.4	1.0e-07
460.6	1.0e-07
460.8	1.0e-07
461.0	1.0e-07
461.2	1.0e-07
461.4	1.0e-07
461.6	1.0e-07
461.8	1.0e-07
462.0	1.0e-07
462.2	1.0e-07
462.4	1.0e-07
462.6	1.0e-07
462.8	1.0e-07
463.0	1.0e-07
463.2	1.0e-07
463.4	1.0e-07
463.6	1.0e-07
463.8	1.0e-07
464.0	1.0e-07
464.2	1.0e-07
464.4	1.0e-07
464.6	1.0e-07
464.8	1.0e-07
465.0	1.0e-07
465.2	1.0e-07
465.4	1.0e-07
465.6	1.0e-07
465.8	1.0e-07
466.0	1.0e-07
466.2	1.0e-07
466.4	1.0e-07
466.6	1.0e-07
466.8	1.0e-07
467.0	1.0e-07
467.2	1.0e-07
467.4	1.0e-07
467.6	1.0e-07
467.8	1.0e-07
468.0	1.0e-07
468.2	1.0e-07
468.4	1.0e-07
468.6	1.0e-07
468.8	1.0e-07
469.0	1.0e-07
469.2	1.0e-07
469.4	1.0e-07
469.6	1.0e-07
469.8	1.0e-07
470.0	1.0e-07
470.2	1.0e-07
470.4	1.0e-07
470.6	1.0e-07
470.8	1.0e-07
471.0	1.0e-07
471.2	1.0e-07
471.4	1.0e-07
471.6	1.0e-07
471.8	1.0e-07
472.0	1.0e-07
472.2	1.0e-07
472.4	1.0e-07
472.6	1.0e-07
472.8	1.0e-07
473.0	1.0e-07
473.2	1.0e-07
473.4	1.0e-07
473.6	1.0e-07
473.8	1.0e-07
474.0	1.0e-07
474.2	1.0e-07
474.4	1.013e-07
474.6	1.0307e-07
474.8	1.0487e-07
475.0	1.067e-07
475.2	1.0857e-07
475.4	1.1046e-07
475.6	1.1239e-07
475.8	1.1436e-07
476.0	1.1635e-07
476.2	1.1839e-07
476.4	1.2046e-07
476.6	1.2256e-07
476.8	1.247e-07
477.0	1.2688e-07
477.2	1.291e-07
477.4	1.3135e-07
477.6	1.3365e-07
477.8	1.3598e-07
478.0	1.3717e-07
478.2	1.3481e-07
478.4	1.3249e-07
478.6	1.3021e-07
478.8	1.2798e-07
479.0	1.2578e-07
479.2	1.2362e-07
479.4	1.2149e-07
479.6	1.194e-07
479.8	1.1735e-07
480.0	1.1533e-07
480.2	1.1335e-07
480.4	1.114e-07
480.6	1.0949e-07
480.8	1.0761e-07
481.0	1.0576e-07
481.2	1.0394e-07
481.4	1.0216e-07
481.6	1.004e-07
481.8	1.0e-07
482.0	1.0e-07
482.2	1.0e-07
482.4	1.0e-07
482.6	1.0e-07
482.8	1.0e-07
483.0	1.0e-07
483.2	1.0e-07
483.4	1.0e-07
483.6	1.0e-07
483.8	1.0e-07
484.0	1.0e-07
484.2	1.0e-07
484.4	1.0e-07
484.6	1.0e-07
484.8	1.0e-07
485.0	1.0e-07
485.2	1.0e-07
485.4	1.0e-07
485.6	1.0e-07
485.8	1.0e-07
486.0	1.0e-07
486.2	1.0e-07
486.4	1.0e-07
486.6	1.0e-07
486.8	1.0e-07
487.0	1.0e-07
487.2	1.0e-07
487.4	1.0e-07
487.6	1.0e-07
487.8	1.0e-07
488.0	1.0e-07
488.2	1.0e-07
488.4	1.0e-07
488.6	1.0e-07
488.8	1.0e-07
489.0	1.0e-07
489.2	1.0e-07
489.4	1.0e-07
489.6	1.0e-07
489.8	1.0e-07
490.0	1.0e-07
490.2	1.0e-07
490.4	1.0e-07
490.6	1.0e-07
490.8	1.0e-07
491.0	1.0e-07
491.2	1.0e-07
491.4	1.0e-07
491.6	1.0e-07
491.8	1.0e-07
492.0	1.0e-07
492.2	1.0e-07
492.4	1.0e-07
492.6	1.0e-07
492.8	1.0e-07
493.0	1.0e-07
493.2	1.0e-07
493.4	1.0e-07
493.6	1.0e-07
493.8	1.0e-07
494.0	1.0e-07
494.2	1.0e-07
494.4	1.0e-07
494.6	1.0e-07
494.8	1.0e-07
495.0	1.0e-07
495.2	1.0e-07
495.4	1.0e-07
495.6	1.0e-07
495.8	1.0e-07
496.0	1.0e-07
496.2	1.0e-07
496.4	1.0e-07
496.6	1.0217e-07
496.8	1.0451e-07
497.0	1.069e-07
497.2	1.0935e-07
497.4	1.1186e-07
497.6	1.1443e-07
497.8	1.1705e-07
498.0	1.1973e-07
498.2	1.2248e-07
498.4	1.2529e-07
498.6	1.2816e-07
498.8	1.311e-07
499.0	1.341e-07
499.2	1.3718e-07
499.4	1.4032e-07
499.6	1.4354e-07
499.8	1.4683e-07
500.0	1.5019e-07
500.2	1.7144e-07
500.4	1.9568e-07
500.6	2.2336e-07
500.8	2.476e-07
501.0	2.4955e-07
501.2	2.5152e-07
501.4	2.535e-07
501.6	2.555e-07
501.8	2.5751e-07
502.0	2.5955e-07
502.2	2.6159e-07
502.4	2.6365e-07
502.6	2.6573e-07
502.8	2.6783e-07
503.0	2.6994e-07
503.2	2.7207e-07
503.4	2.7421e-07
503.6	2.7638e-07
503.8	2.7856e-07
504.0	2.8075e-07
504.2	2.8297e-07
504.4	2.852e-07
504.6	2.8471e-07
504.8	2.8327e-07
505.0	2.8183e-07
505.2	2.8041e-07
505.4	2.7899e-07
505.6	2.7757e-07
505.8	2.7617e-07
506.0	2.7477e-07
506.2	2.7338e-07
506.4	2.7199e-07
506.6	2.7062e-07
506.8	2.6925e-07
507.0	2.6788e-07
507.2	2.6653e-07
507.4	2.6518e-07
507.6	2.6383e-07
507.8	2.625e-07
508.0	2.6117e-07
508.2	2.6124e-07
508.4	2.6541e-07
508.6	2.6965e-07
508.8	2.7396e-07
509.0	2.7833e-07
509.2	2.8278e-07
509.4	2.873e-07
509.6	2.9188e-07
509.8	2.9655e-07
510.0	3.0128e-07
510.2	3.061e-07
510.4	3.1099e-07
510.6	3.1595e-07
510.8	3.21e-07
511.0	3.2613e-07
511.2	3.3134e-07
511.4	3.3663e-07
511.6	3.4201e-07
511.8	3.4747e-07
512.0	3.4729e-07
512.2	3.4557e-07
512.4	3.4385e-07
512.6	3.4214e-07
512.8	3.4043e-07
513.0	3.3874e-07
513.2	3.3706e-07
513.4	3.3538e-07
513.6	3.3371e-07
513.8	3.3205e-07
514.0	3.304e-07
514.2	3.2876e-07
514.4	3.2712e-07
514.6	3.2549e-07
514.8	3.2387e-07
515.0	3.2226e-07
515.2	3.2066e-07
515.4	3.1906e-07
515.6	3.1926e-07
515.8	3.2327e-07
516.0	3.2733e-07
516.2	3.3144e-07
516.4	3.356e-07
516.6	3.3981e-07
516.8	3.4408e-07
517.0	3.484e-07
517.2	3.5278e-07
517.4	3.5721e-07
517.6	3.617e-07
517.8	3.6624e-07
518.0	3.7084e-07
518.2	3.755e-07
518.4	3.8021e-07
518.6	3.8499e-07
518.8	3.8982e-07
519.0	3.9472e-07
519.2	3.9967e-07
519.4	4.0316e-07
519.6	4.0645e-07
519.8	4.0977e-07
520.0	4.1311e-07
520.2	4.1649e-07
520.4	4.1988e-07
520.6	4.2331e-07
520.8	4.2677e-07
521.0	4.3025e-07
521.2	4.3376e-07
521.4	4.373e-07
521.6	4.4087e-07
521.8	4.4446e-07
522.0	4.4809e-07
522.2	4.5175e-07
522.4	4.5543e-07
522.6	4.5915e-07
522.8	4.629e-07
523.0	4.41e-07
523.2	3.8918e-07
523.4	3.4345e-07
523.6	3.0309e-07
523.8	2.6747e-07
524.0	2.3604e-07
524.2	2.083e-07
524.4	1.8382e-07
524.6	1.6222e-07
524.8	1.4316e-07
525.0	1.2634e-07
525.2	1.1149e-07
525.4	1.0e-07
525.6	1.0e-07
525.8	1.0e-07
526.0	1.0e-07
526.2	1.0e-07
526.4	1.0e-07
526.6	1.0e-07
526.8	1.0e-07
527.0	1.0e-07
527.2	1.0e-07
527.4	1.0e-07
527.6	1.0e-07
527.8	1.0e-07
528.0	1.0e-07
528.2	1.0e-07
528.4	1.0e-07
528.6	1.0e-07
528.8	1.0e-07
529.0	1.0e-07
529.2	1.0e-07
529.4	1.0e-07
529.6	1.0e-07
529.8	1.0e-07
530.0	1.0e-07
530.2	1.0e-07
530.4	1.0e-07
530.6	1.0e-07
530.8	1.0e-07
531.0	1.0e-07
531.2	1.0e-07
531.4	1.0e-07
531.6	1.0e-07
531.8	1.0e-07
532.0	1.0e-07
532.2	1.0e-07
532.4	1.0e-07
532.6	1.0e-07
532.8	1.0e-07
533.0	1.0e-07
533.2	1.0e-07
533.4	1.0e-07
533.6	1.0e-07
533.8	1.0e-07
534.0	1.0e-07
534.2	1.0e-07
534.4	1.0e-07
534.6	1.0e-07
534.8	1.0e-07
535.0	1.0e-07
535.2	1.0e-07
535.4	1.0e-07
535.6	1.0e-07
535.8	1.0e-07
536.0	1.0e-07
536.2	1.0e-07
536.4	1.0e-07
536.6	1.0e-07
536.8	1.0e-07
537.0	1.0e-07
537.2	1.0e-07
537.4	1.0e-07
537.6	1.0e-07
537.8	1.0e-07
538.0	1.0e-07
538.2	1.0e-07
538.4	1.0e-07
538.6	1.0e-07
538.8	1.0e-07
539.0	1.0e-07
539.2	1.0e-07
539.4	1.0e-07
539.6	1.0e-07
539.8	1.0e-07
540.0	1.0e-07
540.2	1.0e-07
540.4	1.0e-07
540.6	1.0e-07
540.8	1.0e-07
541.0	1.0e-07
541.2	1.0e-07
541.4	1.0e-07
541.6	1.0e-07
541.8	1.0e-07
542.0	1.0e-07
542.2	1.0e-07
542.4	1.0e-07
542.6	1.0e-07
542.8	1.0e-07
543.0	1.0e-07
543.2	1.0e-07
543.4	1.0e-07
543.6	1.0e-07
543.8	1.0e-07
544.0	1.0e-07
544.2	1.0e-07
544.4	1.0e-07
544.6	1.0e-07
544.8	1.0e-07
545.0	1.0e-07
545.2	1.0e-07
545.4	1.0e-07
545.6	1.0e-07
545.8	1.0e-07
546.0	1.0e-07
546.2	1.0e-07
546.4	1.0e-07
546.6	1.0e-07
546.8	1.0e-07
547.0	1.0e-07
547.2	1.0e-07
547.4	1.0e-07
547.6	1.0e-07
547.8	1.0e-07
548.0	1.0e-07
548.2	1.0e-07
548.4	1.0e-07
548.6	1.0e-07
548.8	1.0e-07
549.0	1.0e-07
549.2	1.0e-07
549.4	1.0e-07
549.6	1.0e-07
549.8	1.0e-07
550.0	1.0e-07
550.2	1.0e-07
550.4	1.0e-07
550.6	1.0e-07
550.8	1.0e-07
551.0	1.0e-07
551.2	1.0e-07
551.4	1.0e-07
551.6	1.0e-07
551.8	1.0e-07
552.0	1.0e-07
552.2	1.0e-07
552.4	1.0e-07
552.6	1.0e-07
552.8	1.0e-07
553.0	1.0e-07
553.2	1.0e-07
553.4	1.0002e-07
553.6	1.0067e-07
553.8	1.0133e-07
554.0	1.0199e-07
554.2	1.0265e-07
554.4	1.0332e-07
554.6	1.04e-07
554.8	1.0467e-07
555.0	1.0535e-07
555.2	1.0604e-07
555.4	1.0673e-07
555.6	1.0743e-07
555.8	1.0813e-07
556.0	1.0883e-07
556.2	1.0954e-07
556.4	1.1025e-07
556.6	1.1097e-07
556.8	1.1169e-07
557.0	1.1242e-07
557.2	1.1315e-07
557.4	1.1389e-07
557.6	1.1463e-07
557.8	1.1538e-07
558.0	1.1613e-07
558.2	1.1688e-07
558.4	1.1682e-07
558.6	1.1606e-07
558.8	1.1531e-07
559.0	1.1457e-07
559.2	1.1383e-07
559.4	1.1309e-07
559.6	1.1236e-07
559.8	1.1163e-07
560.0	1.1091e-07
560.2	1.102e-07
560.4	1.0948e-07
560.6	1.0878e-07
560.8	1.0807e-07
561.0	1.0737e-07
561.2	1.0668e-07
561.4	1.0599e-07
561.6	1.0531e-07
561.8	1.0463e-07
562.0	1.0395e-07
562.2	1.0328e-07
562.4	1.0261e-07
562.6	1.0195e-07
562.8	1.0129e-07
563.0	1.0063e-07
563.2	1.0002e-07
563.4	1.0081e-07
563.6	1.0161e-07
563.8	1.0241e-07
564.0	1.0323e-07
564.2	1.0404e-07
564.4	1.0487e-07
564.6	1.057e-07
564.8	1.0653e-07
565.0	1.0738e-07
565.2	1.0823e-07
565.4	1.0908e-07
565.6	1.0995e-07
565.8	1.1082e-07
566.0	1.117e-07
566.2	1.1258e-07
566.4	1.1347e-07
566.6	1.1437e-07
566.8	1.1528e-07
567.0	1.1619e-07
567.2	1.1711e-07
567.4	1.1804e-07
567.6	1.1897e-07
567.8	1.1991e-07
568.0	1.2086e-07
568.2	1.2149e-07
568.4	1.2179e-07
568.6	1.221e-07
568.8	1.224e-07
569.0	1.2271e-07
569.2	1.2301e-07
569.4	1.2332e-07
569.6	1.2363e-07
569.8	1.2394e-07
570.0	1.2425e-07
570.2	1.2456e-07
570.4	1.2487e-07
570.6	1.2518e-07
570.8	1.2549e-07
571.0	1.2581e-07
571.2	1.2612e-07
571.4	1.2644e-07
571.6	1.2675e-07
571.8	1.2707e-07
572.0	1.2739e-07
572.2	1.277e-07
572.4	1.2802e-07
572.6	1.2834e-07
572.8	1.2866e-07
573.0	1.2897e-07
573.2	1.2871e-07
573.4	1.2846e-07
573.6	1.282e-07
573.8	1.2795e-07
574.0	1.2769e-07
574.2	1.2744e-07
574.4	1.2718e-07
574.6	1.2693e-07
574.8	1.2668e-07
575.0	1.2643e-07
575.2	1.2617e-07
575.4	1.2592e-07
575.6	1.2567e-07
575.8	1.2542e-07
576.0	1.2517e-07
576.2	1.2492e-07
576.4	1.2467e-07
576.6	1.2443e-07
576.8	1.2503e-07
577.0	1.2745e-07
577.2	1.2991e-07
577.4	1.3243e-07
577.6	1.3499e-07
577.8	1.3759e-07
578.0	1.4025e-07
578.2	1.4296e-07
578.4	1.4573e-07
578.6	1.4854e-07
578.8	1.5142e-07
579.0	1.5434e-07
579.2	1.5732e-07
579.4	1.6037e-07
579.6	1.6346e-07
579.8	1.6662e-07
580.0	1.6984e-07
580.2	1.7313e-07
580.4	1.7564e-07
580.6	1.7792e-07
580.8	1.8023e-07
581.0	1.8258e-07
581.2	1.8495e-07
581.4	1.8736e-07
581.6	1.898e-07
581.8	1.9227e-07
582.0	1.9477e-07
582.2	1.973e-07
582.4	1.9987e-07
582.6	2.0247e-07
582.8	1.8527e-07
583.0	1.6936e-07
583.2	1.5482e-07
583.4	1.4153e-07
583.6	1.2938e-07
583.8	1.1827e-07
584.0	1.0811e-07
584.2	1.0131e-07
584.4	1.0071e-07
584.6	1.0012e-07
584.8	1.0e-07
585.0	1.0e-07
585.2	1.1e-07
585.4	1.5463e-07
585.6	1.4278e-07
585.8	1.1628e-07
586.0	1.0e-07
586.2	1.0e-07
586.4	1.0e-07
586.6	1.2308e-07
586.8	1.4309e-07
587.0	1.2176e-07
587.2	1.0361e-07
587.4	1.0e-07
587.6	1.0e-07
587.8	1.0287e-07
588.0	1.1426e-07
588.2	1.116e-07
588.4	1.0478e-07
588.6	1.0e-07
588.8	1.0e-07
589.0	1.0e-07
589.2	1.0e-07
589.4	1.0e-07
589.6	1.0e-07
589.8	1.0e-07
590.0	1.0e-07
590.2	1.0e-07
590.4	1.0e-07
590.6	1.0e-07
590.8	1.0e-07
591.0	1.0e-07
591.2	1.0e-07
591.4	1.0e-07
591.6	1.0e-07
591.8	1.3846e-07
592.0	1.7294e-07
592.2	1.3512e-07
592.4	1.0558e-07
592.6	1.0e-07
592.8	1.0e-07
593.0	1.0e-07
593.2	1.0e-07
593.4	1.1354e-07
593.6	1.3403e-07
593.8	1.4514e-07
594.0	1.2295e-07
594.2	1.0415e-07
594.4	1.6711e-07
594.6	2.8893e-07
594.8	3.6115e-07
595.0	4.5142e-07
595.2	4.8963e-07
595.4	5.1084e-07
595.6	6.1206e-07
595.8	1.0562e-06
596.0	1.4565e-06
596.2	1.8852e-06
596.4	2.4918e-06
596.6	3.4804e-06
596.8	4.8612e-06
597.0	7.0011e-06
597.2	1.0125e-05
597.4	1.4444e-05
597.6	2.0606e-05
597.8	3.0464e-05
598.0	4.5533e-05
598.2	6.8358e-05
598.4	1.0449e-04
598.6	1.5744e-04
598.8	2.5014e-04
599.0	3.9481e-04
599.2	6.4641e-04
599.4	0.00107
599.6	0.00204
599.8	0.00384
600.0	0.00676
600.2	0.01228
600.4	0.02334
600.6	0.04591
600.8	0.09409
601.0	0.21485
601.2	0.40358
601.4	0.64427
601.6	0.84298
601.8	0.94132
602.0	0.96859
602.2	0.97123
602.4	0.97095
602.6	0.97214
602.8	0.97497
603.0	0.97657
603.2	0.97705
603.4	0.9779
603.6	0.97751
603.8	0.97785
604.0	0.97816
604.2	0.97966
604.4	0.98074
604.6	0.98107
604.8	0.98155
605.0	0.98201
605.2	0.98162
605.4	0.98065
605.6	0.97994
605.8	0.97913
606.0	0.97916
606.2	0.97871
606.4	0.97957
606.6	0.97973
606.8	0.98152
607.0	0.9826
607.2	0.98377
607.4	0.98496
607.6	0.98573
607.8	0.98564
608.0	0.98704
608.2	0.98785
608.4	0.98682
608.6	0.98607
608.8	0.98487
609.0	0.98417
609.2	0.98369
609.4	0.98368
609.6	0.98366
609.8	0.98347
610.0	0.98434
610.2	0.98516
610.4	0.98606
610.6	0.98732
610.8	0.98803
611.0	0.98839
611.2	0.98892
611.4	0.98897
611.6	0.98907
611.8	0.98868
612.0	0.98833
612.2	0.98736
612.4	0.98681
612.6	0.98637
612.8	0.98576
613.0	0.98576
613.2	0.98504
613.4	0.98513
613.6	0.98505
613.8	0.98541
614.0	0.98653
614.2	0.98713
614.4	0.98781
614.6	0.98859
614.8	0.98887
615.0	0.98913
615.2	0.98972
615.4	0.98962
615.6	0.99003
615.8	0.98946
616.0	0.98886
616.2	0.98854
616.4	0.98764
616.6	0.9864
616.8	0.9858
617.0	0.98463
617.2	0.98422
617.4	0.98335
617.6	0.98337
617.8	0.98298
618.0	0.98278
618.2	0.9825
618.4	0.98232
618.6	0.98283
618.8	0.98307
619.0	0.98348
619.2	0.98413
619.4	0.98444
619.6	0.98422
619.8	0.98464
620.0	0.98497
620.2	0.98459
620.4	0.98491
620.6	0.98437
620.8	0.98403
621.0	0.98354
621.2	0.98323
621.4	0.9829
621.6	0.98276
621.8	0.98255
622.0	0.98158
622.2	0.98231
622.4	0.98237
622.6	0.98244
622.8	0.98305
623.0	0.98362
623.2	0.98418
623.4	0.98533
623.6	0.98584
623.8	0.9869
624.0	0.98721
624.2	0.98831
624.4	0.98859
624.6	0.98921
624.8	0.98959
625.0	0.99014
625.2	0.98989
625.4	0.99012
625.6	0.98926
625.8	0.98954
626.0	0.98884
626.2	0.98842
626.4	0.98805
626.6	0.98756
626.8	0.98614
627.0	0.98585
627.2	0.9852
627.4	0.98482
627.6	0.98477
627.8	0.98407
628.0	0.98379
628.2	0.98369
628.4	0.9838
628.6	0.98404
628.8	0.98449
629.0	0.98487
629.2	0.98493
629.4	0.9852
629.6	0.98555
629.8	0.98582
630.0	0.98646
630.2	0.98682
630.4	0.9869
630.6	0.98657
630.8	0.98613
631.0	0.98668
631.2	0.98636
631.4	0.98574
631.6	0.98502
631.8	0.98502
632.0	0.98441
632.2	0.98397
632.4	0.98407
632.6	0.98355
632.8	0.98357
633.0	0.98361
633.2	0.98343
633.4	0.98382
633.6	0.98422
633.8	0.98415
634.0	0.98514
634.2	0.98554
634.4	0.98567
634.6	0.98634
634.8	0.98727
635.0	0.98767
635.2	0.98839
635.4	0.98868
635.6	0.98875
635.8	0.98909
636.0	0.98945
636.2	0.98943
636.4	0.98922
636.6	0.98884
636.8	0.98862
637.0	0.98813
637.2	0.98774
637.4	0.98707
637.6	0.98662
637.8	0.986
638.0	0.98565
638.2	0.98531
638.4	0.98487
638.6	0.98456
638.8	0.98418
639.0	0.98417
639.2	0.98365
639.4	0.98416
639.6	0.98365
639.8	0.98464
640.0	0.98451
640.2	0.98476
640.4	0.98534
640.6	0.98582
640.8	0.98611
641.0	0.9863
641.2	0.98688
641.4	0.98725
641.6	0.98692
641.8	0.9873
642.0	0.98767
642.2	0.9879
642.4	0.98739
642.6	0.98728
642.8	0.98693
643.0	0.98614
643.2	0.98535
643.4	0.98536
643.6	0.98492
643.8	0.98416
644.0	0.98381
644.2	0.9834
644.4	0.98302
644.6	0.98284
644.8	0.98258
645.0	0.98219
645.2	0.98216
645.4	0.98245
645.6	0.98212
645.8	0.98215
646.0	0.98316
646.2	0.9825
646.4	0.98316
646.6	0.98338
646.8	0.98332
647.0	0.98374
647.2	0.98381
647.4	0.98412
647.6	0.98391
647.8	0.98392
648.0	0.98366
648.2	0.98393
648.4	0.98393
648.6	0.98339
648.8	0.983
649.0	0.98273
649.2	0.98228
649.4	0.98187
649.6	0.98178
649.8	0.98095
650.0	0.98098
650.2	0.98075
650.4	0.98031
650.6	0.98047
650.8	0.98014
651.0	0.98039
651.2	0.98027
651.4	0.98052
651.6	0.9807
651.8	0.98164
652.0	0.98194
652.2	0.98248
652.4	0.98284
652.6	0.98295
652.8	0.98379
653.0	0.98392
653.2	0.98446
653.4	0.98487
653.6	0.9855
653.8	0.98522
654.0	0.98501
654.2	0.98522
654.4	0.98525
654.6	0.98463
654.8	0.98462
655.0	0.98453
655.2	0.9841
655.4	0.98393
655.6	0.98331
655.8	0.98315
656.0	0.98272
656.2	0.9826
656.4	0.98271
656.6	0.98194
656.8	0.98199
657.0	0.98209
657.2	0.98233
657.4	0.98229
657.6	0.98267
657.8	0.98265
658.0	0.98291
658.2	0.98323
658.4	0.98381
658.6	0.98418
658.8	0.98434
659.0	0.98415
659.2	0.98498
659.4	0.98547
659.6	0.98548
659.8	0.98552
660.0	0.98541
660.2	0.98533
660.4	0.98507
660.6	0.98528
660.8	0.98494
661.0	0.98409
661.2	0.98412
661.4	0.98305
661.6	0.9836
661.8	0.98286
662.0	0.9825
662.2	0.98242
662.4	0.98234
662.6	0.98184
662.8	0.98215
663.0	0.98194
663.2	0.9821
663.4	0.98237
663.6	0.98227
663.8	0.98273
664.0	0.9835
664.2	0.98403
664.4	0.98438
664.6	0.98482
664.8	0.98491
665.0	0.98545
665.2	0.98551
665.4	0.98631
665.6	0.98624
665.8	0.9862
666.0	0.98642
666.2	0.98679
666.4	0.9864
666.6	0.98609
666.8	0.98637
667.0	0.98634
667.2	0.98606
667.4	0.98602
667.6	0.98583
667.8	0.98587
668.0	0.98625
668.2	0.98608
668.4	0.98695
668.6	0.98707
668.8	0.98709
669.0	0.98759
669.2	0.98829
669.4	0.98822
669.6	0.989
669.8	0.98905
670.0	0.9897
670.2	0.99028
670.4	0.99065
670.6	0.99037
670.8	0.99058
671.0	0.99032
671.2	0.99023
671.4	0.98961
671.6	0.98896
671.8	0.98912
672.0	0.98822
672.2	0.98789
672.4	0.98715
672.6	0.98732
672.8	0.9862
673.0	0.98412
673.2	0.982
673.4	0.98177
673.6	0.98186
673.8	0.98226
674.0	0.98305
674.2	0.98318
674.4	0.98349
674.6	0.9842
674.8	0.98464
675.0	0.985
675.2	0.98547
675.4	0.98597
675.6	0.98625
675.8	0.98612
676.0	0.98606
676.2	0.98572
676.4	0.98543
676.6	0.98504
676.8	0.98458
677.0	0.98429
677.2	0.98435
677.4	0.98378
677.6	0.98395
677.8	0.98368
678.0	0.98381
678.2	0.98414
678.4	0.98448
678.6	0.98425
678.8	0.98467
679.0	0.98378
679.2	0.98309
679.4	0.98195
679.6	0.9805
679.8	0.97915
680.0	0.97739
680.2	0.9765
680.4	0.97529
680.6	0.97568
680.8	0.97583
681.0	0.97566
681.2	0.97364
681.4	0.96523
681.6	0.94577
681.8	0.90776
682.0	0.84485
682.2	0.75313
682.4	0.63649
682.6	0.50436
682.8	0.38651
683.0	0.2854
683.2	0.20689
683.4	0.14807
683.6	0.1058
683.8	0.06767
684.0	0.0472
684.2	0.03421
684.4	0.025
684.6	0.01847
684.8	0.01379
685.0	0.01159
685.2	0.008
685.4	0.00608
685.6	0.00467
685.8	0.00362
686.0	0.00282
686.2	0.00221
686.4	0.00187
686.6	0.00141
686.8	0.00112
687.0	9.055e-04
687.2	7.3041e-04
687.4	5.9278e-04
687.6	5.1235e-04
687.8	3.9128e-04
688.0	3.168e-04
688.2	2.6274e-04
688.4	2.1679e-04
688.6	1.7926e-04
688.8	1.5197e-04
689.0	1.36e-04
689.2	1.0652e-04
689.4	9.1556e-05
689.6	7.636e-05
689.8	6.6475e-05
690.0	5.6402e-05
690.2	5.0821e-05
690.4	4.0866e-05
690.6	3.551e-05
690.8	3.0503e-05
691.0	2.6843e-05
691.2	2.3751e-05
691.4	1.9654e-05
691.6	1.8126e-05
691.8	1.465e-05
692.0	1.2859e-05
692.2	1.1711e-05
692.4	1.006e-05
692.6	8.7357e-06
692.8	8.7858e-06
693.0	5.9891e-06
693.2	5.8007e-06
693.4	5.4321e-06
693.6	4.7933e-06
693.8	4.0854e-06
694.0	3.1282e-06
694.2	3.2196e-06
694.4	2.758e-06
694.6	2.1082e-06
694.8	2.0267e-06
695.0	1.5323e-06
695.2	1.2637e-06
695.4	7.7428e-07
695.6	6.8906e-07
695.8	7.7718e-07
696.0	2.6349e-07
696.2	1.5236e-07
696.4	2.9606e-07
696.6	1.0176e-07
696.8	1.7697e-07
697.0	1.1128e-07
697.2	1.511e-07
697.4	1.0e-07
697.6	1.0e-07
697.8	1.0e-07
698.0	1.0075e-07
698.2	1.0151e-07
698.4	1.0228e-07
698.6	1.0305e-07
698.8	1.0382e-07
699.0	1.046e-07
699.2	1.0539e-07
699.4	1.051e-07
699.6	1.0478e-07
699.8	1.0447e-07
700.0	1.0415e-07
700.2	1.0384e-07
700.4	1.0352e-07
700.6	1.0321e-07
700.8	1.029e-07
701.0	1.0259e-07
701.2	1.0228e-07
701.4	1.0197e-07
701.6	1.0166e-07
701.8	1.0136e-07
702.0	1.0105e-07
702.2	1.0074e-07
702.4	1.0044e-07
702.6	1.0014e-07
702.8	1.0e-07
703.0	1.0e-07
703.2	1.0e-07
703.4	1.0e-07
703.6	1.0e-07
703.8	1.0e-07
704.0	1.0e-07
704.2	1.0e-07
704.4	1.0e-07
704.6	1.0e-07
704.8	1.0e-07
705.0	1.0e-07
705.2	1.0e-07
705.4	1.0e-07
705.6	1.0e-07
705.8	1.0e-07
706.0	1.0e-07
706.2	1.0e-07
706.4	1.0e-07
706.6	1.0e-07
706.8	1.0e-07
707.0	1.0e-07
707.2	1.0e-07
707.4	1.0e-07
707.6	1.0e-07
707.8	1.0e-07
708.0	1.0e-07
708.2	1.0e-07
708.4	1.0e-07
708.6	1.0e-07
708.8	1.0e-07
709.0	1.0e-07
709.2	1.0e-07
709.4	1.0e-07
709.6	1.0e-07
709.8	1.0e-07
710.0	1.0e-07
710.2	1.0e-07
710.4	1.0e-07
710.6	1.0e-07
710.8	1.0e-07
711.0	1.0e-07
711.2	1.0e-07
711.4	1.0e-07
711.6	1.0e-07
711.8	1.0e-07
712.0	1.0e-07
712.2	1.0e-07
712.4	1.0e-07
712.6	1.0e-07
712.8	1.0e-07
713.0	1.0e-07
713.2	1.0e-07
713.4	1.0e-07
713.6	1.0e-07
713.8	1.0e-07
714.0	1.0e-07
714.2	1.0e-07
714.4	1.0e-07
714.6	1.0e-07
714.8	1.0e-07
715.0	1.0e-07
715.2	1.0e-07
715.4	1.0e-07
715.6	1.0e-07
715.8	1.0e-07
716.0	1.0e-07
716.2	1.0e-07
716.4	1.0e-07
716.6	1.0e-07
716.8	1.0e-07
717.0	1.0e-07
717.2	1.0e-07
717.4	1.0e-07
717.6	1.0e-07
717.8	1.0e-07
718.0	1.0e-07
718.2	1.0e-07
718.4	1.0e-07
718.6	1.0e-07
718.8	1.0e-07
719.0	1.0e-07
719.2	1.0e-07
719.4	1.0e-07
719.6	1.0e-07
719.8	1.0e-07
720.0	1.0e-07
720.2	1.0e-07
720.4	1.0e-07
720.6	1.0e-07
720.8	1.0e-07
721.0	1.0e-07
721.2	1.0e-07
721.4	1.0e-07
721.6	1.0e-07
721.8	1.0e-07
722.0	1.0e-07
722.2	1.0e-07
722.4	1.0e-07
722.6	1.0e-07
722.8	1.0e-07
723.0	1.0e-07
723.2	1.0e-07
723.4	1.0e-07
723.6	1.0e-07
723.8	1.0e-07
724.0	1.0e-07
724.2	1.0e-07
724.4	1.0e-07
724.6	1.0e-07
724.8	1.0e-07
725.0	1.0e-07
725.2	1.0e-07
725.4	1.0e-07
725.6	1.0e-07
725.8	1.0e-07
726.0	1.0e-07
726.2	1.0e-07
726.4	1.0e-07
726.6	1.0e-07
726.8	1.0e-07
727.0	1.0e-07
727.2	1.0e-07
727.4	1.0e-07
727.6	1.0e-07
727.8	1.0e-07
728.0	1.0e-07
728.2	1.0e-07
728.4	1.0e-07
728.6	1.0e-07
728.8	1.0e-07
729.0	1.0e-07
729.2	1.0e-07
729.4	1.0e-07
729.6	1.0e-07
729.8	1.0e-07
730.0	1.0e-07
730.2	1.0e-07
730.4	1.0e-07
730.6	1.0e-07
730.8	1.0e-07
731.0	1.0e-07
731.2	1.0e-07
731.4	1.0e-07
731.6	1.0e-07
731.8	1.0e-07
732.0	1.0e-07
732.2	1.0e-07
732.4	1.0e-07
732.6	1.0e-07
732.8	1.0e-07
733.0	1.0e-07
733.2	1.0e-07
733.4	1.0e-07
733.6	1.0e-07
733.8	1.0e-07
734.0	1.0e-07
734.2	1.0e-07
734.4	1.0e-07
734.6	1.0e-07
734.8	1.0e-07
735.0	1.0e-07
735.2	1.0e-07
735.4	1.0e-07
735.6	1.0e-07
735.8	1.0e-07
736.0	1.0e-07
736.2	1.0e-07
736.4	1.0e-07
736.6	1.0e-07
736.8	1.0e-07
737.0	1.0e-07
737.2	1.0e-07
737.4	1.0e-07
737.6	1.0e-07
737.8	1.0e-07
738.0	1.0e-07
738.2	1.0e-07
738.4	1.0e-07
738.6	1.0e-07
738.8	1.0e-07
739.0	1.0e-07
739.2	1.0e-07
739.4	1.0e-07
739.6	1.0e-07
739.8	1.0e-07
740.0	1.0e-07
740.2	1.0e-07
740.4	1.0e-07
740.6	1.0e-07
740.8	1.0e-07
741.0	1.0e-07
741.2	1.0e-07
741.4	1.0e-07
741.6	1.0e-07
741.8	1.0e-07
742.0	1.0e-07
742.2	1.0e-07
742.4	1.0e-07
742.6	1.0e-07
742.8	1.0e-07
743.0	1.0e-07
743.2	1.0e-07
743.4	1.0e-07
743.6	1.0e-07
743.8	1.0e-07
744.0	1.0e-07
744.2	1.0e-07
744.4	1.0e-07
744.6	1.0e-07
744.8	1.0e-07
745.0	1.0e-07
745.2	1.0e-07
745.4	1.0e-07
745.6	1.0e-07
745.8	1.0e-07
746.0	1.0e-07
746.2	1.0e-07
746.4	1.0e-07
746.6	1.0e-07
746.8	1.0e-07
747.0	1.0e-07
747.2	1.0e-07
747.4	1.0e-07
747.6	1.0e-07
747.8	1.0e-07
748.0	1.0e-07
748.2	1.0e-07
748.4	1.0e-07
748.6	1.0e-07
748.8	1.0e-07
749.0	1.0e-07
749.2	1.0e-07
749.4	1.0e-07
749.6	1.0e-07
749.8	1.0e-07
750.0	1.0e-07
750.2	1.0e-07
750.4	1.0e-07
750.6	1.0e-07
750.8	1.0e-07
751.0	1.0e-07
751.2	1.0e-07
751.4	1.0e-07
751.6	1.0e-07
751.8	1.0e-07
752.0	1.0e-07
752.2	1.0e-07
752.4	1.0e-07
752.6	1.0e-07
752.8	1.0e-07
753.0	1.0e-07
753.2	1.0e-07
753.4	1.0e-07
753.6	1.0e-07
753.8	1.0e-07
754.0	1.0e-07
754.2	1.0e-07
754.4	1.0e-07
754.6	1.0e-07
754.8	1.0e-07
755.0	1.0e-07
755.2	1.0e-07
755.4	1.0e-07
755.6	1.0e-07
755.8	1.0e-07
756.0	1.0e-07
756.2	1.0e-07
756.4	1.0e-07
756.6	1.0e-07
756.8	1.0e-07
757.0	1.0e-07
757.2	1.0e-07
757.4	1.0e-07
757.6	1.0e-07
757.8	1.0e-07
758.0	1.0e-07
758.2	1.0e-07
758.4	1.0e-07
758.6	1.0e-07
758.8	1.0e-07
759.0	1.0e-07
759.2	1.0e-07
759.4	1.0e-07
759.6	1.0e-07
759.8	1.0e-07
760.0	1.0e-07
760.2	1.0e-07
760.4	1.0e-07
760.6	1.0e-07
760.8	1.0e-07
761.0	1.0e-07
761.2	1.0e-07
761.4	1.0e-07
761.6	1.0e-07
761.8	1.0e-07
762.0	1.0e-07
762.2	1.0e-07
762.4	1.0e-07
762.6	1.0e-07
762.8	1.0e-07
763.0	1.0e-07
763.2	1.0e-07
763.4	1.0e-07
763.6	1.0e-07
763.8	1.0e-07
764.0	1.0e-07
764.2	1.0e-07
764.4	1.0e-07
764.6	1.0e-07
764.8	1.0e-07
765.0	1.0e-07
765.2	1.0e-07
765.4	1.0e-07
765.6	1.0e-07
765.8	1.0e-07
766.0	1.0e-07
766.2	1.0e-07
766.4	1.0e-07
766.6	1.0e-07
766.8	1.0e-07
767.0	1.0e-07
767.2	1.0e-07
767.4	1.0e-07
767.6	1.0e-07
767.8	1.0e-07
768.0	1.0e-07
768.2	1.0e-07
768.4	1.0e-07
768.6	1.0e-07
768.8	1.0e-07
769.0	1.0e-07
769.2	1.0e-07
769.4	1.0e-07
769.6	1.0e-07
769.8	1.0e-07
770.0	1.0e-07
770.2	1.0e-07
770.4	1.0e-07
770.6	1.0e-07
770.8	1.0e-07
771.0	1.0e-07
771.2	1.0e-07
771.4	1.0e-07
771.6	1.0e-07
771.8	1.0e-07
772.0	1.0e-07
772.2	1.0e-07
772.4	1.0e-07
772.6	1.0e-07
772.8	1.0e-07
773.0	1.0e-07
773.2	1.0e-07
773.4	1.0e-07
773.6	1.0e-07
773.8	1.0e-07
774.0	1.0e-07
774.2	1.0e-07
774.4	1.0e-07
774.6	1.0e-07
774.8	1.0e-07
775.0	1.0e-07
775.2	1.0e-07
775.4	1.0e-07
775.6	1.0e-07
775.8	1.0e-07
776.0	1.0e-07
776.2	1.0e-07
776.4	1.0e-07
776.6	1.0e-07
776.8	1.0e-07
777.0	1.0e-07
777.2	1.0e-07
777.4	1.0e-07
777.6	1.0e-07
777.8	1.0e-07
778.0	1.0e-07
778.2	1.0e-07
778.4	1.0e-07
778.6	1.0e-07
778.8	1.0e-07
779.0	1.0e-07
779.2	1.0e-07
779.4	1.0e-07
779.6	1.0e-07
779.8	1.0e-07
780.0	1.0e-07
780.2	1.0e-07
780.4	1.0e-07
780.6	1.0e-07
780.8	1.0e-07
781.0	1.0e-07
781.2	1.0e-07
781.4	1.0e-07
781.6	1.0e-07
781.8	1.0e-07
782.0	1.0e-07
782.2	1.0e-07
782.4	1.0e-07
782.6	1.0e-07
782.8	1.0e-07
783.0	1.0e-07
783.2	1.0e-07
783.4	1.0e-07
783.6	1.0e-07
783.8	1.0e-07
784.0	1.0e-07
784.2	1.0e-07
784.4	1.0e-07
784.6	1.0e-07
784.8	1.0e-07
785.0	1.0e-07
785.2	1.0e-07
785.4	1.0e-07
785.6	1.0e-07
785.8	1.0e-07
786.0	1.0e-07
786.2	1.0e-07
786.4	1.0e-07
786.6	1.0e-07
786.8	1.0e-07
787.0	1.0e-07
787.2	1.0e-07
787.4	1.0e-07
787.6	1.0e-07
787.8	1.0e-07
788.0	1.0e-07
788.2	1.0e-07
788.4	1.0e-07
788.6	1.0e-07
788.8	1.0e-07
789.0	1.0e-07
789.2	1.0e-07
789.4	1.0e-07
789.6	1.0e-07
789.8	1.0e-07
790.0	1.0e-07
790.2	1.0e-07
790.4	1.0e-07
790.6	1.0e-07
790.8	1.0e-07
791.0	1.0e-07
791.2	1.0e-07
791.4	1.0e-07
791.6	1.0e-07
791.8	1.0e-07
792.0	1.0e-07
792.2	1.0e-07
792.4	1.0e-07
792.6	1.0e-07
792.8	1.0e-07
793.0	1.0e-07
793.2	1.0e-07
793.4	1.0e-07
793.6	1.0e-07
793.8	1.0e-07
794.0	1.0e-07
794.2	1.0e-07
794.4	1.0e-07
794.6	1.0e-07
794.8	1.0e-07
795.0	1.0e-07
795.2	1.0e-07
795.4	1.0e-07
795.6	1.0e-07
795.8	1.0e-07
796.0	1.0e-07
796.2	1.0e-07
796.4	1.0e-07
796.6	1.0e-07
796.8	1.0e-07
797.0	1.0e-07
797.2	1.0e-07
797.4	1.0e-07
797.6	1.0e-07
797.8	1.0e-07
798.0	1.0e-07
798.2	1.0e-07
798.4	1.0e-07
798.6	1.0e-07
798.8	1.0e-07
799.0	1.0e-07
799.2	1.0e-07
799.4	1.0e-07
799.6	1.0e-07
799.8	1.0e-07
800.0	1.0e-07
800.2	1.0e-07
800.4	1.0e-07
800.6	1.0e-07
800.8	1.0e-07
801.0	1.0e-07
801.2	1.0e-07
801.4	1.0e-07
801.6	1.0e-07
801.8	1.0e-07
802.0	1.0e-07
802.2	1.0e-07
802.4	1.0e-07
802.6	1.0e-07
802.8	1.0e-07
803.0	1.0e-07
803.2	1.0e-07
803.4	1.0e-07
803.6	1.0e-07
803.8	1.0e-07
804.0	1.0e-07
804.2	1.0e-07
804.4	1.0e-07
804.6	1.0e-07
804.8	1.0e-07
805.0	1.0e-07
805.2	1.0e-07
805.4	1.0e-07
805.6	1.0e-07
805.8	1.0e-07
806.0	1.0e-07
806.2	1.0e-07
806.4	1.0e-07
806.6	1.0e-07
806.8	1.0e-07
807.0	1.0e-07
807.2	1.0e-07
807.4	1.0e-07
807.6	1.0e-07
807.8	1.0e-07
808.0	1.0e-07
808.2	1.0e-07
808.4	1.0e-07
808.6	1.0e-07
808.8	1.0e-07
809.0	1.0e-07
809.2	1.0e-07
809.4	1.0e-07
809.6	1.0e-07
809.8	1.0e-07
810.0	1.0e-07
810.2	1.0e-07
810.4	1.0e-07
810.6	1.0e-07
810.8	1.0e-07
811.0	1.0e-07
811.2	1.0e-07
811.4	1.0e-07
811.6	1.0e-07
811.8	1.0e-07
812.0	1.0e-07
812.2	1.0e-07
812.4	1.0e-07
812.6	1.0e-07
812.8	1.0e-07
813.0	1.0e-07
813.2	1.0e-07
813.4	1.0e-07
813.6	1.0e-07
813.8	1.0e-07
814.0	1.0e-07
814.2	1.0e-07
814.4	1.0e-07
814.6	1.0e-07
814.8	1.0e-07
815.0	1.0e-07
815.2	1.0e-07
815.4	1.0e-07
815.6	1.0e-07
815.8	1.0e-07
816.0	1.0e-07
816.2	1.0e-07
816.4	1.0e-07
816.6	1.0e-07
816.8	1.0e-07
817.0	1.0e-07
817.2	1.0e-07
817.4	1.0e-07
817.6	1.0e-07
817.8	1.0e-07
818.0	1.0e-07
818.2	1.0e-07
818.4	1.0e-07
818.6	1.0e-07
818.8	1.0e-07
819.0	1.0e-07
819.2	1.0e-07
819.4	1.0e-07
819.6	1.0e-07
819.8	1.0e-07
820.0	1.0e-07
820.2	1.0e-07
820.4	1.0e-07
820.6	1.0e-07
820.8	1.0e-07
821.0	1.0e-07
821.2	1.0e-07
821.4	1.0e-07
821.6	1.0e-07
821.8	1.0e-07
822.0	1.0e-07
822.2	1.0e-07
822.4	1.0e-07
822.6	1.0e-07
822.8	1.0e-07
823.0	1.0e-07
823.2	1.0e-07
823.4	1.0e-07
823.6	1.0e-07
823.8	1.0e-07
824.0	1.0e-07
824.2	1.0e-07
824.4	1.0e-07
824.6	1.0e-07
824.8	1.0e-07
825.0	1.0e-07
825.2	1.0e-07
825.4	1.0e-07
825.6	1.0e-07
825.8	1.0e-07
826.0	1.0e-07
826.2	1.0e-07
826.4	1.0e-07
826.6	1.0e-07
826.8	1.0e-07
827.0	1.0e-07
827.2	1.0e-07
827.4	1.0e-07
827.6	1.0e-07
827.8	1.0e-07
828.0	1.0e-07
828.2	1.0e-07
828.4	1.0e-07
828.6	1.0e-07
828.8	1.0e-07
829.0	1.0e-07
829.2	1.0e-07
829.4	1.0e-07
829.6	1.0e-07
829.8	1.0e-07
830.0	1.0e-07
830.2	1.0e-07
830.4	1.0e-07
830.6	1.0e-07
830.8	1.0e-07
831.0	1.0e-07
831.2	1.0e-07
831.4	1.0e-07
831.6	1.0e-07
831.8	1.0e-07
832.0	1.0e-07
832.2	1.0e-07
832.4	1.0e-07
832.6	1.0e-07
832.8	1.0e-07
833.0	1.0e-07
833.2	1.0e-07
833.4	1.0e-07
833.6	1.0e-07
833.8	1.0e-07
834.0	1.0e-07
834.2	1.0e-07
834.4	1.0e-07
834.6	1.0e-07
834.8	1.0e-07
835.0	1.0e-07
835.2	1.0e-07
835.4	1.0e-07
835.6	1.0e-07
835.8	1.0e-07
836.0	1.0e-07
836.2	1.0e-07
836.4	1.0e-07
836.6	1.0e-07
836.8	1.0e-07
837.0	1.0e-07
837.2	1.0e-07
837.4	1.0e-07
837.6	1.0e-07
837.8	1.0e-07
838.0	1.0e-07
838.2	1.0e-07
838.4	1.0e-07
838.6	1.0e-07
838.8	1.0e-07
839.0	1.0e-07
839.2	1.0e-07
839.4	1.0e-07
839.6	1.0e-07
839.8	1.0e-07
840.0	1.0e-07
840.2	1.0e-07
840.4	1.0e-07
840.6	1.0e-07
840.8	1.0e-07
841.0	1.0e-07
841.2	1.0e-07
841.4	1.0e-07
841.6	1.0e-07
841.8	1.0e-07
842.0	1.0e-07
842.2	1.0e-07
842.4	1.0e-07
842.6	1.0e-07
842.8	1.0e-07
843.0	1.0e-07
843.2	1.0e-07
843.4	1.0e-07
843.6	1.0e-07
843.8	1.0e-07
844.0	1.0e-07
844.2	1.0e-07
844.4	1.0e-07
844.6	1.0e-07
844.8	1.0e-07
845.0	1.0e-07
845.2	1.0e-07
845.4	1.0e-07
845.6	1.0e-07
845.8	1.0e-07
846.0	1.0e-07
846.2	1.0e-07
846.4	1.0e-07
846.6	1.0e-07
846.8	1.0e-07
847.0	1.0e-07
847.2	1.0e-07
847.4	1.0e-07
847.6	1.0e-07
847.8	1.0e-07
848.0	1.0e-07
848.2	1.0e-07
848.4	1.0e-07
848.6	1.0e-07
848.8	1.0e-07
849.0	1.0e-07
849.2	1.0e-07
849.4	1.0e-07
849.6	1.0e-07
849.8	1.0e-07
850.0	1.0e-07
850.2	1.0e-07
850.4	1.0e-07
850.6	1.0e-07
850.8	1.0e-07
851.0	1.0e-07
851.2	1.0e-07
851.4	1.0e-07
851.6	1.0e-07
851.8	1.0e-07
852.0	1.0e-07
852.2	1.0e-07
852.4	1.0e-07
852.6	1.0e-07
852.8	1.0e-07
853.0	1.0e-07
853.2	1.0e-07
853.4	1.0e-07
853.6	1.0e-07
853.8	1.0e-07
854.0	1.0e-07
854.2	1.0e-07
854.4	1.0e-07
854.6	1.0e-07
854.8	1.0e-07
855.0	1.0e-07
855.2	1.0e-07
855.4	1.0e-07
855.6	1.0e-07
855.8	1.0e-07
856.0	1.0e-07
856.2	1.0e-07
856.4	1.0e-07
856.6	1.0e-07
856.8	1.0e-07
857.0	1.0e-07
857.2	1.0e-07
857.4	1.0e-07
857.6	1.0e-07
857.8	1.0e-07
858.0	1.0e-07
858.2	1.0e-07
858.4	1.0e-07
858.6	1.0e-07
858.8	1.0e-07
859.0	1.0e-07
859.2	1.0e-07
859.4	1.0e-07
859.6	1.0e-07
859.8	1.0e-07
860.0	1.0e-07
860.2	1.0e-07
860.4	1.0e-07
860.6	1.0e-07
860.8	1.0e-07
861.0	1.0e-07
861.2	1.0e-07
861.4	1.0e-07
861.6	1.0e-07
861.8	1.0e-07
862.0	1.0e-07
862.2	1.0e-07
862.4	1.0e-07
862.6	1.0e-07
862.8	1.0e-07
863.0	1.0e-07
863.2	1.0e-07
863.4	1.0e-07
863.6	1.0e-07
863.8	1.0e-07
864.0	1.0e-07
864.2	1.0e-07
864.4	1.0e-07
864.6	1.0e-07
864.8	1.0e-07
865.0	1.0e-07
865.2	1.0e-07
865.4	1.0e-07
865.6	1.0e-07
865.8	1.0e-07
866.0	1.0e-07
866.2	1.0e-07
866.4	1.0e-07
866.6	1.0e-07
866.8	1.0e-07
867.0	1.0e-07
867.2	1.0e-07
867.4	1.0e-07
867.6	1.0e-07
867.8	1.0e-07
868.0	1.0e-07
868.2	1.0e-07
868.4	1.0e-07
868.6	1.0e-07
868.8	1.0e-07
869.0	1.0e-07
869.2	1.0e-07
869.4	1.0e-07
869.6	1.0e-07
869.8	1.0e-07
870.0	1.0e-07
870.2	1.0e-07
870.4	1.0e-07
870.6	1.0e-07
870.8	1.0e-07
871.0	1.0e-07
871.2	1.0e-07
871.4	1.0e-07
871.6	1.0e-07
871.8	1.0e-07
872.0	1.0e-07
872.2	1.0e-07
872.4	1.0e-07
872.6	1.0e-07
872.8	1.0e-07
873.0	1.0e-07
873.2	1.0e-07
873.4	1.0e-07
873.6	1.0e-07
873.8	1.0e-07
874.0	1.0e-07
874.2	1.0e-07
874.4	1.0e-07
874.6	1.0e-07
874.8	1.0e-07
875.0	1.0e-07
875.2	1.0e-07
875.4	1.0e-07
875.6	1.0e-07
875.8	1.0e-07
876.0	1.0e-07
876.2	1.0e-07
876.4	1.0e-07
876.6	1.0e-07
876.8	1.0e-07
877.0	1.0e-07
877.2	1.0e-07
877.4	1.0e-07
877.6	1.0e-07
877.8	1.0e-07
878.0	1.0e-07
878.2	1.0e-07
878.4	1.0e-07
878.6	1.0e-07
878.8	1.0e-07
879.0	1.0e-07
879.2	1.0e-07
879.4	1.0e-07
879.6	1.0e-07
879.8	1.0e-07
880.0	1.0e-07
880.2	1.0e-07
880.4	1.0e-07
880.6	1.0e-07
880.8	1.0e-07
881.0	1.0e-07
881.2	1.0e-07
881.4	1.0e-07
881.6	1.0e-07
881.8	1.0e-07
882.0	1.0e-07
882.2	1.0e-07
882.4	1.0e-07
882.6	1.0e-07
882.8	1.0e-07
883.0	1.0e-07
883.2	1.0e-07
883.4	1.0e-07
883.6	1.0e-07
883.8	1.0132e-07
884.0	1.1298e-07
884.2	1.2598e-07
884.4	1.4048e-07
884.6	1.5665e-07
884.8	1.7468e-07
885.0	1.9478e-07
885.2	2.172e-07
885.4	2.422e-07
885.6	2.7007e-07
885.8	3.0116e-07
886.0	3.3582e-07
886.2	3.7447e-07
886.4	4.1757e-07
886.6	4.6563e-07
886.8	5.1922e-07
887.0	5.7898e-07
887.2	6.4561e-07
887.4	7.1403e-07
887.6	7.1857e-07
887.8	7.2314e-07
888.0	7.2773e-07
888.2	7.3236e-07
888.4	7.3701e-07
888.6	7.417e-07
888.8	7.4641e-07
889.0	7.5116e-07
889.2	7.5593e-07
889.4	7.6073e-07
889.6	7.6557e-07
889.8	7.7044e-07
890.0	7.7533e-07
890.2	7.8026e-07
890.4	7.8522e-07
890.6	7.9021e-07
890.8	7.9523e-07
891.0	7.9715e-07
891.2	7.416e-07
891.4	6.8992e-07
891.6	6.4185e-07
891.8	5.9712e-07
892.0	5.5551e-07
892.2	5.168e-07
892.4	4.8079e-07
892.6	4.4729e-07
892.8	4.1612e-07
893.0	3.8712e-07
893.2	3.6014e-07
893.4	3.3505e-07
893.6	3.117e-07
893.8	2.8998e-07
894.0	2.6977e-07
894.2	2.5098e-07
894.4	2.3349e-07
894.6	2.1763e-07
894.8	2.1563e-07
895.0	2.1365e-07
895.2	2.1169e-07
895.4	2.0975e-07
895.6	2.0783e-07
895.8	2.0592e-07
896.0	2.0403e-07
896.2	2.0216e-07
896.4	2.003e-07
896.6	1.9846e-07
896.8	1.9664e-07
897.0	1.9484e-07
897.2	1.9305e-07
897.4	1.9128e-07
897.6	1.8953e-07
897.8	1.8779e-07
898.0	1.8606e-07
898.2	1.8452e-07
898.4	1.9126e-07
898.6	1.9824e-07
898.8	2.0547e-07
899.0	2.1297e-07
899.2	2.2075e-07
899.4	2.288e-07
899.6	2.3716e-07
899.8	2.4581e-07
900.0	2.5478e-07
900.2	2.6408e-07
900.4	2.7372e-07
900.6	2.8371e-07
900.8	2.9407e-07
901.0	3.048e-07
901.2	3.1593e-07
901.4	3.2746e-07
901.6	3.3941e-07
901.8	3.5158e-07
902.0	3.497e-07
902.2	3.4782e-07
902.4	3.4596e-07
902.6	3.4411e-07
902.8	3.4227e-07
903.0	3.4044e-07
903.2	3.3861e-07
903.4	3.368e-07
903.6	3.35e-07
903.8	3.3321e-07
904.0	3.3142e-07
904.2	3.2965e-07
904.4	3.2788e-07
904.6	3.2613e-07
904.8	3.2438e-07
905.0	3.2265e-07
905.2	3.2092e-07
905.4	3.1923e-07
905.6	3.1855e-07
905.8	3.1787e-07
906.0	3.1719e-07
906.2	3.1652e-07
906.4	3.1585e-07
906.6	3.1518e-07
906.8	3.1451e-07
907.0	3.1384e-07
907.2	3.1317e-07
907.4	3.125e-07
907.6	3.1184e-07
907.8	3.1118e-07
908.0	3.1052e-07
908.2	3.0986e-07
908.4	3.092e-07
908.6	3.0854e-07
908.8	3.0788e-07
909.0	3.0725e-07
909.2	3.0719e-07
909.4	3.0713e-07
909.6	3.0707e-07
909.8	3.0701e-07
910.0	3.0695e-07
910.2	3.0689e-07
910.4	3.0682e-07
910.6	3.0676e-07
910.8	3.067e-07
911.0	3.0664e-07
911.2	3.0658e-07
911.4	3.0652e-07
911.6	3.0646e-07
911.8	3.064e-07
912.0	3.0633e-07
912.2	3.0627e-07
912.4	3.0621e-07
912.6	3.0569e-07
912.8	2.9862e-07
913.0	2.9171e-07
913.2	2.8496e-07
913.4	2.7836e-07
913.6	2.7192e-07
913.8	2.6563e-07
914.0	2.5949e-07
914.2	2.5348e-07
914.4	2.4762e-07
914.6	2.4189e-07
914.8	2.3629e-07
915.0	2.3083e-07
915.2	2.2549e-07
915.4	2.2027e-07
915.6	2.1517e-07
915.8	2.1019e-07
916.0	2.0533e-07
916.2	2.0107e-07
916.4	2.0101e-07
916.6	2.0095e-07
916.8	2.0088e-07
917.0	2.0082e-07
917.2	2.0076e-07
917.4	2.007e-07
917.6	2.0064e-07
917.8	2.0058e-07
918.0	2.0052e-07
918.2	2.0046e-07
918.4	2.004e-07
918.6	2.0034e-07
918.8	2.0028e-07
919.0	2.0022e-07
919.2	2.0016e-07
919.4	2.001e-07
919.6	2.0004e-07
919.8	2.0096e-07
920.0	2.0755e-07
920.2	2.1437e-07
920.4	2.214e-07
920.6	2.2867e-07
920.8	2.3618e-07
921.0	2.4393e-07
921.2	2.5194e-07
921.4	2.6021e-07
921.6	2.6875e-07
921.8	2.7757e-07
922.0	2.8668e-07
922.2	2.961e-07
922.4	3.0582e-07
922.6	3.1585e-07
922.8	3.2622e-07
923.0	3.3693e-07
923.2	3.4799e-07
923.4	3.5755e-07
923.6	3.6002e-07
923.8	3.625e-07
924.0	3.6501e-07
924.2	3.6753e-07
924.4	3.7007e-07
924.6	3.7262e-07
924.8	3.752e-07
925.0	3.7779e-07
925.2	3.804e-07
925.4	3.8303e-07
925.6	3.8567e-07
925.8	3.8834e-07
926.0	3.9102e-07
926.2	3.9372e-07
926.4	3.9644e-07
926.6	3.9918e-07
926.8	4.0194e-07
927.0	4.0519e-07
927.2	4.0978e-07
927.4	4.1442e-07
927.6	4.1912e-07
927.8	4.2387e-07
928.0	4.2867e-07
928.2	4.3353e-07
928.4	4.3844e-07
928.6	4.4341e-07
928.8	4.4843e-07
929.0	4.5351e-07
929.2	4.5865e-07
929.4	4.6385e-07
929.6	4.691e-07
929.8	4.7442e-07
930.0	4.7979e-07
930.2	4.8523e-07
930.4	4.9073e-07
930.6	4.9254e-07
930.8	4.8713e-07
931.0	4.8179e-07
931.2	4.765e-07
931.4	4.7127e-07
931.6	4.661e-07
931.8	4.6098e-07
932.0	4.5592e-07
932.2	4.6002e-07
932.4	4.6415e-07
932.6	4.6832e-07
932.8	4.7253e-07
933.0	4.7678e-07
933.2	4.8106e-07
933.4	4.8539e-07
933.6	4.8975e-07
933.8	4.9415e-07
934.0	4.9859e-07
934.2	5.0307e-07
934.4	5.0759e-07
934.6	5.1216e-07
934.8	5.2582e-07
935.0	5.4019e-07
935.2	5.5496e-07
935.4	5.7013e-07
935.6	5.8571e-07
935.8	6.0172e-07
936.0	6.1817e-07
936.2	6.3506e-07
936.4	6.5242e-07
936.6	6.7025e-07
936.8	6.8857e-07
937.0	7.0739e-07
937.2	7.2673e-07
937.4	7.4659e-07
937.6	7.67e-07
937.8	7.8796e-07
938.0	8.095e-07
938.2	8.3152e-07
938.4	8.3263e-07
938.6	8.3375e-07
938.8	8.3487e-07
939.0	8.3599e-07
939.2	8.3711e-07
939.4	8.3823e-07
939.6	8.3936e-07
939.8	8.4048e-07
940.0	8.4161e-07
940.2	8.4274e-07
940.4	8.4387e-07
940.6	8.45e-07
940.8	8.4614e-07
941.0	8.4727e-07
941.2	8.4841e-07
941.4	8.4955e-07
941.6	8.5069e-07
941.8	8.5247e-07
942.0	8.6544e-07
942.2	8.786e-07
942.4	8.9197e-07
942.6	9.0553e-07
942.8	9.1931e-07
943.0	9.3329e-07
943.2	9.4748e-07
943.4	9.6189e-07
943.6	9.7652e-07
943.8	9.9138e-07
944.0	1.0065e-06
944.2	1.0218e-06
944.4	1.0373e-06
944.6	1.0531e-06
944.8	1.0691e-06
945.0	1.0854e-06
945.2	1.1019e-06
945.4	1.1128e-06
945.6	1.0777e-06
945.8	1.0436e-06
946.0	1.0106e-06
946.2	9.7867e-07
946.4	9.4773e-07
946.6	9.1778e-07
946.8	8.8877e-07
947.0	8.6067e-07
947.2	8.3347e-07
947.4	8.0713e-07
947.6	7.8161e-07
947.8	7.5691e-07
948.0	7.3298e-07
948.2	7.0982e-07
948.4	6.8738e-07
948.6	6.6565e-07
948.8	6.4461e-07
949.0	6.2735e-07
949.2	6.2455e-07
949.4	6.2177e-07
949.6	6.1899e-07
949.8	6.1623e-07
950.0	6.1348e-07
950.2	6.1074e-07
950.4	6.0802e-07
950.6	6.0531e-07
950.8	6.0261e-07
951.0	5.9992e-07
951.2	5.9724e-07
951.4	5.9458e-07
951.6	5.9192e-07
951.8	5.8928e-07
952.0	5.8665e-07
952.2	5.8403e-07
952.4	5.8143e-07
952.6	5.7716e-07
952.8	5.682e-07
953.0	5.5938e-07
953.2	5.507e-07
953.4	5.4215e-07
953.6	5.3374e-07
953.8	5.2546e-07
954.0	5.173e-07
954.2	5.0927e-07
954.4	5.0137e-07
954.6	4.9359e-07
954.8	4.8593e-07
955.0	4.7839e-07
955.2	4.7096e-07
955.4	4.6365e-07
955.6	4.5646e-07
955.8	4.4937e-07
956.0	4.424e-07
956.2	4.3135e-07
956.4	4.1296e-07
956.6	3.9534e-07
956.8	3.7848e-07
957.0	3.6234e-07
957.2	3.4688e-07
957.4	3.3209e-07
957.6	3.1793e-07
957.8	3.0437e-07
958.0	2.9138e-07
958.2	2.7896e-07
958.4	2.6706e-07
958.6	2.5567e-07
958.8	2.4476e-07
959.0	2.3432e-07
959.2	2.2433e-07
959.4	2.1476e-07
959.6	2.056e-07
959.8	1.9724e-07
960.0	1.8971e-07
960.2	1.8247e-07
960.4	1.755e-07
960.6	1.688e-07
960.8	1.6236e-07
961.0	1.5616e-07
961.2	1.502e-07
961.4	1.4446e-07
961.6	1.3895e-07
961.8	1.3364e-07
962.0	1.2854e-07
962.2	1.2363e-07
962.4	1.1891e-07
962.6	1.1437e-07
962.8	1.1001e-07
963.0	1.0581e-07
963.2	1.0177e-07
963.4	1.0e-07
963.6	1.0e-07
963.8	1.0e-07
964.0	1.0e-07
964.2	1.0e-07
964.4	1.0e-07
964.6	1.0e-07
964.8	1.0e-07
965.0	1.0e-07
965.2	1.0e-07
965.4	1.0e-07
965.6	1.0e-07
965.8	1.0e-07
966.0	1.0e-07
966.2	1.0e-07
966.4	1.0e-07
966.6	1.0e-07
966.8	1.0e-07
967.0	1.0e-07
967.2	1.0e-07
967.4	1.0e-07
967.6	1.0e-07
967.8	1.0e-07
968.0	1.0e-07
968.2	1.0e-07
968.4	1.0e-07
968.6	1.0e-07
968.8	1.0e-07
969.0	1.0e-07
969.2	1.0e-07
969.4	1.0e-07
969.6	1.0e-07
969.8	1.0e-07
970.0	1.0e-07
970.2	1.0e-07
970.4	1.0e-07
970.6	1.0e-07
970.8	1.0e-07
971.0	1.0e-07
971.2	1.0e-07
971.4	1.0e-07
971.6	1.0e-07
971.8	1.0e-07
972.0	1.0e-07
972.2	1.0e-07
972.4	1.0e-07
972.6	1.0e-07
972.8	1.0e-07
973.0	1.0e-07
973.2	1.0e-07
973.4	1.0e-07
973.6	1.0e-07
973.8	1.0e-07
974.0	1.0e-07
974.2	1.0e-07
974.4	1.0e-07
974.6	1.0e-07
974.8	1.0e-07
975.0	1.0e-07
975.2	1.0e-07
975.4	1.0e-07
975.6	1.0e-07
975.8	1.0e-07
976.0	1.0e-07
976.2	1.0e-07
976.4	1.0e-07
976.6	1.0e-07
976.8	1.0e-07
977.0	1.0e-07
977.2	1.0e-07
977.4	1.0e-07
977.6	1.0e-07
977.8	1.0e-07
978.0	1.0e-07
978.2	1.0e-07
978.4	1.0e-07
978.6	1.0e-07
978.8	1.0e-07
979.0	1.0e-07
979.2	1.0e-07
979.4	1.0e-07
979.6	1.0e-07
979.8	1.0e-07
980.0	1.0e-07
980.2	1.0e-07
980.4	1.0e-07
980.6	1.0e-07
980.8	1.0e-07
981.0	1.0e-07
981.2	1.0e-07
981.4	1.0e-07
981.6	1.0e-07
981.8	1.0e-07
982.0	1.0e-07
982.2	1.0e-07
982.4	1.0e-07
982.6	1.0e-07
982.8	1.0e-07
983.0	1.0e-07
983.2	1.0e-07
983.4	1.0e-07
983.6	1.0e-07
983.8	1.0e-07
984.0	1.0e-07
984.2	1.0e-07
984.4	1.0e-07
984.6	1.0e-07
984.8	1.0e-07
985.0	1.0e-07
985.2	1.0e-07
985.4	1.0e-07
985.6	1.0e-07
985.8	1.0e-07
986.0	1.0e-07
986.2	1.0e-07
986.4	1.0e-07
986.6	1.0e-07
986.8	1.0e-07
987.0	1.0e-07
987.2	1.0e-07
987.4	1.0e-07
987.6	1.0e-07
987.8	1.0e-07
988.0	1.0e-07
988.2	1.0e-07
988.4	1.0e-07
988.6	1.0e-07
988.8	1.0e-07
989.0	1.0e-07
989.2	1.0e-07
989.4	1.0e-07
989.6	1.0e-07
989.8	1.0e-07
990.0	1.0e-07
990.2	1.0e-07
990.4	1.0e-07
990.6	1.0e-07
990.8	1.0e-07
991.0	1.0e-07
991.2	1.0e-07
991.4	1.0e-07
991.6	1.0e-07
991.8	1.0e-07
992.0	1.0e-07
992.2	1.0e-07
992.4	1.0e-07
992.6	1.0e-07
992.8	1.0e-07
993.0	1.0e-07
993.2	1.0e-07
993.4	1.0e-07
993.6	1.0e-07
993.8	1.0e-07
994.0	1.0e-07
994.2	1.0e-07
994.4	1.0e-07
994.6	1.0e-07
994.8	1.0e-07
995.0	1.0e-07
995.2	1.0e-07
995.4	1.0e-07
995.6	1.0e-07
995.8	1.0e-07
996.0	1.0e-07
996.2	1.0e-07
996.4	1.0e-07
996.6	1.0e-07
996.8	1.0e-07
997.0	1.0e-07
997.2	1.0e-07
997.4	1.0e-07
997.6	1.0e-07
997.8	1.0e-07
998.0	1.0e-07
998.2	1.0e-07
998.4	1.0e-07
998.6	1.0e-07
998.8	1.0e-07
999.0	1.0e-07
999.2	1.0e-07
999.4	1.0e-07
999.6	1.0e-07
999.8	1.0e-07
1000.0	1.0e-07
1000.2	1.0e-07
1000.4	1.0e-07
1000.6	1.0e-07
1000.8	1.0e-07
1001.0	1.0e-07
1001.2	1.0279e-07
1001.4	1.064e-07
1001.6	1.1013e-07
1001.8	1.1399e-07
1002.0	1.1798e-07
1002.2	1.2212e-07
1002.4	1.264e-07
1002.6	1.3083e-07
1002.8	1.3541e-07
1003.0	1.4016e-07
1003.2	1.4507e-07
1003.4	1.5016e-07
1003.6	1.5542e-07
1003.8	1.6087e-07
1004.0	1.6651e-07
1004.2	1.7234e-07
1004.4	1.7838e-07
1004.6	1.8464e-07
1004.8	1.871e-07
1005.0	1.8909e-07
1005.2	1.9111e-07
1005.4	1.9315e-07
1005.6	1.9521e-07
1005.8	1.9729e-07
1006.0	1.994e-07
1006.2	2.0153e-07
1006.4	2.0368e-07
1006.6	2.0585e-07
1006.8	2.0805e-07
1007.0	2.1027e-07
1007.2	2.1251e-07
1007.4	2.1478e-07
1007.6	2.1707e-07
1007.8	2.1939e-07
1008.0	2.2173e-07
1008.2	2.2409e-07
1008.4	2.2708e-07
1008.6	2.3012e-07
1008.8	2.3319e-07
1009.0	2.3631e-07
1009.2	2.3947e-07
1009.4	2.4267e-07
1009.6	2.4591e-07
1009.8	2.492e-07
1010.0	2.5253e-07
1010.2	2.559e-07
1010.4	2.5932e-07
1010.6	2.6279e-07
1010.8	2.663e-07
1011.0	2.6986e-07
1011.2	2.7347e-07
1011.4	2.7712e-07
1011.6	2.8082e-07
1011.8	2.854e-07
1012.0	2.9771e-07
1012.2	3.1056e-07
1012.4	3.2395e-07
1012.6	3.3793e-07
1012.8	3.5251e-07
1013.0	3.6771e-07
1013.2	3.8357e-07
1013.4	4.0012e-07
1013.6	4.1738e-07
1013.8	4.3538e-07
1014.0	4.5417e-07
1014.2	4.7376e-07
1014.4	4.9419e-07
1014.6	5.1551e-07
1014.8	5.3775e-07
1015.0	5.6095e-07
1015.2	5.8514e-07
1015.4	6.0009e-07
1015.6	5.7937e-07
1015.8	5.5937e-07
1016.0	5.4007e-07
1016.2	5.2143e-07
1016.4	5.0343e-07
1016.6	4.8605e-07
1016.8	4.6927e-07
1017.0	4.5308e-07
1017.2	4.3744e-07
1017.4	4.2234e-07
1017.6	4.0776e-07
1017.8	3.9369e-07
1018.0	3.801e-07
1018.2	3.6698e-07
1018.4	3.5431e-07
1018.6	3.4208e-07
1018.8	3.3027e-07
1019.0	3.2942e-07
1019.2	3.4949e-07
1019.4	3.7079e-07
1019.6	3.9338e-07
1019.8	4.1736e-07
1020.0	4.4279e-07
1020.2	4.6977e-07
1020.4	4.984e-07
1020.6	5.2877e-07
1020.8	5.6099e-07
1021.0	5.9518e-07
1021.2	6.3145e-07
1021.4	6.6993e-07
1021.6	7.1075e-07
1021.8	7.5407e-07
1022.0	8.0002e-07
1022.2	8.4877e-07
1022.4	9.0049e-07
1022.6	9.3527e-07
1022.8	9.4972e-07
1023.0	9.6439e-07
1023.2	9.7928e-07
1023.4	9.9441e-07
1023.6	1.0098e-06
1023.8	1.0254e-06
1024.0	1.0412e-06
1024.2	1.0573e-06
1024.4	1.0736e-06
1024.6	1.0902e-06
1024.8	1.107e-06
1025.0	1.1241e-06
1025.2	8.3745e-07
1025.4	6.2388e-07
1025.6	4.6478e-07
1025.8	4.9337e-07
1026.0	5.9699e-07
1026.2	7.2237e-07
1026.4	8.7409e-07
1026.6	1.0472e-06
1026.8	1.2197e-06
1027.0	1.4207e-06
1027.2	1.6547e-06
1027.4	1.9273e-06
1027.6	1.9294e-06
1027.8	1.8553e-06
1028.0	1.784e-06
1028.2	1.7155e-06
1028.4	1.6624e-06
1028.6	1.6376e-06
1028.8	1.6131e-06
1029.0	1.5891e-06
1029.2	1.5653e-06
1029.4	1.5014e-06
1029.6	1.4333e-06
1029.8	1.3683e-06
1030.0	1.3063e-06
1030.2	1.312e-06
1030.4	1.4293e-06
1030.6	1.557e-06
1030.8	1.6961e-06
1031.0	1.8476e-06
1031.2	1.9245e-06
1031.4	1.9963e-06
1031.6	2.0708e-06
1031.8	2.1481e-06
1032.0	2.2244e-06
1032.2	2.2984e-06
1032.4	2.3749e-06
1032.6	2.454e-06
1032.8	2.5356e-06
1033.0	2.5425e-06
1033.2	2.5482e-06
1033.4	2.554e-06
1033.6	2.5597e-06
1033.8	2.6617e-06
1034.0	2.8633e-06
1034.2	3.0802e-06
1034.4	3.3135e-06
1034.6	3.5581e-06
1034.8	3.7048e-06
1035.0	3.8575e-06
1035.2	4.0166e-06
1035.4	4.1822e-06
1035.6	3.9115e-06
1035.8	3.3953e-06
1036.0	2.9473e-06
1036.2	2.5584e-06
1036.4	2.288e-06
1036.6	2.5212e-06
1036.8	2.7781e-06
1037.0	3.0612e-06
1037.2	3.3731e-06
1037.4	3.7378e-06
1037.6	4.1541e-06
1037.8	4.6166e-06
1038.0	5.1307e-06
1038.2	5.6096e-06
1038.4	5.7447e-06
1038.6	5.8831e-06
1038.8	6.0248e-06
1039.0	6.17e-06
1039.2	6.2087e-06
1039.4	6.2091e-06
1039.6	6.2096e-06
1039.8	6.2101e-06
1040.0	6.3011e-06
1040.2	6.6418e-06
1040.4	7.0009e-06
1040.6	7.3794e-06
1040.8	7.7784e-06
1041.0	8.0772e-06
1041.2	8.3589e-06
1041.4	8.6505e-06
1041.6	8.9523e-06
1041.8	9.2969e-06
1042.0	9.7162e-06
1042.2	1.0154e-05
1042.4	1.0612e-05
1042.6	1.1091e-05
1042.8	1.176e-05
1043.0	1.249e-05
1043.2	1.3266e-05
1043.4	1.409e-05
1043.6	1.4666e-05
1043.8	1.4869e-05
1044.0	1.5076e-05
1044.2	1.5285e-05
1044.4	1.5497e-05
1044.6	1.6896e-05
1044.8	1.8449e-05
1045.0	2.0145e-05
1045.2	2.1387e-05
1045.4	2.2665e-05
1045.6	2.402e-05
1045.8	2.5455e-05
1046.0	2.6976e-05
1046.2	2.8588e-05
1046.4	3.0372e-05
1046.6	3.2392e-05
1046.8	3.4546e-05
1047.0	3.6844e-05
1047.2	3.9295e-05
1047.4	4.1908e-05
1047.6	4.4696e-05
1047.8	4.8101e-05
1048.0	5.1818e-05
1048.2	5.5822e-05
1048.4	6.0136e-05
1048.6	6.4783e-05
1048.8	6.9789e-05
1049.0	7.5742e-05
1049.2	8.3086e-05
1049.4	9.1143e-05
1049.6	9.998e-05
1049.8	1.0967e-04
1050.0	1.2031e-04
1050.2	1.3197e-04
1050.4	1.4804e-04
1050.6	1.6639e-04
1050.8	1.87e-04
1051.0	2.1018e-04
1051.2	2.3622e-04
1051.4	2.655e-04
1051.6	3.0144e-04
1051.8	3.4687e-04
1052.0	3.9916e-04
1052.2	4.5932e-04
1052.4	5.2855e-04
1052.6	6.0822e-04
1052.8	6.999e-04
1053.0	7.8594e-04
1053.2	8.8132e-04
1053.4	9.8826e-04
1053.6	0.00111
1053.8	0.00124
1054.0	0.00139
1054.2	0.00146
1054.4	0.00141
1054.6	0.00137
1054.8	0.00132
1055.0	0.00128
1055.2	0.00124
1055.4	0.0012
1055.6	0.00107
1055.8	9.497e-04
1056.0	8.4562e-04
1056.2	7.5294e-04
1056.4	6.7043e-04
1056.6	5.9695e-04
1056.8	5.3666e-04
1057.0	4.8721e-04
1057.2	4.4232e-04
1057.4	4.0156e-04
1057.6	3.6456e-04
1057.8	3.3097e-04
1058.0	3.0056e-04
1058.2	2.8066e-04
1058.4	2.6209e-04
1058.6	2.4474e-04
1058.8	2.2854e-04
1059.0	2.1341e-04
1059.2	1.9929e-04
1059.4	1.8768e-04
1059.6	1.7809e-04
1059.8	1.6899e-04
1060.0	1.6035e-04
1060.2	1.5216e-04
1060.4	1.4438e-04
1060.6	1.3708e-04
1060.8	1.3136e-04
1061.0	1.2588e-04
1061.2	1.2063e-04
1061.4	1.1559e-04
1061.6	1.1077e-04
1061.8	1.0615e-04
1062.0	1.0236e-04
1062.2	9.917e-05
1062.4	9.6075e-05
1062.6	9.3077e-05
1062.8	9.0173e-05
1063.0	8.736e-05
1063.2	8.4769e-05
1063.4	8.3446e-05
1063.6	8.2144e-05
1063.8	8.0862e-05
1064.0	7.96e-05
1064.2	7.8358e-05
1064.4	7.7135e-05
1064.6	7.7938e-05
1064.8	7.9992e-05
1065.0	8.21e-05
1065.2	8.0063e-05
1065.4	7.8076e-05
1065.6	7.6138e-05
1065.8	7.4249e-05
1066.0	7.2406e-05
1066.2	7.1805e-05
1066.4	7.1546e-05
1066.6	7.1289e-05
1066.8	7.1033e-05
1067.0	7.0777e-05
1067.2	7.0523e-05
1067.4	7.0269e-05
1067.6	7.0016e-05
1067.8	6.9764e-05
1068.0	6.9513e-05
1068.2	6.9263e-05
1068.4	6.9014e-05
1068.6	6.8766e-05
1068.8	6.8518e-05
1069.0	6.8272e-05
1069.2	6.8026e-05
1069.4	6.7951e-05
1069.6	6.8e-05
1069.8	6.8048e-05
1070.0	6.8096e-05
1070.2	6.8145e-05
1070.4	6.8193e-05
1070.6	6.8242e-05
1070.8	6.829e-05
1071.0	6.8339e-05
1071.2	6.8387e-05
1071.4	6.8436e-05
1071.6	6.8484e-05
1071.8	6.8533e-05
1072.0	6.8582e-05
1072.2	6.863e-05
1072.4	6.8679e-05
1072.6	6.8701e-05
1072.8	6.8679e-05
1073.0	6.8658e-05
1073.2	6.8637e-05
1073.4	6.8615e-05
1073.6	6.8594e-05
1073.8	6.8573e-05
1074.0	6.8551e-05
1074.2	6.853e-05
1074.4	6.8508e-05
1074.6	6.8487e-05
1074.8	6.8466e-05
1075.0	6.8444e-05
1075.2	6.8423e-05
1075.4	6.8402e-05
1075.6	6.838e-05
1075.8	6.8359e-05
1076.0	6.8338e-05
1076.2	6.8316e-05
1076.4	6.8295e-05
1076.6	6.9068e-05
1076.8	7.0148e-05
1077.0	7.1246e-05
1077.2	7.236e-05
1077.4	7.3492e-05
1077.6	7.4642e-05
1077.8	7.581e-05
1078.0	7.6996e-05
1078.2	7.8201e-05
1078.4	7.9424e-05
1078.6	8.0667e-05
1078.8	8.1929e-05
1079.0	8.3211e-05
1079.2	8.4512e-05
1079.4	8.5835e-05
1079.6	8.7178e-05
1079.8	8.8541e-05
1080.0	9.0188e-05
1080.2	9.1944e-05
1080.4	9.3734e-05
1080.6	9.556e-05
1080.8	9.742e-05
1081.0	9.9317e-05
1081.2	1.0125e-04
1081.4	1.0322e-04
1081.6	1.0523e-04
1081.8	1.0728e-04
1082.0	1.0937e-04
1082.2	1.115e-04
1082.4	1.1367e-04
1082.6	1.1589e-04
1082.8	1.1814e-04
1083.0	1.2044e-04
1083.2	1.2279e-04
1083.4	1.2518e-04
1083.6	1.2762e-04
1083.8	1.301e-04
1084.0	1.3264e-04
1084.2	1.3522e-04
1084.4	1.3785e-04
1084.6	1.4054e-04
1084.8	1.4382e-04
1085.0	1.4767e-04
1085.2	1.5163e-04
1085.4	1.5569e-04
1085.6	1.5986e-04
1085.8	1.6414e-04
1086.0	1.6854e-04
1086.2	1.7305e-04
1086.4	1.7769e-04
1086.6	1.8245e-04
1086.8	1.8734e-04
1087.0	1.9236e-04
1087.2	1.9751e-04
1087.4	2.028e-04
1087.6	2.0824e-04
1087.8	2.1381e-04
1088.0	2.1954e-04
1088.2	2.2542e-04
1088.4	2.3146e-04
1088.6	2.3766e-04
1088.8	2.4403e-04
1089.0	2.5057e-04
1089.2	2.5728e-04
1089.4	2.6417e-04
1089.6	2.719e-04
1089.8	2.8147e-04
1090.0	2.9138e-04
1090.2	3.0164e-04
1090.4	3.1225e-04
1090.6	3.2324e-04
1090.8	3.3462e-04
1091.0	3.464e-04
1091.2	3.5859e-04
1091.4	3.7121e-04
1091.6	3.8428e-04
1091.8	3.978e-04
1092.0	4.1181e-04
1092.2	4.263e-04
1092.4	4.413e-04
1092.6	4.5684e-04
1092.8	4.7292e-04
1093.0	4.8956e-04
1093.2	5.0679e-04
1093.4	5.2463e-04
1093.6	5.431e-04
1093.8	5.6221e-04
1094.0	5.82e-04
1094.2	6.0248e-04
1094.4	6.2376e-04
1094.6	6.4751e-04
1094.8	6.7216e-04
1095.0	6.9775e-04
1095.2	7.2432e-04
1095.4	7.519e-04
1095.6	7.8052e-04
1095.8	8.1024e-04
1096.0	8.4109e-04
1096.2	8.7311e-04
1096.4	9.0636e-04
1096.6	9.4086e-04
1096.8	9.7669e-04
1097.0	0.00101
1097.2	0.00105
1097.4	0.00109
1097.6	0.00113
1097.8	0.00118
1098.0	0.00122
1098.2	0.00127
1098.4	0.00132
1098.6	0.00137
1098.8	0.00142
1099.0	0.00147
1099.2	0.00153
1099.4	0.00159
1099.6	0.00165
1099.8	0.00171
1100.0	0.00178
1100.2	0.00184
1100.4	0.00191
1100.6	0.00198
1100.8	0.00204
1101.0	0.0021
1101.2	0.00217
1101.4	0.00224
1101.6	0.00231
1101.8	0.00238
1102.0	0.00245
1102.2	0.00253
1102.4	0.00261
1102.6	0.00269
1102.8	0.00277
1103.0	0.00286
1103.2	0.00295
1103.4	0.00304
1103.6	0.00313
1103.8	0.00323
1104.0	0.00329
1104.2	0.00333
1104.4	0.00337
1104.6	0.0034
1104.8	0.00344
1105.0	0.00348
1105.2	0.00352
1105.4	0.00356
1105.6	0.0036
1105.8	0.00364
1106.0	0.00368
1106.2	0.00372
1106.4	0.00376
1106.6	0.0038
1106.8	0.00384
1107.0	0.00388
1107.2	0.00393
1107.4	0.00397
1107.6	0.00402
1107.8	0.00406
1108.0	0.0041
1108.2	0.00415
1108.4	0.0042
1108.6	0.00424
1108.8	0.00429
1109.0	0.00434