265.0	1.5511e-07
265.2	1.708e-07
265.4	1.8808e-07
265.6	2.0711e-07
265.8	2.2806e-07
266.0	2.5113e-07
266.2	2.7654e-07
266.4	3.0451e-07
266.6	3.3532e-07
266.8	3.6924e-07
267.0	4.066e-07
267.2	4.4773e-07
267.4	4.9303e-07
267.6	5.4291e-07
267.8	5.9783e-07
268.0	6.5831e-07
268.2	7.2491e-07
268.4	7.9825e-07
268.6	8.7901e-07
268.8	9.6794e-07
269.0	1.0659e-06
269.2	1.1737e-06
269.4	1.2873e-06
269.6	9.5102e-07
269.8	7.026e-07
270.0	5.1907e-07
270.2	4.7617e-07
270.4	4.3682e-07
270.6	4.0073e-07
270.8	3.6761e-07
271.0	3.3723e-07
271.2	3.0937e-07
271.4	2.838e-07
271.6	2.6035e-07
271.8	2.3883e-07
272.0	2.191e-07
272.2	2.0099e-07
272.4	1.8438e-07
272.6	1.6915e-07
272.8	1.5517e-07
273.0	1.4235e-07
273.2	1.3058e-07
273.4	1.332e-07
273.6	1.3767e-07
273.8	1.4228e-07
274.0	1.4705e-07
274.2	1.5198e-07
274.4	1.5708e-07
274.6	1.6235e-07
274.8	1.6779e-07
275.0	1.7341e-07
275.2	1.7923e-07
275.4	1.8524e-07
275.6	1.9145e-07
275.8	1.9786e-07
276.0	2.045e-07
276.2	2.1135e-07
276.4	2.1844e-07
276.6	2.2576e-07
276.8	2.3333e-07
277.0	2.4115e-07
277.2	2.4924e-07
277.4	2.576e-07
277.6	2.6623e-07
277.8	2.7516e-07
278.0	2.7196e-07
278.2	2.6024e-07
278.4	2.4903e-07
278.6	2.383e-07
278.8	2.2804e-07
279.0	2.1821e-07
279.2	2.0881e-07
279.4	1.9982e-07
279.6	1.9121e-07
279.8	1.8297e-07
280.0	1.7509e-07
280.2	1.6755e-07
280.4	1.6033e-07
280.6	1.5342e-07
280.8	1.4681e-07
281.0	1.4049e-07
281.2	1.3444e-07
281.4	1.2864e-07
281.6	1.231e-07
281.8	1.178e-07
282.0	1.1272e-07
282.2	1.0787e-07
282.4	1.0322e-07
282.6	1.0017e-07
282.8	1.008e-07
283.0	1.0142e-07
283.2	1.0205e-07
283.4	1.0268e-07
283.6	1.0332e-07
283.8	1.0396e-07
284.0	1.0461e-07
284.2	1.0526e-07
284.4	1.0591e-07
284.6	1.0657e-07
284.8	1.0723e-07
285.0	1.0789e-07
285.2	1.0971e-07
285.4	1.1155e-07
285.6	1.1342e-07
285.8	1.1532e-07
286.0	1.1726e-07
286.2	1.1923e-07
286.4	1.2123e-07
286.6	1.2326e-07
286.8	1.2533e-07
287.0	1.2743e-07
287.2	1.2957e-07
287.4	1.3175e-07
287.6	1.3396e-07
287.8	1.3621e-07
288.0	1.3576e-07
288.2	1.3394e-07
288.4	1.3214e-07
288.6	1.3037e-07
288.8	1.2862e-07
289.0	1.2689e-07
289.2	1.2519e-07
289.4	1.2351e-07
289.6	1.2185e-07
289.8	1.2022e-07
290.0	1.186e-07
290.2	1.1701e-07
290.4	1.1544e-07
290.6	1.1389e-07
290.8	1.1236e-07
291.0	1.1085e-07
291.2	1.0937e-07
291.4	1.079e-07
291.6	1.0645e-07
291.8	1.0502e-07
292.0	1.0361e-07
292.2	1.0222e-07
292.4	1.0085e-07
292.6	1.0e-07
292.8	1.0e-07
293.0	1.0e-07
293.2	1.0e-07
293.4	1.0e-07
293.6	1.0e-07
293.8	1.0e-07
294.0	1.0e-07
294.2	1.0e-07
294.4	1.0e-07
294.6	1.0e-07
294.8	1.0e-07
295.0	1.0e-07
295.2	1.0e-07
295.4	1.0e-07
295.6	1.0e-07
295.8	1.0e-07
296.0	1.0e-07
296.2	1.0e-07
296.4	1.0e-07
296.6	1.0e-07
296.8	1.0e-07
297.0	1.0e-07
297.2	1.0e-07
297.4	1.0e-07
297.6	1.0e-07
297.8	1.0e-07
298.0	1.0e-07
298.2	1.0e-07
298.4	1.0e-07
298.6	1.0e-07
298.8	1.0e-07
299.0	1.0e-07
299.2	1.0e-07
299.4	1.0e-07
299.6	1.0e-07
299.8	1.0e-07
300.0	1.0e-07
300.2	1.0e-07
300.4	1.0e-07
300.6	1.0e-07
300.8	1.0e-07
301.0	1.0e-07
301.2	1.0e-07
301.4	1.0e-07
301.6	1.0e-07
301.8	1.0e-07
302.0	1.0e-07
302.2	1.0e-07
302.4	1.0e-07
302.6	1.0e-07
302.8	1.0e-07
303.0	1.0e-07
303.2	1.0e-07
303.4	1.0e-07
303.6	1.0e-07
303.8	1.0e-07
304.0	1.0e-07
304.2	1.0e-07
304.4	1.0e-07
304.6	1.0e-07
304.8	1.0e-07
305.0	1.0e-07
305.2	1.0e-07
305.4	1.0e-07
305.6	1.0e-07
305.8	1.0e-07
306.0	1.0e-07
306.2	1.0e-07
306.4	1.0e-07
306.6	1.0e-07
306.8	1.0e-07
307.0	1.0e-07
307.2	1.0e-07
307.4	1.0e-07
307.6	1.0e-07
307.8	1.0e-07
308.0	1.0e-07
308.2	1.0e-07
308.4	1.0e-07
308.6	1.0e-07
308.8	1.0e-07
309.0	1.0e-07
309.2	1.0e-07
309.4	1.0e-07
309.6	1.0e-07
309.8	1.0e-07
310.0	1.0e-07
310.2	1.0e-07
310.4	1.0e-07
310.6	1.0e-07
310.8	1.0e-07
311.0	1.0e-07
311.2	1.0e-07
311.4	1.0e-07
311.6	1.0e-07
311.8	1.0e-07
312.0	1.0e-07
312.2	1.0e-07
312.4	1.0e-07
312.6	1.0e-07
312.8	1.0e-07
313.0	1.0e-07
313.2	1.0e-07
313.4	1.0e-07
313.6	1.0e-07
313.8	1.0e-07
314.0	1.0e-07
314.2	1.0e-07
314.4	1.0e-07
314.6	1.0e-07
314.8	1.0e-07
315.0	1.0e-07
315.2	1.0e-07
315.4	1.0e-07
315.6	1.0e-07
315.8	1.0e-07
316.0	1.0e-07
316.2	1.0e-07
316.4	1.0e-07
316.6	1.0e-07
316.8	1.0e-07
317.0	1.0e-07
317.2	1.0e-07
317.4	1.0e-07
317.6	1.0e-07
317.8	1.0e-07
318.0	1.0e-07
318.2	1.0e-07
318.4	1.0e-07
318.6	1.0e-07
318.8	1.0e-07
319.0	1.0e-07
319.2	1.0e-07
319.4	1.0e-07
319.6	1.0e-07
319.8	1.0e-07
320.0	1.0e-07
320.2	1.0e-07
320.4	1.0e-07
320.6	1.0e-07
320.8	1.0e-07
321.0	1.0e-07
321.2	1.0e-07
321.4	1.0e-07
321.6	1.0e-07
321.8	1.0e-07
322.0	1.0e-07
322.2	1.0e-07
322.4	1.0e-07
322.6	1.0e-07
322.8	1.0e-07
323.0	1.0e-07
323.2	1.0e-07
323.4	1.0e-07
323.6	1.0e-07
323.8	1.0e-07
324.0	1.0e-07
324.2	1.0e-07
324.4	1.0e-07
324.6	1.0e-07
324.8	1.0e-07
325.0	1.0e-07
325.2	1.0e-07
325.4	1.0e-07
325.6	1.0e-07
325.8	1.0e-07
326.0	1.0e-07
326.2	1.0e-07
326.4	1.0e-07
326.6	1.0e-07
326.8	1.0e-07
327.0	1.0e-07
327.2	1.0e-07
327.4	1.0e-07
327.6	1.0e-07
327.8	1.0e-07
328.0	1.0e-07
328.2	1.0e-07
328.4	1.0e-07
328.6	1.0e-07
328.8	1.0e-07
329.0	1.0e-07
329.2	1.0e-07
329.4	1.0e-07
329.6	1.0e-07
329.8	1.0e-07
330.0	1.0e-07
330.2	1.0e-07
330.4	1.0e-07
330.6	1.0e-07
330.8	1.0e-07
331.0	1.0e-07
331.2	1.0e-07
331.4	1.0e-07
331.6	1.0e-07
331.8	1.0e-07
332.0	1.0e-07
332.2	1.0e-07
332.4	1.0e-07
332.6	1.0e-07
332.8	1.0e-07
333.0	1.0e-07
333.2	1.0e-07
333.4	1.0e-07
333.6	1.0e-07
333.8	1.0e-07
334.0	1.0e-07
334.2	1.0e-07
334.4	1.0e-07
334.6	1.0e-07
334.8	1.0e-07
335.0	1.0e-07
335.2	1.0e-07
335.4	1.0e-07
335.6	1.0e-07
335.8	1.0e-07
336.0	1.0e-07
336.2	1.0e-07
336.4	1.0e-07
336.6	1.0e-07
336.8	1.0e-07
337.0	1.0e-07
337.2	1.0e-07
337.4	1.0e-07
337.6	1.0e-07
337.8	1.0e-07
338.0	1.0e-07
338.2	1.0e-07
338.4	1.0e-07
338.6	1.0e-07
338.8	1.0e-07
339.0	1.0e-07
339.2	1.0e-07
339.4	1.0e-07
339.6	1.0e-07
339.8	1.0e-07
340.0	1.0e-07
340.2	1.0e-07
340.4	1.0e-07
340.6	1.0e-07
340.8	1.0e-07
341.0	1.0e-07
341.2	1.0e-07
341.4	1.0e-07
341.6	1.0e-07
341.8	1.0e-07
342.0	1.0e-07
342.2	1.0e-07
342.4	1.0e-07
342.6	1.0e-07
342.8	1.0e-07
343.0	1.0e-07
343.2	1.0e-07
343.4	1.0e-07
343.6	1.0e-07
343.8	1.0e-07
344.0	1.0e-07
344.2	1.0e-07
344.4	1.0e-07
344.6	1.0e-07
344.8	1.0e-07
345.0	1.0e-07
345.2	1.0e-07
345.4	1.0e-07
345.6	1.0e-07
345.8	1.0e-07
346.0	1.0e-07
346.2	1.0e-07
346.4	1.0e-07
346.6	1.0e-07
346.8	1.0e-07
347.0	1.0e-07
347.2	1.0e-07
347.4	1.0e-07
347.6	1.0e-07
347.8	1.0e-07
348.0	1.0e-07
348.2	1.0e-07
348.4	1.0e-07
348.6	1.0e-07
348.8	1.0e-07
349.0	1.0e-07
349.2	1.0e-07
349.4	1.0e-07
349.6	1.0e-07
349.8	1.0e-07
350.0	1.0e-07
350.2	1.0e-07
350.4	1.0e-07
350.6	1.0e-07
350.8	1.0e-07
351.0	1.0e-07
351.2	1.0e-07
351.4	1.0e-07
351.6	1.0e-07
351.8	1.0e-07
352.0	1.0e-07
352.2	1.0e-07
352.4	1.0e-07
352.6	1.0e-07
352.8	1.0e-07
353.0	1.0e-07
353.2	1.0e-07
353.4	1.0e-07
353.6	1.0e-07
353.8	1.0e-07
354.0	1.0e-07
354.2	1.0e-07
354.4	1.0e-07
354.6	1.0e-07
354.8	1.0e-07
355.0	1.0e-07
355.2	1.0e-07
355.4	1.0e-07
355.6	1.0e-07
355.8	1.0e-07
356.0	1.0e-07
356.2	1.0e-07
356.4	1.0e-07
356.6	1.0e-07
356.8	1.0e-07
357.0	1.0e-07
357.2	1.0e-07
357.4	1.0e-07
357.6	1.0e-07
357.8	1.0e-07
358.0	1.0e-07
358.2	1.0e-07
358.4	1.0e-07
358.6	1.0e-07
358.8	1.0e-07
359.0	1.0e-07
359.2	1.0e-07
359.4	1.0e-07
359.6	1.0e-07
359.8	1.0e-07
360.0	1.0e-07
360.2	1.0e-07
360.4	1.0e-07
360.6	1.0e-07
360.8	1.0e-07
361.0	1.0e-07
361.2	1.0e-07
361.4	1.0e-07
361.6	1.0e-07
361.8	1.0e-07
362.0	1.0e-07
362.2	1.0e-07
362.4	1.0e-07
362.6	1.0e-07
362.8	1.0e-07
363.0	1.0e-07
363.2	1.0e-07
363.4	1.0e-07
363.6	1.0e-07
363.8	1.0e-07
364.0	1.0e-07
364.2	1.0e-07
364.4	1.0e-07
364.6	1.0e-07
364.8	1.0e-07
365.0	1.0e-07
365.2	1.0e-07
365.4	1.0e-07
365.6	1.0e-07
365.8	1.0e-07
366.0	1.0e-07
366.2	1.0e-07
366.4	1.0e-07
366.6	1.0e-07
366.8	1.0e-07
367.0	1.0e-07
367.2	1.0e-07
367.4	1.0e-07
367.6	1.0e-07
367.8	1.0e-07
368.0	1.0e-07
368.2	1.0e-07
368.4	1.0e-07
368.6	1.0e-07
368.8	1.0e-07
369.0	1.0e-07
369.2	1.0e-07
369.4	1.0e-07
369.6	1.0e-07
369.8	1.0e-07
370.0	1.0e-07
370.2	1.0e-07
370.4	1.0e-07
370.6	1.0e-07
370.8	1.0e-07
371.0	1.0e-07
371.2	1.0e-07
371.4	1.0e-07
371.6	1.0e-07
371.8	1.0e-07
372.0	1.0e-07
372.2	1.0e-07
372.4	1.0e-07
372.6	1.0e-07
372.8	1.0e-07
373.0	1.0e-07
373.2	1.0e-07
373.4	1.0e-07
373.6	1.0e-07
373.8	1.0e-07
374.0	1.0e-07
374.2	1.0e-07
374.4	1.0e-07
374.6	1.0e-07
374.8	1.0e-07
375.0	1.0e-07
375.2	1.0e-07
375.4	1.0e-07
375.6	1.0e-07
375.8	1.0e-07
376.0	1.0e-07
376.2	1.0e-07
376.4	1.0e-07
376.6	1.0e-07
376.8	1.0e-07
377.0	1.0e-07
377.2	1.0e-07
377.4	1.0e-07
377.6	1.0e-07
377.8	1.0e-07
378.0	1.0e-07
378.2	1.0e-07
378.4	1.0e-07
378.6	1.0e-07
378.8	1.0e-07
379.0	1.0e-07
379.2	1.0e-07
379.4	1.0e-07
379.6	1.0e-07
379.8	1.0e-07
380.0	1.0e-07
380.2	1.0e-07
380.4	1.0e-07
380.6	1.0e-07
380.8	1.0e-07
381.0	1.0e-07
381.2	1.0e-07
381.4	1.0e-07
381.6	1.0e-07
381.8	1.0e-07
382.0	1.0e-07
382.2	1.0e-07
382.4	1.0e-07
382.6	1.0e-07
382.8	1.0e-07
383.0	1.0e-07
383.2	1.0e-07
383.4	1.0e-07
383.6	1.0e-07
383.8	1.0e-07
384.0	1.0e-07
384.2	1.0e-07
384.4	1.0e-07
384.6	1.0e-07
384.8	1.0e-07
385.0	1.0e-07
385.2	1.0e-07
385.4	1.0e-07
385.6	1.0e-07
385.8	1.0e-07
386.0	1.0e-07
386.2	1.0e-07
386.4	1.0e-07
386.6	1.0e-07
386.8	1.0e-07
387.0	1.0e-07
387.2	1.0e-07
387.4	1.0e-07
387.6	1.0e-07
387.8	1.0e-07
388.0	1.0e-07
388.2	1.0e-07
388.4	1.0e-07
388.6	1.0e-07
388.8	1.0e-07
389.0	1.0e-07
389.2	1.0e-07
389.4	1.0e-07
389.6	1.0e-07
389.8	1.0e-07
390.0	1.0e-07
390.2	1.0e-07
390.4	1.0e-07
390.6	1.0e-07
390.8	1.0e-07
391.0	1.0e-07
391.2	1.0e-07
391.4	1.0e-07
391.6	1.0e-07
391.8	1.0e-07
392.0	1.0e-07
392.2	1.0e-07
392.4	1.0e-07
392.6	1.0e-07
392.8	1.0e-07
393.0	1.0e-07
393.2	1.0e-07
393.4	1.0e-07
393.6	1.0e-07
393.8	1.0e-07
394.0	1.0e-07
394.2	1.0e-07
394.4	1.0e-07
394.6	1.0e-07
394.8	1.0e-07
395.0	1.0e-07
395.2	1.0e-07
395.4	1.0e-07
395.6	1.0e-07
395.8	1.0e-07
396.0	1.0e-07
396.2	1.0e-07
396.4	1.0e-07
396.6	1.0e-07
396.8	1.0e-07
397.0	1.0e-07
397.2	1.0e-07
397.4	1.0e-07
397.6	1.0e-07
397.8	1.0e-07
398.0	1.0e-07
398.2	1.0e-07
398.4	1.0e-07
398.6	1.0e-07
398.8	1.0e-07
399.0	1.0e-07
399.2	1.0e-07
399.4	1.0e-07
399.6	1.0e-07
399.8	1.0e-07
400.0	1.0e-07
400.2	1.0e-07
400.4	1.0e-07
400.6	1.0e-07
400.8	1.0e-07
401.0	1.0e-07
401.2	1.0e-07
401.4	1.0e-07
401.6	1.0e-07
401.8	1.0e-07
402.0	1.0e-07
402.2	1.0e-07
402.4	1.0e-07
402.6	1.0e-07
402.8	1.0e-07
403.0	1.0e-07
403.2	1.0e-07
403.4	1.0e-07
403.6	1.0e-07
403.8	1.0e-07
404.0	1.0e-07
404.2	1.0e-07
404.4	1.0e-07
404.6	1.0e-07
404.8	1.0e-07
405.0	1.0e-07
405.2	1.0e-07
405.4	1.0e-07
405.6	1.0e-07
405.8	1.0e-07
406.0	1.0e-07
406.2	1.0e-07
406.4	1.0e-07
406.6	1.0e-07
406.8	1.0e-07
407.0	1.0e-07
407.2	1.0e-07
407.4	1.0e-07
407.6	1.0e-07
407.8	1.0e-07
408.0	1.0e-07
408.2	1.0e-07
408.4	1.0e-07
408.6	1.0e-07
408.8	1.0e-07
409.0	1.0e-07
409.2	1.0e-07
409.4	1.0e-07
409.6	1.0e-07
409.8	1.0e-07
410.0	1.0e-07
410.2	1.0e-07
410.4	1.0e-07
410.6	1.0e-07
410.8	1.0e-07
411.0	1.0e-07
411.2	1.0e-07
411.4	1.0e-07
411.6	1.0e-07
411.8	1.0e-07
412.0	1.0e-07
412.2	1.0e-07
412.4	1.0e-07
412.6	1.0e-07
412.8	1.0e-07
413.0	1.0e-07
413.2	1.0e-07
413.4	1.0e-07
413.6	1.0e-07
413.8	1.0e-07
414.0	1.0e-07
414.2	1.0e-07
414.4	1.0e-07
414.6	1.0e-07
414.8	1.0e-07
415.0	1.0e-07
415.2	1.0e-07
415.4	1.0e-07
415.6	1.0e-07
415.8	1.0e-07
416.0	1.0e-07
416.2	1.0e-07
416.4	1.0e-07
416.6	1.0e-07
416.8	1.0e-07
417.0	1.0e-07
417.2	1.0e-07
417.4	1.0e-07
417.6	1.0e-07
417.8	1.0e-07
418.0	1.0e-07
418.2	1.0e-07
418.4	1.0e-07
418.6	1.0e-07
418.8	1.0e-07
419.0	1.0e-07
419.2	1.0e-07
419.4	1.0e-07
419.6	1.0e-07
419.8	1.0e-07
420.0	1.0e-07
420.2	1.0e-07
420.4	1.0e-07
420.6	1.0e-07
420.8	1.0e-07
421.0	1.0e-07
421.2	1.0e-07
421.4	1.0e-07
421.6	1.0e-07
421.8	1.0e-07
422.0	1.0e-07
422.2	1.0e-07
422.4	1.0e-07
422.6	1.0e-07
422.8	1.0e-07
423.0	1.0e-07
423.2	1.0e-07
423.4	1.0e-07
423.6	1.0e-07
423.8	1.0e-07
424.0	1.0e-07
424.2	1.0e-07
424.4	1.0e-07
424.6	1.0e-07
424.8	1.0e-07
425.0	1.0e-07
425.2	1.0e-07
425.4	1.0e-07
425.6	1.0e-07
425.8	1.0e-07
426.0	1.0e-07
426.2	1.0e-07
426.4	1.0e-07
426.6	1.0e-07
426.8	1.0e-07
427.0	1.0e-07
427.2	1.0e-07
427.4	1.0e-07
427.6	1.0e-07
427.8	1.0e-07
428.0	1.0e-07
428.2	1.0e-07
428.4	1.0e-07
428.6	1.0e-07
428.8	1.0e-07
429.0	1.0e-07
429.2	1.0e-07
429.4	1.0e-07
429.6	1.0e-07
429.8	1.0e-07
430.0	1.0e-07
430.2	1.0e-07
430.4	1.0e-07
430.6	1.0e-07
430.8	1.0e-07
431.0	1.0e-07
431.2	1.0e-07
431.4	1.0e-07
431.6	1.0e-07
431.8	1.0e-07
432.0	1.0e-07
432.2	1.0e-07
432.4	1.0e-07
432.6	1.0e-07
432.8	1.0e-07
433.0	1.0e-07
433.2	1.0e-07
433.4	1.0e-07
433.6	1.0e-07
433.8	1.0e-07
434.0	1.0e-07
434.2	1.0e-07
434.4	1.0e-07
434.6	1.0e-07
434.8	1.0e-07
435.0	1.0e-07
435.2	1.0e-07
435.4	1.0e-07
435.6	1.0e-07
435.8	1.0e-07
436.0	1.0e-07
436.2	1.0e-07
436.4	1.0e-07
436.6	1.0e-07
436.8	1.0e-07
437.0	1.0e-07
437.2	1.0e-07
437.4	1.0e-07
437.6	1.0e-07
437.8	1.0e-07
438.0	1.0e-07
438.2	1.0e-07
438.4	1.0e-07
438.6	1.0e-07
438.8	1.0e-07
439.0	1.0e-07
439.2	1.0e-07
439.4	1.0e-07
439.6	1.0e-07
439.8	1.0e-07
440.0	1.0e-07
440.2	1.0e-07
440.4	1.0e-07
440.6	1.0e-07
440.8	1.0e-07
441.0	1.0e-07
441.2	1.0e-07
441.4	1.0e-07
441.6	1.0e-07
441.8	1.0e-07
442.0	1.0e-07
442.2	1.0e-07
442.4	1.0e-07
442.6	1.0e-07
442.8	1.0e-07
443.0	1.0e-07
443.2	1.0e-07
443.4	1.0e-07
443.6	1.0e-07
443.8	1.0e-07
444.0	1.0e-07
444.2	1.0e-07
444.4	1.0e-07
444.6	1.0e-07
444.8	1.0e-07
445.0	1.0e-07
445.2	1.0e-07
445.4	1.0e-07
445.6	1.0e-07
445.8	1.0e-07
446.0	1.0e-07
446.2	1.0e-07
446.4	1.0e-07
446.6	1.0e-07
446.8	1.0e-07
447.0	1.0e-07
447.2	1.0e-07
447.4	1.0e-07
447.6	1.0e-07
447.8	1.0e-07
448.0	1.0e-07
448.2	1.0e-07
448.4	1.0e-07
448.6	1.0e-07
448.8	1.0e-07
449.0	1.0e-07
449.2	1.0e-07
449.4	1.0e-07
449.6	1.0e-07
449.8	1.0e-07
450.0	1.0e-07
450.2	1.0e-07
450.4	1.0e-07
450.6	1.0e-07
450.8	1.0e-07
451.0	1.0e-07
451.2	1.0e-07
451.4	1.0e-07
451.6	1.0e-07
451.8	1.0e-07
452.0	1.0e-07
452.2	1.0e-07
452.4	1.0e-07
452.6	1.0e-07
452.8	1.0e-07
453.0	1.0e-07
453.2	1.0e-07
453.4	1.0e-07
453.6	1.0e-07
453.8	1.0e-07
454.0	1.0e-07
454.2	1.0e-07
454.4	1.0e-07
454.6	1.0e-07
454.8	1.0e-07
455.0	1.0e-07
455.2	1.0e-07
455.4	1.0e-07
455.6	1.0e-07
455.8	1.0e-07
456.0	1.0e-07
456.2	1.0e-07
456.4	1.0e-07
456.6	1.0e-07
456.8	1.0e-07
457.0	1.0e-07
457.2	1.0e-07
457.4	1.0e-07
457.6	1.0e-07
457.8	1.0e-07
458.0	1.0e-07
458.2	1.0e-07
458.4	1.0e-07
458.6	1.0e-07
458.8	1.0e-07
459.0	1.0e-07
459.2	1.0e-07
459.4	1.0e-07
459.6	1.0e-07
459.8	1.0e-07
460.0	1.0e-07
460.2	1.0e-07
460.4	1.0e-07
460.6	1.0e-07
460.8	1.0e-07
461.0	1.0e-07
461.2	1.0e-07
461.4	1.0e-07
461.6	1.0e-07
461.8	1.0e-07
462.0	1.0e-07
462.2	1.0e-07
462.4	1.0e-07
462.6	1.0e-07
462.8	1.0e-07
463.0	1.0e-07
463.2	1.0e-07
463.4	1.0e-07
463.6	1.0e-07
463.8	1.0e-07
464.0	1.0e-07
464.2	1.0e-07
464.4	1.0e-07
464.6	1.0e-07
464.8	1.0e-07
465.0	1.0e-07
465.2	1.0e-07
465.4	1.0e-07
465.6	1.0e-07
465.8	1.0e-07
466.0	1.0041e-07
466.2	1.0178e-07
466.4	1.0317e-07
466.6	1.0457e-07
466.8	1.06e-07
467.0	1.0745e-07
467.2	1.0891e-07
467.4	1.104e-07
467.6	1.1462e-07
467.8	1.2841e-07
468.0	1.4385e-07
468.2	1.3266e-07
468.4	1.1343e-07
468.6	1.0307e-07
468.8	1.1131e-07
469.0	2.7987e-07
469.2	4.2618e-07
469.4	1.498e-07
469.6	3.3295e-07
469.8	1.4484e-07
470.0	1.0854e-07
470.2	1.2899e-07
470.4	2.9148e-07
470.6	1.7077e-07
470.8	1.0368e-07
471.0	2.1044e-07
471.2	3.0024e-07
471.4	1.1048e-07
471.6	1.001e-07
471.8	1.9505e-07
472.0	1.0e-07
472.2	1.579e-07
472.4	1.5405e-07
472.6	1.8134e-07
472.8	1.0e-07
473.0	1.0e-07
473.2	1.0e-07
473.4	1.0e-07
473.6	1.0e-07
473.8	1.1927e-07
474.0	3.1309e-07
474.2	1.1942e-07
474.4	1.8551e-07
474.6	1.0e-07
474.8	1.0e-07
475.0	1.5214e-07
475.2	1.0624e-07
475.4	1.0e-07
475.6	1.0e-07
475.8	1.0e-07
476.0	1.0e-07
476.2	1.0166e-07
476.4	3.025e-07
476.6	2.1977e-07
476.8	1.2003e-07
477.0	1.0e-07
477.2	1.1535e-07
477.4	1.487e-07
477.6	1.0e-07
477.8	1.7266e-07
478.0	1.0234e-07
478.2	1.1344e-07
478.4	1.2575e-07
478.6	1.2055e-07
478.8	1.0875e-07
479.0	1.0601e-07
479.2	1.4531e-07
479.4	1.981e-07
479.6	2.6946e-07
479.8	3.1487e-07
480.0	1.9652e-07
480.2	1.2266e-07
480.4	1.4575e-07
480.6	1.9666e-07
480.8	1.4628e-07
481.0	1.088e-07
481.2	1.5182e-07
481.4	2.7221e-07
481.6	4.2905e-07
481.8	2.1236e-07
482.0	5.5824e-07
482.2	1.4846e-07
482.4	3.8882e-07
482.6	4.7784e-07
482.8	7.0504e-07
483.0	3.389e-07
483.2	5.0947e-07
483.4	4.8656e-07
483.6	4.6468e-07
483.8	4.8067e-07
484.0	5.1329e-07
484.2	5.2081e-07
484.4	4.2789e-07
484.6	3.4346e-07
484.8	2.7308e-07
485.0	2.44e-07
485.2	3.5862e-07
485.4	5.2708e-07
485.6	7.1364e-07
485.8	8.9438e-07
486.0	9.8049e-07
486.2	1.0749e-06
486.4	1.3167e-06
486.6	1.6894e-06
486.8	2.2581e-06
487.0	3.6135e-06
487.2	5.6187e-06
487.4	8.6273e-06
487.6	1.3488e-05
487.8	2.2955e-05
488.0	3.9068e-05
488.2	2.8137e-04
488.4	4.1148e-04
488.6	5.8391e-04
488.8	8.904e-04
489.0	0.00142
489.2	0.00259
489.4	0.00523
489.6	0.01642
489.8	0.03442
490.0	0.08443
490.2	0.22248
490.4	0.50883
490.6	0.81262
490.8	0.94691
491.0	0.96035
491.2	0.95976
491.4	0.96359
491.6	0.96995
491.8	0.97189
492.0	0.9731
492.2	0.97186
492.4	0.97091
492.6	0.96949
492.8	0.96772
493.0	0.96828
493.2	0.96784
493.4	0.96961
493.6	0.9707
493.8	0.97185
494.0	0.97285
494.2	0.97351
494.4	0.97263
494.6	0.97062
494.8	0.96908
495.0	0.96806
495.2	0.96825
495.4	0.96902
495.6	0.97034
495.8	0.97176
496.0	0.97117
496.2	0.97236
496.4	0.97125
496.6	0.96904
496.8	0.96722
497.0	0.96714
497.2	0.96618
497.4	0.96705
497.6	0.96896
497.8	0.97059
498.0	0.9719
498.2	0.97268
498.4	0.97229
498.6	0.96988
498.8	0.96648
499.0	0.96388
499.2	0.96362
499.4	0.96326
499.6	0.96541
499.8	0.96827
500.0	0.96913
500.2	0.97009
500.4	0.97149
500.6	0.96881
500.8	0.96646
501.0	0.96446
501.2	0.96229
501.4	0.96096
501.6	0.96113
501.8	0.96162
502.0	0.96171
502.2	0.96425
502.4	0.96472
502.6	0.96503
502.8	0.96489
503.0	0.96251
503.2	0.96035
503.4	0.96102
503.6	0.96133
503.8	0.9627
504.0	0.96438
504.2	0.96576
504.4	0.966
504.6	0.96557
504.8	0.96502
505.0	0.96417
505.2	0.96259
505.4	0.96211
505.6	0.96285
505.8	0.96397
506.0	0.96549
506.2	0.96631
506.4	0.96568
506.6	0.96449
506.8	0.96291
507.0	0.96041
507.2	0.95982
507.4	0.95954
507.6	0.96005
507.8	0.96215
508.0	0.96414
508.2	0.965
508.4	0.96488
508.6	0.96333
508.8	0.96224
509.0	0.96108
509.2	0.9596
509.4	0.96068
509.6	0.96284
509.8	0.96439
510.0	0.96573
510.2	0.96618
510.4	0.96425
510.6	0.96304
510.8	0.96173
511.0	0.962
511.2	0.9631
511.4	0.96479
511.6	0.96569
511.8	0.9652
512.0	0.96343
512.2	0.96105
512.4	0.95969
512.6	0.96051
512.8	0.96132
513.0	0.96354
513.2	0.96512
513.4	0.96428
513.6	0.96225
513.8	0.95953
514.0	0.9581
514.2	0.95876
514.4	0.95872
514.6	0.9592
514.8	0.95771
515.0	0.95597
515.2	0.95443
515.4	0.95495
515.6	0.95718
515.8	0.95836
516.0	0.95689
516.2	0.95091
516.4	0.94665
516.6	0.94531
516.8	0.94579
517.0	0.94476
517.2	0.94713
517.4	0.94329
517.6	0.94323
517.8	0.93281
518.0	0.88814
518.2	0.66638
518.4	0.24138
518.6	0.05233
518.8	0.00889
519.0	0.00182
519.2	6.9777e-04
519.4	3.1374e-04
519.6	1.7772e-04
519.8	1.004e-04
520.0	2.8026e-05
520.2	7.872e-06
520.4	2.2111e-06
520.6	1.2213e-06
520.8	8.8917e-07
521.0	6.7941e-07
521.2	6.5331e-07
521.4	7.4133e-07
521.6	4.3756e-07
521.8	6.2327e-07
522.0	4.9228e-07
522.2	4.945e-07
522.4	4.5371e-07
522.6	2.3276e-07
522.8	1.6121e-07
523.0	1.1165e-07
523.2	1.3864e-07
523.4	2.211e-07
523.6	2.8134e-07
523.8	1.3239e-07
524.0	1.3804e-07
524.2	1.9318e-07
524.4	2.5395e-07
524.6	2.6747e-07
524.8	2.817e-07
525.0	1.807e-07
525.2	1.16e-07
525.4	1.713e-07
525.6	2.5296e-07
525.8	2.1853e-07
526.0	1.4753e-07
526.2	1.0586e-07
526.4	1.0127e-07
526.6	1.291e-07
526.8	1.8452e-07
527.0	2.563e-07
527.2	3.1754e-07
527.4	3.934e-07
527.6	4.5072e-07
527.8	4.364e-07
528.0	2.3502e-07
528.2	1.2657e-07
528.4	1.4261e-07
528.6	2.2927e-07
528.8	3.1506e-07
529.0	1.9574e-07
529.2	2.0005e-07
529.4	2.5308e-07
529.6	3.0636e-07
529.8	3.0738e-07
530.0	3.0841e-07
530.2	1.8399e-07
530.4	1.0e-07
530.6	1.0e-07
530.8	1.0e-07
531.0	1.0e-07
531.2	1.0e-07
531.4	1.0e-07
531.6	1.0e-07
531.8	1.2884e-07
532.0	1.8364e-07
532.2	2.4613e-07
532.4	2.5988e-07
532.6	2.7441e-07
532.8	1.7204e-07
533.0	1.0496e-07
533.2	1.3076e-07
533.4	1.6291e-07
533.6	1.4854e-07
533.8	1.1923e-07
534.0	1.0768e-07
534.2	1.5591e-07
534.4	2.3227e-07
534.6	3.5063e-07
534.8	4.4068e-07
535.0	2.3349e-07
535.2	1.2371e-07
535.4	1.0e-07
535.6	1.0258e-07
535.8	1.177e-07
536.0	1.3504e-07
536.2	1.287e-07
536.4	1.1217e-07
536.6	1.1379e-07
536.8	2.4902e-07
537.0	2.3643e-07
537.2	1.529e-07
537.4	1.1527e-07
537.6	1.7909e-07
537.8	2.7824e-07
538.0	2.8795e-07
538.2	2.4059e-07
538.4	1.9269e-07
538.6	1.5432e-07
538.8	2.1119e-07
539.0	3.7626e-07
539.2	4.9914e-07
539.4	1.4075e-07
539.6	1.1844e-07
539.8	1.4934e-07
540.0	1.7004e-07
540.2	1.3486e-07
540.4	1.0695e-07
540.6	1.0e-07
540.8	1.1148e-07
541.0	1.8705e-07
541.2	2.7002e-07
541.4	2.211e-07
541.6	1.8691e-07
541.8	2.5685e-07
542.0	1.5339e-07
542.2	1.0417e-07
542.4	1.3245e-07
542.6	1.6842e-07
542.8	2.1415e-07
543.0	2.7229e-07
543.2	3.4623e-07
543.4	4.4024e-07
543.6	5.5977e-07
543.8	6.6677e-07
544.0	6.6263e-07
544.2	6.5851e-07
544.4	6.5443e-07
544.6	6.5036e-07
544.8	6.4632e-07
545.0	6.4231e-07
545.2	6.3832e-07
545.4	6.3436e-07
545.6	6.3042e-07
545.8	6.2651e-07
546.0	6.2262e-07
546.2	6.1875e-07
546.4	6.1491e-07
546.6	6.1109e-07
546.8	6.073e-07
547.0	6.0353e-07
547.2	5.9978e-07
547.4	5.9569e-07
547.6	5.9148e-07
547.8	5.8729e-07
548.0	5.8314e-07
548.2	5.7901e-07
548.4	5.7491e-07
548.6	5.7084e-07
548.8	5.668e-07
549.0	5.6279e-07
549.2	5.5881e-07
549.4	5.5486e-07
549.6	5.5093e-07
549.8	5.4703e-07
550.0	5.4316e-07
550.2	5.3932e-07
550.4	5.355e-07
550.6	5.3171e-07
550.8	5.2795e-07
551.0	5.2422e-07
551.2	5.2051e-07
551.4	5.1682e-07
551.6	5.1317e-07
551.8	5.0954e-07
552.0	5.0593e-07
552.2	5.0235e-07
552.4	5.0311e-07
552.6	5.0407e-07
552.8	5.0503e-07
553.0	5.06e-07
553.2	5.0697e-07
553.4	5.0794e-07
553.6	5.0891e-07
553.8	5.0988e-07
554.0	5.1086e-07
554.2	5.1183e-07
554.4	5.1281e-07
554.6	5.1379e-07
554.8	5.1478e-07
555.0	5.1576e-07
555.2	5.1675e-07
555.4	5.1773e-07
555.6	5.1872e-07
555.8	5.1972e-07
556.0	5.2071e-07
556.2	5.2171e-07
556.4	5.227e-07
556.6	5.237e-07
556.8	5.2471e-07
557.0	5.2571e-07
557.2	5.2597e-07
557.4	5.2342e-07
557.6	5.2089e-07
557.8	5.1837e-07
558.0	5.1586e-07
558.2	5.1337e-07
558.4	5.1088e-07
558.6	5.0841e-07
558.8	5.0595e-07
559.0	5.035e-07
559.2	5.0107e-07
559.4	4.9864e-07
559.6	4.9623e-07
559.8	4.9383e-07
560.0	4.9144e-07
560.2	4.8906e-07
560.4	4.867e-07
560.6	4.8434e-07
560.8	4.82e-07
561.0	4.7967e-07
561.2	4.7735e-07
561.4	4.7504e-07
561.6	4.7274e-07
561.8	4.7045e-07
562.0	4.6817e-07
562.2	4.6639e-07
562.4	4.6519e-07
562.6	4.64e-07
562.8	4.6282e-07
563.0	4.6164e-07
563.2	4.6046e-07
563.4	4.5928e-07
563.6	4.5811e-07
563.8	4.5694e-07
564.0	4.5577e-07
564.2	4.546e-07
564.4	4.5344e-07
564.6	4.5228e-07
564.8	4.5113e-07
565.0	4.4998e-07
565.2	4.4883e-07
565.4	4.4768e-07
565.6	4.4653e-07
565.8	4.4539e-07
566.0	4.4426e-07
566.2	4.4312e-07
566.4	4.4199e-07
566.6	4.4086e-07
566.8	4.3973e-07
567.0	4.3861e-07
567.2	4.3852e-07
567.4	4.3891e-07
567.6	4.3929e-07
567.8	4.3968e-07
568.0	4.4006e-07
568.2	4.4045e-07
568.4	4.4084e-07
568.6	4.4123e-07
568.8	4.4161e-07
569.0	4.42e-07
569.2	4.4239e-07
569.4	4.4278e-07
569.6	4.4317e-07
569.8	4.4356e-07
570.0	4.4395e-07
570.2	4.4434e-07
570.4	4.4473e-07
570.6	4.4512e-07
570.8	4.4551e-07
571.0	4.4591e-07
571.2	4.463e-07
571.4	4.4669e-07
571.6	4.4708e-07
571.8	4.4748e-07
572.0	4.4787e-07
572.2	4.4414e-07
572.4	4.4023e-07
572.6	4.3636e-07
572.8	4.3251e-07
573.0	4.287e-07
573.2	4.2493e-07
573.4	4.2119e-07
573.6	4.1748e-07
573.8	4.138e-07
574.0	4.1016e-07
574.2	4.0655e-07
574.4	4.0297e-07
574.6	3.9942e-07
574.8	3.959e-07
575.0	3.9241e-07
575.2	3.8896e-07
575.4	3.8553e-07
575.6	3.8214e-07
575.8	3.7877e-07
576.0	3.7544e-07
576.2	3.7213e-07
576.4	3.6886e-07
576.6	3.6561e-07
576.8	3.6239e-07
577.0	3.5968e-07
577.2	3.5875e-07
577.4	3.5782e-07
577.6	3.569e-07
577.8	3.5598e-07
578.0	3.5506e-07
578.2	3.5414e-07
578.4	3.5322e-07
578.6	3.5231e-07
578.8	3.514e-07
579.0	3.5049e-07
579.2	3.4958e-07
579.4	3.4868e-07
579.6	3.4778e-07
579.8	3.4688e-07
580.0	3.4598e-07
580.2	3.4509e-07
580.4	3.442e-07
580.6	3.4331e-07
580.8	3.4242e-07
581.0	3.4154e-07
581.2	3.4065e-07
581.4	3.3977e-07
581.6	3.3889e-07
581.8	3.3802e-07
582.0	3.3792e-07
582.2	3.3878e-07
582.4	3.3965e-07
582.6	3.4052e-07
582.8	3.4139e-07
583.0	3.4226e-07
583.2	3.4314e-07
583.4	3.4402e-07
583.6	3.449e-07
583.8	3.4578e-07
584.0	3.4666e-07
584.2	3.4755e-07
584.4	3.4844e-07
584.6	3.4933e-07
584.8	3.5023e-07
585.0	3.5112e-07
585.2	3.5202e-07
585.4	3.5292e-07
585.6	3.5382e-07
585.8	3.5473e-07
586.0	3.5564e-07
586.2	3.5655e-07
586.4	3.5746e-07
586.6	3.5837e-07
586.8	3.5929e-07
587.0	3.5824e-07
587.2	3.5625e-07
587.4	3.5426e-07
587.6	3.5229e-07
587.8	3.5033e-07
588.0	3.4838e-07
588.2	3.4645e-07
588.4	3.4452e-07
588.6	3.426e-07
588.8	3.407e-07
589.0	3.388e-07
589.2	3.3692e-07
589.4	3.3504e-07
589.6	3.3318e-07
589.8	3.3133e-07
590.0	3.2948e-07
590.2	3.2765e-07
590.4	3.2583e-07
590.6	3.2401e-07
590.8	3.2221e-07
591.0	3.2042e-07
591.2	3.1864e-07
591.4	3.1686e-07
591.6	3.151e-07
591.8	3.1335e-07
592.0	3.1425e-07
592.2	3.1534e-07
592.4	3.1644e-07
592.6	3.1754e-07
592.8	3.1864e-07
593.0	3.1975e-07
593.2	3.2086e-07
593.4	3.2198e-07
593.6	3.2309e-07
593.8	3.2422e-07
594.0	3.2534e-07
594.2	3.2647e-07
594.4	3.2761e-07
594.6	3.2875e-07
594.8	3.2989e-07
595.0	3.3104e-07
595.2	3.3219e-07
595.4	3.3334e-07
595.6	3.345e-07
595.8	3.3566e-07
596.0	3.3683e-07
596.2	3.38e-07
596.4	3.3917e-07
596.6	3.4035e-07
596.8	3.3958e-07
597.0	3.3111e-07
597.2	3.2286e-07
597.4	3.1481e-07
597.6	3.0696e-07
597.8	2.9931e-07
598.0	2.9185e-07
598.2	2.8457e-07
598.4	2.7748e-07
598.6	2.7056e-07
598.8	2.6381e-07
599.0	2.5724e-07
599.2	2.5082e-07
599.4	2.4457e-07
599.6	2.3847e-07
599.8	2.3253e-07
600.0	2.2673e-07
600.2	2.2108e-07
600.4	2.1557e-07
600.6	2.1019e-07
600.8	2.0495e-07
601.0	1.9984e-07
601.2	1.9486e-07
601.4	1.9001e-07
601.6	1.8527e-07
601.8	1.7993e-07
602.0	1.7392e-07
602.2	1.6811e-07
602.4	1.6249e-07
602.6	1.5706e-07
602.8	1.5182e-07
603.0	1.4674e-07
603.2	1.4184e-07
603.4	1.371e-07
603.6	1.3252e-07
603.8	1.2809e-07
604.0	1.2381e-07
604.2	1.1967e-07
604.4	1.1568e-07
604.6	1.1181e-07
604.8	1.0807e-07
605.0	1.0446e-07
605.2	1.0097e-07
605.4	1.0e-07
605.6	1.0e-07
605.8	1.0e-07
606.0	1.0e-07
606.2	1.0e-07
606.4	1.0e-07
606.6	1.0e-07
606.8	1.0e-07
607.0	1.0e-07
607.2	1.0e-07
607.4	1.0e-07
607.6	1.0e-07
607.8	1.0e-07
608.0	1.0e-07
608.2	1.0e-07
608.4	1.0e-07
608.6	1.0e-07
608.8	1.0e-07
609.0	1.0e-07
609.2	1.0e-07
609.4	1.0e-07
609.6	1.0e-07
609.8	1.0e-07
610.0	1.0e-07
610.2	1.0e-07
610.4	1.0e-07
610.6	1.0e-07
610.8	1.0e-07
611.0	1.0e-07
611.2	1.0e-07
611.4	1.0e-07
611.6	1.0e-07
611.8	1.0e-07
612.0	1.0e-07
612.2	1.0e-07
612.4	1.0e-07
612.6	1.0e-07
612.8	1.0e-07
613.0	1.0e-07
613.2	1.0e-07
613.4	1.0e-07
613.6	1.0e-07
613.8	1.0e-07
614.0	1.0e-07
614.2	1.0e-07
614.4	1.0e-07
614.6	1.0e-07
614.8	1.0e-07
615.0	1.0e-07
615.2	1.0e-07
615.4	1.0e-07
615.6	1.0e-07
615.8	1.0e-07
616.0	1.0e-07
616.2	1.0e-07
616.4	1.0e-07
616.6	1.0e-07
616.8	1.0e-07
617.0	1.0e-07
617.2	1.0e-07
617.4	1.0e-07
617.6	1.0e-07
617.8	1.0e-07
618.0	1.0e-07
618.2	1.0e-07
618.4	1.0e-07
618.6	1.0e-07
618.8	1.0e-07
619.0	1.0e-07
619.2	1.0e-07
619.4	1.0e-07
619.6	1.0e-07
619.8	1.0e-07
620.0	1.0e-07
620.2	1.0e-07
620.4	1.0e-07
620.6	1.0e-07
620.8	1.0e-07
621.0	1.0e-07
621.2	1.0e-07
621.4	1.0e-07
621.6	1.0e-07
621.8	1.0e-07
622.0	1.0e-07
622.2	1.0e-07
622.4	1.0e-07
622.6	1.0e-07
622.8	1.0e-07
623.0	1.0e-07
623.2	1.0e-07
623.4	1.0e-07
623.6	1.0e-07
623.8	1.0e-07
624.0	1.0e-07
624.2	1.0e-07
624.4	1.0e-07
624.6	1.0e-07
624.8	1.0e-07
625.0	1.0e-07
625.2	1.0e-07
625.4	1.0e-07
625.6	1.0e-07
625.8	1.0e-07
626.0	1.0e-07
626.2	1.0e-07
626.4	1.0e-07
626.6	1.0e-07
626.8	1.0e-07
627.0	1.0e-07
627.2	1.0e-07
627.4	1.0e-07
627.6	1.0e-07
627.8	1.0e-07
628.0	1.0e-07
628.2	1.0e-07
628.4	1.0e-07
628.6	1.0e-07
628.8	1.0e-07
629.0	1.0e-07
629.2	1.0e-07
629.4	1.0e-07
629.6	1.0e-07
629.8	1.0e-07
630.0	1.0e-07
630.2	1.0e-07
630.4	1.0e-07
630.6	1.0e-07
630.8	1.0e-07
631.0	1.0e-07
631.2	1.0e-07
631.4	1.0e-07
631.6	1.0e-07
631.8	1.0e-07
632.0	1.0e-07
632.2	1.0e-07
632.4	1.0e-07
632.6	1.0e-07
632.8	1.0e-07
633.0	1.0e-07
633.2	1.0e-07
633.4	1.0e-07
633.6	1.0e-07
633.8	1.0e-07
634.0	1.0e-07
634.2	1.0e-07
634.4	1.0e-07
634.6	1.0e-07
634.8	1.0e-07
635.0	1.0e-07
635.2	1.0e-07
635.4	1.0e-07
635.6	1.0e-07
635.8	1.0e-07
636.0	1.0e-07
636.2	1.0e-07
636.4	1.0e-07
636.6	1.0e-07
636.8	1.0e-07
637.0	1.0e-07
637.2	1.0e-07
637.4	1.0e-07
637.6	1.0e-07
637.8	1.0e-07
638.0	1.0e-07
638.2	1.0e-07
638.4	1.0e-07
638.6	1.0e-07
638.8	1.0e-07
639.0	1.0e-07
639.2	1.0e-07
639.4	1.0e-07
639.6	1.0e-07
639.8	1.0e-07
640.0	1.0e-07
640.2	1.0e-07
640.4	1.0e-07
640.6	1.0e-07
640.8	1.0e-07
641.0	1.0e-07
641.2	1.0e-07
641.4	1.0e-07
641.6	1.0e-07
641.8	1.0e-07
642.0	1.0e-07
642.2	1.0e-07
642.4	1.0e-07
642.6	1.0e-07
642.8	1.0e-07
643.0	1.0e-07
643.2	1.0e-07
643.4	1.0e-07
643.6	1.0e-07
643.8	1.0e-07
644.0	1.0e-07
644.2	1.0e-07
644.4	1.0e-07
644.6	1.0e-07
644.8	1.0e-07
645.0	1.0e-07
645.2	1.0e-07
645.4	1.0e-07
645.6	1.0e-07
645.8	1.0e-07
646.0	1.0e-07
646.2	1.0e-07
646.4	1.0e-07
646.6	1.0e-07
646.8	1.0e-07
647.0	1.0e-07
647.2	1.0e-07
647.4	1.0e-07
647.6	1.0e-07
647.8	1.0e-07
648.0	1.0e-07
648.2	1.0e-07
648.4	1.0e-07
648.6	1.0e-07
648.8	1.0e-07
649.0	1.0e-07
649.2	1.0e-07
649.4	1.0e-07
649.6	1.0e-07
649.8	1.0e-07
650.0	1.0e-07
650.2	1.0e-07
650.4	1.0e-07
650.6	1.0e-07
650.8	1.0e-07
651.0	1.0e-07
651.2	1.0e-07
651.4	1.0e-07
651.6	1.0e-07
651.8	1.0e-07
652.0	1.0e-07
652.2	1.0e-07
652.4	1.0e-07
652.6	1.0e-07
652.8	1.0e-07
653.0	1.0e-07
653.2	1.0e-07
653.4	1.0e-07
653.6	1.0e-07
653.8	1.0e-07
654.0	1.0e-07
654.2	1.0e-07
654.4	1.0e-07
654.6	1.0e-07
654.8	1.0e-07
655.0	1.0e-07
655.2	1.0e-07
655.4	1.0e-07
655.6	1.0e-07
655.8	1.0e-07
656.0	1.0e-07
656.2	1.0e-07
656.4	1.0e-07
656.6	1.0e-07
656.8	1.0e-07
657.0	1.0e-07
657.2	1.0e-07
657.4	1.0e-07
657.6	1.0e-07
657.8	1.0e-07
658.0	1.0e-07
658.2	1.0e-07
658.4	1.0e-07
658.6	1.0e-07
658.8	1.0e-07
659.0	1.0e-07
659.2	1.0e-07
659.4	1.0e-07
659.6	1.0e-07
659.8	1.0e-07
660.0	1.0e-07
660.2	1.0e-07
660.4	1.0e-07
660.6	1.0e-07
660.8	1.0e-07
661.0	1.0e-07
661.2	1.0e-07
661.4	1.0e-07
661.6	1.0e-07
661.8	1.0e-07
662.0	1.0e-07
662.2	1.0e-07
662.4	1.0e-07
662.6	1.0e-07
662.8	1.0e-07
663.0	1.0e-07
663.2	1.0e-07
663.4	1.0e-07
663.6	1.0e-07
663.8	1.0e-07
664.0	1.0e-07
664.2	1.0e-07
664.4	1.0e-07
664.6	1.0e-07
664.8	1.0e-07
665.0	1.0e-07
665.2	1.0e-07
665.4	1.0e-07
665.6	1.0e-07
665.8	1.0e-07
666.0	1.0e-07
666.2	1.0e-07
666.4	1.0e-07
666.6	1.0e-07
666.8	1.0e-07
667.0	1.0e-07
667.2	1.0e-07
667.4	1.0e-07
667.6	1.0e-07
667.8	1.0e-07
668.0	1.0e-07
668.2	1.0e-07
668.4	1.0e-07
668.6	1.0e-07
668.8	1.0e-07
669.0	1.0e-07
669.2	1.0e-07
669.4	1.0e-07
669.6	1.0e-07
669.8	1.0e-07
670.0	1.0e-07
670.2	1.0e-07
670.4	1.0e-07
670.6	1.0e-07
670.8	1.0e-07
671.0	1.0e-07
671.2	1.0e-07
671.4	1.0e-07
671.6	1.0e-07
671.8	1.0e-07
672.0	1.0e-07
672.2	1.0e-07
672.4	1.0e-07
672.6	1.0e-07
672.8	1.0e-07
673.0	1.0e-07
673.2	1.0e-07
673.4	1.0e-07
673.6	1.0e-07
673.8	1.0e-07
674.0	1.0e-07
674.2	1.0e-07
674.4	1.0e-07
674.6	1.0e-07
674.8	1.0e-07
675.0	1.0e-07
675.2	1.0e-07
675.4	1.0e-07
675.6	1.0e-07
675.8	1.0e-07
676.0	1.0e-07
676.2	1.0e-07
676.4	1.0e-07
676.6	1.0e-07
676.8	1.0e-07
677.0	1.0e-07
677.2	1.0e-07
677.4	1.0e-07
677.6	1.0e-07
677.8	1.0e-07
678.0	1.0e-07
678.2	1.0e-07
678.4	1.0e-07
678.6	1.0e-07
678.8	1.0e-07
679.0	1.0e-07
679.2	1.0e-07
679.4	1.0e-07
679.6	1.0e-07
679.8	1.0e-07
680.0	1.0e-07
680.2	1.0e-07
680.4	1.0e-07
680.6	1.0e-07
680.8	1.0e-07
681.0	1.0e-07
681.2	1.0e-07
681.4	1.0e-07
681.6	1.0e-07
681.8	1.0e-07
682.0	1.0e-07
682.2	1.0e-07
682.4	1.0e-07
682.6	1.0e-07
682.8	1.0e-07
683.0	1.0e-07
683.2	1.0e-07
683.4	1.0e-07
683.6	1.0e-07
683.8	1.0e-07
684.0	1.0e-07
684.2	1.0e-07
684.4	1.0e-07
684.6	1.0e-07
684.8	1.0e-07
685.0	1.0e-07
685.2	1.0e-07
685.4	1.0e-07
685.6	1.0e-07
685.8	1.0e-07
686.0	1.0e-07
686.2	1.0e-07
686.4	1.0e-07
686.6	1.0e-07
686.8	1.0e-07
687.0	1.0e-07
687.2	1.0e-07
687.4	1.0e-07
687.6	1.0e-07
687.8	1.0e-07
688.0	1.0e-07
688.2	1.0e-07
688.4	1.0e-07
688.6	1.0e-07
688.8	1.0e-07
689.0	1.0e-07
689.2	1.0e-07
689.4	1.0e-07
689.6	1.0e-07
689.8	1.0e-07
690.0	1.0e-07
690.2	1.0e-07
690.4	1.0e-07
690.6	1.0e-07
690.8	1.0e-07
691.0	1.0e-07
691.2	1.0e-07
691.4	1.0e-07
691.6	1.0e-07
691.8	1.0e-07
692.0	1.0e-07
692.2	1.0e-07
692.4	1.0e-07
692.6	1.0e-07
692.8	1.0e-07
693.0	1.0e-07
693.2	1.0e-07
693.4	1.0e-07
693.6	1.0e-07
693.8	1.0e-07
694.0	1.0e-07
694.2	1.0e-07
694.4	1.0e-07
694.6	1.0e-07
694.8	1.0e-07
695.0	1.0e-07
695.2	1.0e-07
695.4	1.0e-07
695.6	1.0e-07
695.8	1.0e-07
696.0	1.0e-07
696.2	1.0e-07
696.4	1.0e-07
696.6	1.0e-07
696.8	1.0e-07
697.0	1.0e-07
697.2	1.0e-07
697.4	1.0e-07
697.6	1.0e-07
697.8	1.0e-07
698.0	1.0e-07
698.2	1.0e-07
698.4	1.0e-07
698.6	1.0e-07
698.8	1.0e-07
699.0	1.0e-07
699.2	1.0e-07
699.4	1.0e-07
699.6	1.0e-07
699.8	1.0e-07
700.0	1.0e-07
700.2	1.0e-07
700.4	1.0e-07
700.6	1.0e-07
700.8	1.0e-07
701.0	1.0e-07
701.2	1.0e-07
701.4	1.0e-07
701.6	1.0e-07
701.8	1.0e-07
702.0	1.0e-07
702.2	1.0e-07
702.4	1.0e-07
702.6	1.0e-07
702.8	1.0e-07
703.0	1.0e-07
703.2	1.0e-07
703.4	1.0e-07
703.6	1.0e-07
703.8	1.0e-07
704.0	1.0e-07
704.2	1.0e-07
704.4	1.0e-07
704.6	1.0e-07
704.8	1.0e-07
705.0	1.0e-07
705.2	1.0e-07
705.4	1.0e-07
705.6	1.0e-07
705.8	1.0e-07
706.0	1.0e-07
706.2	1.0e-07
706.4	1.0e-07
706.6	1.0e-07
706.8	1.0e-07
707.0	1.0e-07
707.2	1.0e-07
707.4	1.0e-07
707.6	1.0e-07
707.8	1.0e-07
708.0	1.0e-07
708.2	1.0e-07
708.4	1.0e-07
708.6	1.0e-07
708.8	1.0e-07
709.0	1.0e-07
709.2	1.0e-07
709.4	1.0e-07
709.6	1.0e-07
709.8	1.0e-07
710.0	1.0e-07
710.2	1.0e-07
710.4	1.0e-07
710.6	1.0e-07
710.8	1.0e-07
711.0	1.0e-07
711.2	1.0e-07
711.4	1.0e-07
711.6	1.0e-07
711.8	1.0e-07
712.0	1.0e-07
712.2	1.0e-07
712.4	1.0e-07
712.6	1.0e-07
712.8	1.0e-07
713.0	1.0e-07
713.2	1.0e-07
713.4	1.0e-07
713.6	1.0e-07
713.8	1.0e-07
714.0	1.0e-07
714.2	1.0e-07
714.4	1.0e-07
714.6	1.0e-07
714.8	1.0e-07
715.0	1.0e-07
715.2	1.0e-07
715.4	1.0e-07
715.6	1.0e-07
715.8	1.0e-07
716.0	1.0e-07
716.2	1.0e-07
716.4	1.0e-07
716.6	1.0e-07
716.8	1.0e-07
717.0	1.0e-07
717.2	1.0e-07
717.4	1.0e-07
717.6	1.0e-07
717.8	1.0e-07
718.0	1.0e-07
718.2	1.0e-07
718.4	1.0e-07
718.6	1.0e-07
718.8	1.0e-07
719.0	1.0e-07
719.2	1.0e-07
719.4	1.0e-07
719.6	1.0e-07
719.8	1.0e-07
720.0	1.0e-07
720.2	1.0e-07
720.4	1.0e-07
720.6	1.0e-07
720.8	1.0e-07
721.0	1.0e-07
721.2	1.0e-07
721.4	1.0e-07
721.6	1.0e-07
721.8	1.0e-07
722.0	1.0e-07
722.2	1.0e-07
722.4	1.0e-07
722.6	1.0e-07
722.8	1.0e-07
723.0	1.0e-07
723.2	1.0e-07
723.4	1.0e-07
723.6	1.0e-07
723.8	1.0e-07
724.0	1.0e-07
724.2	1.0e-07
724.4	1.0e-07
724.6	1.0e-07
724.8	1.0e-07
725.0	1.0e-07
725.2	1.0e-07
725.4	1.0e-07
725.6	1.0e-07
725.8	1.0e-07
726.0	1.0e-07
726.2	1.0e-07
726.4	1.0e-07
726.6	1.0e-07
726.8	1.0e-07
727.0	1.0e-07
727.2	1.0e-07
727.4	1.0e-07
727.6	1.0e-07
727.8	1.0e-07
728.0	1.0e-07
728.2	1.0e-07
728.4	1.0e-07
728.6	1.0e-07
728.8	1.0e-07
729.0	1.0e-07
729.2	1.0e-07
729.4	1.0e-07
729.6	1.0e-07
729.8	1.0e-07
730.0	1.0e-07
730.2	1.0e-07
730.4	1.0e-07
730.6	1.0e-07
730.8	1.0e-07
731.0	1.0e-07
731.2	1.0e-07
731.4	1.0e-07
731.6	1.0e-07
731.8	1.0e-07
732.0	1.0e-07
732.2	1.0e-07
732.4	1.0e-07
732.6	1.0e-07
732.8	1.0e-07
733.0	1.0e-07
733.2	1.0e-07
733.4	1.0e-07
733.6	1.0e-07
733.8	1.0e-07
734.0	1.0e-07
734.2	1.0e-07
734.4	1.0e-07
734.6	1.0e-07
734.8	1.0e-07
735.0	1.0e-07
735.2	1.0e-07
735.4	1.0e-07
735.6	1.0e-07
735.8	1.0e-07
736.0	1.0e-07
736.2	1.0e-07
736.4	1.0e-07
736.6	1.0e-07
736.8	1.0e-07
737.0	1.0e-07
737.2	1.0e-07
737.4	1.0e-07
737.6	1.0e-07
737.8	1.0e-07
738.0	1.0e-07
738.2	1.0e-07
738.4	1.0e-07
738.6	1.0e-07
738.8	1.0e-07
739.0	1.0e-07
739.2	1.0e-07
739.4	1.0e-07
739.6	1.0e-07
739.8	1.0e-07
740.0	1.0e-07
740.2	1.0e-07
740.4	1.0e-07
740.6	1.0e-07
740.8	1.0e-07
741.0	1.0e-07
741.2	1.0e-07
741.4	1.0e-07
741.6	1.0e-07
741.8	1.0e-07
742.0	1.0e-07
742.2	1.0e-07
742.4	1.0e-07
742.6	1.0e-07
742.8	1.0e-07
743.0	1.0e-07
743.2	1.0e-07
743.4	1.0e-07
743.6	1.0e-07
743.8	1.0e-07
744.0	1.0e-07
744.2	1.0e-07
744.4	1.0e-07
744.6	1.0e-07
744.8	1.0e-07
745.0	1.0e-07
745.2	1.0e-07
745.4	1.0e-07
745.6	1.0e-07
745.8	1.0e-07
746.0	1.0e-07
746.2	1.0e-07
746.4	1.0e-07
746.6	1.0e-07
746.8	1.0e-07
747.0	1.0e-07
747.2	1.0e-07
747.4	1.0e-07
747.6	1.0e-07
747.8	1.0e-07
748.0	1.0e-07
748.2	1.0e-07
748.4	1.0e-07
748.6	1.0e-07
748.8	1.0e-07
749.0	1.0e-07
749.2	1.0e-07
749.4	1.0e-07
749.6	1.0e-07
749.8	1.0e-07
750.0	1.0e-07
750.2	1.0e-07
750.4	1.0e-07
750.6	1.0e-07
750.8	1.0e-07
751.0	1.0e-07
751.2	1.0e-07
751.4	1.0e-07
751.6	1.0e-07
751.8	1.0e-07
752.0	1.0e-07
752.2	1.0e-07
752.4	1.0e-07
752.6	1.0e-07
752.8	1.0e-07
753.0	1.0e-07
753.2	1.0e-07
753.4	1.0e-07
753.6	1.0e-07
753.8	1.0e-07
754.0	1.0e-07
754.2	1.0e-07
754.4	1.0e-07
754.6	1.0e-07
754.8	1.0e-07
755.0	1.0e-07
755.2	1.0e-07
755.4	1.0e-07
755.6	1.0e-07
755.8	1.0e-07
756.0	1.0e-07
756.2	1.0e-07
756.4	1.0e-07
756.6	1.0e-07
756.8	1.0e-07
757.0	1.0e-07
757.2	1.0e-07
757.4	1.0e-07
757.6	1.0e-07
757.8	1.0e-07
758.0	1.0e-07
758.2	1.0e-07
758.4	1.0e-07
758.6	1.0e-07
758.8	1.0e-07
759.0	1.0e-07
759.2	1.0e-07
759.4	1.0e-07
759.6	1.0e-07
759.8	1.0e-07
760.0	1.0e-07
760.2	1.0e-07
760.4	1.0e-07
760.6	1.0e-07
760.8	1.0e-07
761.0	1.0e-07
761.2	1.0e-07
761.4	1.0e-07
761.6	1.0e-07
761.8	1.0e-07
762.0	1.0e-07
762.2	1.0e-07
762.4	1.0e-07
762.6	1.0e-07
762.8	1.0e-07
763.0	1.0e-07
763.2	1.0e-07
763.4	1.0e-07
763.6	1.0e-07
763.8	1.0e-07
764.0	1.0e-07
764.2	1.0e-07
764.4	1.0e-07
764.6	1.0e-07
764.8	1.0e-07
765.0	1.0e-07
765.2	1.0e-07
765.4	1.0e-07
765.6	1.0e-07
765.8	1.0e-07
766.0	1.0e-07
766.2	1.0e-07
766.4	1.0e-07
766.6	1.0e-07
766.8	1.0e-07
767.0	1.0e-07
767.2	1.0e-07
767.4	1.0e-07
767.6	1.0e-07
767.8	1.0e-07
768.0	1.0e-07
768.2	1.0e-07
768.4	1.0e-07
768.6	1.0e-07
768.8	1.0e-07
769.0	1.0e-07
769.2	1.0e-07
769.4	1.0e-07
769.6	1.0e-07
769.8	1.0e-07
770.0	1.0e-07
770.2	1.0e-07
770.4	1.0e-07
770.6	1.0e-07
770.8	1.0e-07
771.0	1.0e-07
771.2	1.0e-07
771.4	1.0e-07
771.6	1.0e-07
771.8	1.0e-07
772.0	1.0e-07
772.2	1.0e-07
772.4	1.0e-07
772.6	1.0e-07
772.8	1.0e-07
773.0	1.0e-07
773.2	1.0e-07
773.4	1.0e-07
773.6	1.0e-07
773.8	1.0e-07
774.0	1.0e-07
774.2	1.0e-07
774.4	1.0e-07
774.6	1.0e-07
774.8	1.0e-07
775.0	1.0e-07
775.2	1.0e-07
775.4	1.0e-07
775.6	1.0e-07
775.8	1.0e-07
776.0	1.0e-07
776.2	1.0e-07
776.4	1.0e-07
776.6	1.0e-07
776.8	1.0e-07
777.0	1.0e-07
777.2	1.0e-07
777.4	1.0e-07
777.6	1.0e-07
777.8	1.0e-07
778.0	1.0e-07
778.2	1.0e-07
778.4	1.0e-07
778.6	1.0e-07
778.8	1.0e-07
779.0	1.0e-07
779.2	1.0e-07
779.4	1.0e-07
779.6	1.0e-07
779.8	1.0e-07
780.0	1.0e-07
780.2	1.0e-07
780.4	1.0e-07
780.6	1.0e-07
780.8	1.0e-07
781.0	1.0e-07
781.2	1.0e-07
781.4	1.0e-07
781.6	1.0e-07
781.8	1.0e-07
782.0	1.0e-07
782.2	1.0e-07
782.4	1.0e-07
782.6	1.0e-07
782.8	1.0e-07
783.0	1.0e-07
783.2	1.0e-07
783.4	1.0e-07
783.6	1.0e-07
783.8	1.0e-07
784.0	1.0e-07
784.2	1.0e-07
784.4	1.0e-07
784.6	1.0e-07
784.8	1.0e-07
785.0	1.0e-07
785.2	1.0e-07
785.4	1.0e-07
785.6	1.0e-07
785.8	1.0e-07
786.0	1.0e-07
786.2	1.0e-07
786.4	1.0e-07
786.6	1.0e-07
786.8	1.0e-07
787.0	1.0e-07
787.2	1.0e-07
787.4	1.0e-07
787.6	1.0e-07
787.8	1.0e-07
788.0	1.0e-07
788.2	1.0e-07
788.4	1.0e-07
788.6	1.0e-07
788.8	1.0e-07
789.0	1.0e-07
789.2	1.0e-07
789.4	1.0e-07
789.6	1.0e-07
789.8	1.0e-07
790.0	1.0e-07
790.2	1.0e-07
790.4	1.0e-07
790.6	1.0e-07
790.8	1.0e-07
791.0	1.0e-07
791.2	1.0e-07
791.4	1.0e-07
791.6	1.0e-07
791.8	1.0e-07
792.0	1.0e-07
792.2	1.0e-07
792.4	1.0e-07
792.6	1.0e-07
792.8	1.0e-07
793.0	1.0e-07
793.2	1.0e-07
793.4	1.0e-07
793.6	1.0e-07
793.8	1.0e-07
794.0	1.0e-07
794.2	1.0e-07
794.4	1.0e-07
794.6	1.0e-07
794.8	1.0e-07
795.0	1.0e-07
795.2	1.0e-07
795.4	1.0e-07
795.6	1.0e-07
795.8	1.0e-07
796.0	1.0e-07
796.2	1.0e-07
796.4	1.0e-07
796.6	1.0e-07
796.8	1.0e-07
797.0	1.0e-07
797.2	1.0e-07
797.4	1.0e-07
797.6	1.0e-07
797.8	1.0e-07
798.0	1.0e-07
798.2	1.0e-07
798.4	1.0e-07
798.6	1.0e-07
798.8	1.0e-07
799.0	1.0e-07
799.2	1.0e-07
799.4	1.0e-07
799.6	1.0e-07
799.8	1.0e-07
800.0	1.0e-07
800.2	1.0e-07
800.4	1.0e-07
800.6	1.0e-07
800.8	1.0e-07
801.0	1.0e-07
801.2	1.0e-07
801.4	1.0e-07
801.6	1.0e-07
801.8	1.0e-07
802.0	1.0e-07
802.2	1.0e-07
802.4	1.0e-07
802.6	1.0e-07
802.8	1.0e-07
803.0	1.0e-07
803.2	1.0e-07
803.4	1.0e-07
803.6	1.0e-07
803.8	1.0e-07
804.0	1.0e-07
804.2	1.0e-07
804.4	1.0e-07
804.6	1.0e-07
804.8	1.0e-07
805.0	1.0e-07
805.2	1.0e-07
805.4	1.0e-07
805.6	1.0e-07
805.8	1.0e-07
806.0	1.0e-07
806.2	1.0e-07
806.4	1.0e-07
806.6	1.0e-07
806.8	1.0e-07
807.0	1.0e-07
807.2	1.0e-07
807.4	1.0e-07
807.6	1.0e-07
807.8	1.0e-07
808.0	1.0e-07
808.2	1.0e-07
808.4	1.0e-07
808.6	1.0e-07
808.8	1.0e-07
809.0	1.0e-07
809.2	1.0e-07
809.4	1.0e-07
809.6	1.0e-07
809.8	1.0e-07
810.0	1.0e-07
810.2	1.0e-07
810.4	1.0e-07
810.6	1.0e-07
810.8	1.0e-07
811.0	1.0e-07
811.2	1.0e-07
811.4	1.0e-07
811.6	1.0e-07
811.8	1.0e-07
812.0	1.0e-07
812.2	1.0e-07
812.4	1.0e-07
812.6	1.0e-07
812.8	1.0e-07
813.0	1.0e-07
813.2	1.0e-07
813.4	1.0e-07
813.6	1.0e-07
813.8	1.0e-07
814.0	1.0e-07
814.2	1.0e-07
814.4	1.0e-07
814.6	1.0e-07
814.8	1.0e-07
815.0	1.0e-07
815.2	1.0e-07
815.4	1.0e-07
815.6	1.0e-07
815.8	1.0e-07
816.0	1.0e-07
816.2	1.0e-07
816.4	1.0e-07
816.6	1.0e-07
816.8	1.0e-07
817.0	1.0e-07
817.2	1.0e-07
817.4	1.0e-07
817.6	1.0e-07
817.8	1.0e-07
818.0	1.0e-07
818.2	1.0e-07
818.4	1.0e-07
818.6	1.0e-07
818.8	1.0e-07
819.0	1.0e-07
819.2	1.0e-07
819.4	1.0e-07
819.6	1.0e-07
819.8	1.0e-07
820.0	1.0e-07
820.2	1.0e-07
820.4	1.0e-07
820.6	1.0e-07
820.8	1.0e-07
821.0	1.0e-07
821.2	1.0e-07
821.4	1.0e-07
821.6	1.0e-07
821.8	1.0e-07
822.0	1.0e-07
822.2	1.0e-07
822.4	1.0e-07
822.6	1.0e-07
822.8	1.0e-07
823.0	1.0e-07
823.2	1.0e-07
823.4	1.0e-07
823.6	1.0e-07
823.8	1.0e-07
824.0	1.0e-07
824.2	1.0e-07
824.4	1.0e-07
824.6	1.0e-07
824.8	1.0e-07
825.0	1.0e-07
825.2	1.0e-07
825.4	1.0e-07
825.6	1.0e-07
825.8	1.0e-07
826.0	1.0e-07
826.2	1.0e-07
826.4	1.0e-07
826.6	1.0e-07
826.8	1.0e-07
827.0	1.0e-07
827.2	1.0e-07
827.4	1.0e-07
827.6	1.0e-07
827.8	1.0e-07
828.0	1.0e-07
828.2	1.0e-07
828.4	1.0e-07
828.6	1.0e-07
828.8	1.0e-07
829.0	1.0e-07
829.2	1.0e-07
829.4	1.0e-07
829.6	1.0e-07
829.8	1.0e-07
830.0	1.0e-07
830.2	1.0e-07
830.4	1.0e-07
830.6	1.0e-07
830.8	1.0e-07
831.0	1.0e-07
831.2	1.0e-07
831.4	1.0e-07
831.6	1.0e-07
831.8	1.0e-07
832.0	1.0e-07
832.2	1.0e-07
832.4	1.0e-07
832.6	1.0e-07
832.8	1.0e-07
833.0	1.0e-07
833.2	1.0e-07
833.4	1.0e-07
833.6	1.0e-07
833.8	1.0e-07
834.0	1.0e-07
834.2	1.0e-07
834.4	1.0e-07
834.6	1.0e-07
834.8	1.0e-07
835.0	1.0e-07
835.2	1.0e-07
835.4	1.0e-07
835.6	1.0e-07
835.8	1.0e-07
836.0	1.0e-07
836.2	1.0e-07
836.4	1.0e-07
836.6	1.0e-07
836.8	1.0e-07
837.0	1.0e-07
837.2	1.0e-07
837.4	1.0e-07
837.6	1.0e-07
837.8	1.0e-07
838.0	1.0e-07
838.2	1.0e-07
838.4	1.0e-07
838.6	1.0e-07
838.8	1.0e-07
839.0	1.0e-07
839.2	1.0e-07
839.4	1.0e-07
839.6	1.0e-07
839.8	1.0e-07
840.0	1.0e-07
840.2	1.0e-07
840.4	1.0e-07
840.6	1.0e-07
840.8	1.0e-07
841.0	1.0e-07
841.2	1.0e-07
841.4	1.0e-07
841.6	1.0e-07
841.8	1.0e-07
842.0	1.0e-07
842.2	1.0e-07
842.4	1.0e-07
842.6	1.0e-07
842.8	1.0e-07
843.0	1.0e-07
843.2	1.0e-07
843.4	1.0e-07
843.6	1.0e-07
843.8	1.0e-07
844.0	1.0e-07
844.2	1.0e-07
844.4	1.0e-07
844.6	1.0e-07
844.8	1.0e-07
845.0	1.0e-07
845.2	1.0e-07
845.4	1.0e-07
845.6	1.0e-07
845.8	1.0e-07
846.0	1.0e-07
846.2	1.0e-07
846.4	1.0e-07
846.6	1.0e-07
846.8	1.0e-07
847.0	1.0e-07
847.2	1.0e-07
847.4	1.0e-07
847.6	1.0e-07
847.8	1.0e-07
848.0	1.0e-07
848.2	1.0e-07
848.4	1.0e-07
848.6	1.0e-07
848.8	1.0e-07
849.0	1.0e-07
849.2	1.0e-07
849.4	1.0e-07
849.6	1.0e-07
849.8	1.0e-07
850.0	1.0e-07
850.2	1.0e-07
850.4	1.0e-07
850.6	1.0e-07
850.8	1.0e-07
851.0	1.0e-07
851.2	1.0e-07
851.4	1.0e-07
851.6	1.0e-07
851.8	1.0e-07
852.0	1.0e-07
852.2	1.0e-07
852.4	1.0e-07
852.6	1.0e-07
852.8	1.0e-07
853.0	1.0e-07
853.2	1.0e-07
853.4	1.0e-07
853.6	1.0e-07
853.8	1.0e-07
854.0	1.0e-07
854.2	1.0e-07
854.4	1.0e-07
854.6	1.0e-07
854.8	1.0e-07
855.0	1.0022e-07
855.2	1.0046e-07
855.4	1.0071e-07
855.6	1.0095e-07
855.8	1.012e-07
856.0	1.0145e-07
856.2	1.0169e-07
856.4	1.0194e-07
856.6	1.0219e-07
856.8	1.0244e-07
857.0	1.0269e-07
857.2	1.0294e-07
857.4	1.032e-07
857.6	1.0345e-07
857.8	1.037e-07
858.0	1.0396e-07
858.2	1.0421e-07
858.4	1.0446e-07
858.6	1.1521e-07
858.8	1.2871e-07
859.0	1.4381e-07
859.2	1.6067e-07
859.4	1.7951e-07
859.6	2.0056e-07
859.8	2.2407e-07
860.0	2.5035e-07
860.2	2.797e-07
860.4	3.125e-07
860.6	3.4914e-07
860.8	3.9008e-07
861.0	4.3583e-07
861.2	4.8693e-07
861.4	5.4403e-07
861.6	6.0782e-07
861.8	6.7909e-07
862.0	7.5872e-07
862.2	7.8983e-07
862.4	8.1507e-07
862.6	8.4112e-07
862.8	8.68e-07
863.0	8.9573e-07
863.2	9.2436e-07
863.4	9.5389e-07
863.6	9.8438e-07
863.8	1.0158e-06
864.0	1.0483e-06
864.2	1.0818e-06
864.4	1.1164e-06
864.6	1.152e-06
864.8	1.1888e-06
865.0	1.2268e-06
865.2	1.2195e-06
865.4	1.2122e-06
865.6	1.205e-06
865.8	1.1977e-06
866.0	1.1906e-06
866.2	1.1835e-06
866.4	1.1764e-06
866.6	1.1693e-06
866.8	1.1623e-06
867.0	1.1554e-06
867.2	1.1485e-06
867.4	1.1416e-06
867.6	1.1348e-06
867.8	1.128e-06
868.0	1.1212e-06
868.2	1.1145e-06
868.4	1.1325e-06
868.6	1.2768e-06
868.8	1.4395e-06
869.0	1.6229e-06
869.2	1.8297e-06
869.4	2.0628e-06
869.6	2.3257e-06
869.8	2.622e-06
870.0	2.956e-06
870.2	3.3327e-06
870.4	3.7573e-06
870.6	4.236e-06
870.8	4.7757e-06
871.0	5.3841e-06
871.2	6.0701e-06
871.4	6.8435e-06
871.6	7.7154e-06
871.8	8.6985e-06
872.0	9.6612e-06
872.2	9.6645e-06
872.4	9.6678e-06
872.6	9.6711e-06
872.8	9.6744e-06
873.0	9.6777e-06
873.2	9.681e-06
873.4	9.6843e-06
873.6	9.6876e-06
873.8	9.6909e-06
874.0	9.6943e-06
874.2	9.6976e-06
874.4	9.7009e-06
874.6	9.7042e-06
874.8	9.7075e-06
875.0	9.7108e-06
875.2	9.7141e-06
875.4	9.7174e-06
875.6	9.7728e-06
875.8	1.0451e-05
876.0	1.1177e-05
876.2	1.1953e-05
876.4	1.2784e-05
876.6	1.3671e-05
876.8	1.4621e-05
877.0	1.5636e-05
877.2	1.6722e-05
877.4	1.7883e-05
877.6	1.9125e-05
877.8	2.0453e-05
878.0	2.1873e-05
878.2	2.3392e-05
878.4	2.5016e-05
878.6	2.6754e-05
878.8	2.8611e-05
879.0	3.0598e-05
879.2	3.26e-05
879.4	3.2061e-05
879.6	3.1531e-05
879.8	3.1009e-05
880.0	3.0496e-05
880.2	2.9992e-05
880.4	2.9496e-05
880.6	2.9008e-05
880.8	2.8529e-05
881.0	2.8057e-05
881.2	2.7593e-05
881.4	2.7137e-05
881.6	2.6688e-05
881.8	2.6247e-05
882.0	2.5813e-05
882.2	2.5386e-05
882.4	2.4966e-05
882.6	2.4553e-05
882.8	2.4124e-05
883.0	2.2633e-05
883.2	2.1233e-05
883.4	1.992e-05
883.6	1.8688e-05
883.8	1.7532e-05
884.0	1.6448e-05
884.2	1.5431e-05
884.4	1.4477e-05
884.6	1.3582e-05
884.8	1.2742e-05
885.0	1.1954e-05
885.2	1.1215e-05
885.4	1.0521e-05
885.6	9.8705e-06
885.8	9.2601e-06
886.0	8.6875e-06
886.2	8.1503e-06
886.4	7.6463e-06
886.6	7.97e-06
886.8	8.3075e-06
887.0	8.6592e-06
887.2	9.0259e-06
887.4	9.408e-06
887.6	9.8064e-06
887.8	1.0222e-05
888.0	1.0654e-05
888.2	1.1106e-05
888.4	1.1576e-05
888.6	1.2066e-05
888.8	1.2577e-05
889.0	1.3109e-05
889.2	1.3664e-05
889.4	1.4243e-05
889.6	1.4846e-05
889.8	1.5475e-05
890.0	1.613e-05
890.2	1.5723e-05
890.4	1.5321e-05
890.6	1.4929e-05
890.8	1.4547e-05
891.0	1.4175e-05
891.2	1.3813e-05
891.4	1.3459e-05
891.6	1.3115e-05
891.8	1.278e-05
892.0	1.2453e-05
892.2	1.2135e-05
892.4	1.1824e-05
892.6	1.1522e-05
892.8	1.1227e-05
893.0	1.094e-05
893.2	1.066e-05
893.4	1.0388e-05
893.6	1.0122e-05
893.8	9.7661e-06
894.0	9.4225e-06
894.2	9.091e-06
894.4	8.7712e-06
894.6	8.4626e-06
894.8	8.1649e-06
895.0	7.8777e-06
895.2	7.6005e-06
895.4	7.3331e-06
895.6	7.0752e-06
895.8	6.8263e-06
896.0	6.5861e-06
896.2	6.3544e-06
896.4	6.1309e-06
896.6	5.9152e-06
896.8	5.7071e-06
897.0	5.5063e-06
897.2	5.3172e-06
897.4	5.5896e-06
897.6	5.8759e-06
897.8	6.177e-06
898.0	6.4934e-06
898.2	6.8261e-06
898.4	7.1758e-06
898.6	7.5434e-06
898.8	7.9299e-06
899.0	8.3361e-06
899.2	8.7632e-06
899.4	9.2122e-06
899.6	9.6841e-06
899.8	1.018e-05
900.0	1.0702e-05
900.2	1.125e-05
900.4	1.1826e-05
900.6	1.2432e-05
900.8	1.3048e-05
901.0	1.3086e-05
901.2	1.3124e-05
901.4	1.3163e-05
901.6	1.3202e-05
901.8	1.324e-05
902.0	1.3279e-05
902.2	1.3318e-05
902.4	1.3357e-05
902.6	1.3396e-05
902.8	1.3436e-05
903.0	1.3475e-05
903.2	1.3515e-05
903.4	1.3554e-05
903.6	1.3594e-05
903.8	1.3634e-05
904.0	1.3674e-05
904.2	1.3714e-05
904.4	1.3736e-05
904.6	1.3499e-05
904.8	1.3265e-05
905.0	1.3036e-05
905.2	1.2811e-05
905.4	1.2589e-05
905.6	1.2371e-05
905.8	1.2158e-05
906.0	1.1947e-05
906.2	1.1741e-05
906.4	1.1538e-05
906.6	1.1339e-05
906.8	1.1142e-05
907.0	1.095e-05
907.2	1.0761e-05
907.4	1.0575e-05
907.6	1.0392e-05
907.8	1.0212e-05
908.0	1.0128e-05
908.2	1.0863e-05
908.4	1.165e-05
908.6	1.2495e-05
908.8	1.3401e-05
909.0	1.4373e-05
909.2	1.5415e-05
909.4	1.6533e-05
909.6	1.7732e-05
909.8	1.9018e-05
910.0	2.0397e-05
910.2	2.1876e-05
910.4	2.3462e-05
910.6	2.5164e-05
910.8	2.6989e-05
911.0	2.8946e-05
911.2	3.1045e-05
911.4	3.3296e-05
911.6	3.5313e-05
911.8	3.5233e-05
912.0	3.5153e-05
912.2	3.5074e-05
912.4	3.4994e-05
912.6	3.4915e-05
912.8	3.4836e-05
913.0	3.4758e-05
913.2	3.4679e-05
913.4	3.4601e-05
913.6	3.4523e-05
913.8	3.4444e-05
914.0	3.4367e-05
914.2	3.4289e-05
914.4	3.4211e-05
914.6	3.4134e-05
914.8	3.4057e-05
915.0	3.398e-05
915.2	3.3808e-05
915.4	3.3291e-05
915.6	3.2782e-05
915.8	3.2281e-05
916.0	3.1788e-05
916.2	3.1302e-05
916.4	3.0824e-05
916.6	3.0353e-05
916.8	2.9889e-05
917.0	2.9433e-05
917.2	2.8983e-05
917.4	2.854e-05
917.6	2.8104e-05
917.8	2.7674e-05
918.0	2.7252e-05
918.2	2.6835e-05
918.4	2.6425e-05
918.6	2.6021e-05
918.8	2.625e-05
919.0	2.8136e-05
919.2	3.0158e-05
919.4	3.2324e-05
919.6	3.4646e-05
919.8	3.7135e-05
920.0	3.9803e-05
920.2	4.2663e-05
920.4	4.5728e-05
920.6	4.9013e-05
920.8	5.2534e-05
921.0	5.6308e-05
921.2	6.0353e-05
921.4	6.4689e-05
921.6	6.9336e-05
921.8	7.4318e-05
922.0	7.9657e-05
922.2	8.5379e-05
922.4	8.8677e-05
922.6	8.7089e-05
922.8	8.553e-05
923.0	8.3998e-05
923.2	8.2494e-05
923.4	8.1017e-05
923.6	7.9566e-05
923.8	7.8141e-05
924.0	7.6742e-05
924.2	7.5368e-05
924.4	7.4018e-05
924.6	7.2693e-05
924.8	7.1391e-05
925.0	7.0113e-05
925.2	6.8857e-05
925.4	6.7624e-05
925.6	6.6413e-05
925.8	6.5224e-05
926.0	6.4811e-05
926.2	6.5329e-05
926.4	6.5851e-05
926.6	6.6378e-05
926.8	6.6909e-05
927.0	6.7444e-05
927.2	6.7983e-05
927.4	6.8527e-05
927.6	6.9075e-05
927.8	6.9627e-05
928.0	7.0184e-05
928.2	7.0745e-05
928.4	7.1311e-05
928.6	7.1881e-05
928.8	7.2456e-05
929.0	7.3035e-05
929.2	7.3619e-05
929.4	7.4208e-05
929.6	7.3574e-05
929.8	7.1966e-05
930.0	7.0392e-05
930.2	6.8854e-05
930.4	6.7348e-05
930.6	6.5876e-05
930.8	6.4436e-05
931.0	6.3027e-05
931.2	1.1959e-04
931.4	1.243e-04
931.6	1.3297e-04
931.8	1.4026e-04
932.0	1.4956e-04
932.2	1.5875e-04
932.4	1.6038e-04
932.6	1.6211e-04
932.8	1.6305e-04
933.0	1.6007e-04
933.2	1.5236e-04
933.4	1.5155e-04
933.6	1.4604e-04
933.8	1.3247e-04
934.0	1.2785e-04
934.2	1.2e-04
934.4	1.1144e-04
934.6	1.0386e-04
934.8	9.6831e-05
935.0	8.9166e-05
935.2	8.4921e-05
935.4	8.3018e-05
935.6	7.7195e-05
935.8	7.3661e-05
936.0	6.7933e-05
936.2	6.8999e-05
936.4	6.6122e-05
936.6	6.5575e-05
936.8	6.3741e-05
937.0	6.3947e-05
937.2	5.9753e-05
937.4	6.0685e-05
937.6	6.2079e-05
937.8	6.1701e-05
938.0	6.4217e-05
938.2	6.6318e-05
938.4	6.6032e-05
938.6	7.3585e-05
938.8	7.3692e-05
939.0	7.6084e-05
939.2	8.056e-05
939.4	8.7462e-05
939.6	9.0689e-05
939.8	9.857e-05
940.0	1.1089e-04
940.2	1.1642e-04
940.4	1.2413e-04
940.6	1.3651e-04
940.8	1.4931e-04
941.0	1.6361e-04
941.2	1.7241e-04
941.4	1.9173e-04
941.6	2.0933e-04
941.8	2.2459e-04
942.0	2.3974e-04
942.2	2.4636e-04
942.4	2.5679e-04
942.6	2.7171e-04
942.8	2.6835e-04
943.0	2.6744e-04
943.2	2.7453e-04
943.4	2.624e-04
943.6	2.6321e-04
943.8	2.6489e-04
944.0	2.5089e-04
944.2	2.4611e-04
944.4	2.4323e-04
944.6	2.2735e-04
944.8	2.201e-04
945.0	2.077e-04
945.2	2.0276e-04
945.4	1.9757e-04
945.6	1.9503e-04
945.8	1.8922e-04
946.0	1.8707e-04
946.2	1.873e-04
946.4	1.7674e-04
946.6	1.7886e-04
946.8	1.7404e-04
947.0	1.7397e-04
947.2	1.7376e-04
947.4	1.7635e-04
947.6	1.7866e-04
947.8	1.8004e-04
948.0	1.7871e-04
948.2	1.7721e-04
948.4	1.8565e-04
948.6	1.8975e-04
948.8	2.0368e-04
949.0	2.045e-04
949.2	2.0314e-04
949.4	2.1566e-04
949.6	2.168e-04
949.8	2.2457e-04
950.0	2.4654e-04
950.2	2.4048e-04
950.4	2.6044e-04
950.6	2.725e-04
950.8	2.8398e-04
951.0	2.8565e-04
951.2	3.078e-04
951.4	3.0098e-04
951.6	3.1545e-04
951.8	3.4185e-04
952.0	3.3131e-04
952.2	3.3571e-04
952.4	3.529e-04
952.6	3.3462e-04
952.8	3.238e-04
953.0	3.2845e-04
953.2	3.0733e-04
953.4	2.9602e-04
953.6	2.9229e-04
953.8	2.7087e-04
954.0	2.7598e-04
954.2	2.8802e-04
954.4	2.6325e-04
954.6	2.4537e-04
954.8	2.1937e-04
955.0	2.015e-04
955.2	1.9457e-04
955.4	1.9078e-04
955.6	1.7164e-04
955.8	1.6e-04
956.0	1.5323e-04
956.2	1.4617e-04
956.4	1.4228e-04
956.6	1.4376e-04
956.8	1.3961e-04
957.0	1.2599e-04
957.2	1.3127e-04
957.4	1.2876e-04
957.6	1.2666e-04
957.8	1.2768e-04
958.0	1.3124e-04
958.2	1.2798e-04
958.4	1.3077e-04
958.6	1.3042e-04
958.8	1.334e-04
959.0	1.4467e-04
959.2	1.4369e-04
959.4	1.4605e-04
959.6	1.6209e-04
959.8	1.6428e-04
960.0	1.7041e-04
960.2	1.8102e-04
960.4	1.882e-04
960.6	1.8974e-04
960.8	2.0182e-04
961.0	2.2862e-04
961.2	2.3473e-04
961.4	2.5706e-04
961.6	2.775e-04
961.8	2.7988e-04
962.0	2.981e-04
962.2	3.3441e-04
962.4	3.4879e-04
962.6	3.7767e-04
962.8	3.9391e-04
963.0	4.0077e-04
963.2	4.2396e-04
963.4	4.3446e-04
963.6	4.4877e-04
963.8	4.7181e-04
964.0	4.7077e-04
964.2	4.8208e-04
964.4	4.9612e-04
964.6	4.7014e-04
964.8	4.8854e-04
965.0	5.232e-04
965.2	4.7363e-04
965.4	4.5676e-04
965.6	4.6765e-04
965.8	4.5592e-04
966.0	4.6624e-04
966.2	4.5744e-04
966.4	4.4084e-04
966.6	4.565e-04
966.8	4.2817e-04
967.0	4.5045e-04
967.2	4.7586e-04
967.4	4.3885e-04
967.6	4.3346e-04
967.8	4.5088e-04
968.0	4.3584e-04
968.2	4.5727e-04
968.4	4.5573e-04
968.6	4.3845e-04
968.8	4.7687e-04
969.0	4.5857e-04
969.2	4.8043e-04
969.4	5.0506e-04
969.6	4.827e-04
969.8	4.7517e-04
970.0	5.055e-04
970.2	5.4141e-04
970.4	5.2479e-04
970.6	5.1868e-04
970.8	5.5895e-04
971.0	5.6365e-04
971.2	5.9499e-04
971.4	5.9428e-04
971.6	6.0133e-04
971.8	6.38e-04
972.0	6.2757e-04
972.2	6.7478e-04
972.4	6.9338e-04
972.6	6.9157e-04
972.8	7.2164e-04
973.0	7.3283e-04
973.2	7.4018e-04
973.4	8.0309e-04
973.6	7.6445e-04
973.8	7.7577e-04
974.0	8.097e-04
974.2	8.126e-04
974.4	8.2723e-04
974.6	8.2027e-04
974.8	8.0966e-04
975.0	8.365e-04
975.2	7.8981e-04
975.4	7.932e-04
975.6	8.0289e-04
975.8	7.5844e-04
976.0	7.4316e-04
976.2	7.4222e-04
976.4	7.0779e-04
976.6	7.1093e-04
976.8	6.6603e-04
977.0	6.4648e-04
977.2	6.6105e-04
977.4	6.2193e-04
977.6	6.1398e-04
977.8	6.1153e-04
978.0	5.8493e-04
978.2	5.9204e-04
978.4	5.7134e-04
978.6	5.6551e-04
978.8	5.7786e-04
979.0	5.5653e-04
979.2	5.5804e-04
979.4	5.595e-04
979.6	5.5568e-04
979.8	5.5226e-04
980.0	5.6057e-04
980.2	5.7582e-04
980.4	5.8296e-04
980.6	6.0507e-04
980.8	5.882e-04
981.0	6.3364e-04
981.2	6.6433e-04
981.4	6.5649e-04
981.6	7.0815e-04
981.8	7.1578e-04
982.0	7.5755e-04
982.2	8.1019e-04
982.4	8.1363e-04
982.6	8.7368e-04
982.8	9.12e-04
983.0	9.4446e-04
983.2	0.00102
983.4	0.00104
983.6	0.00111
983.8	0.00118
984.0	0.00126
984.2	0.00132
984.4	0.00139
984.6	0.00151
984.8	0.00157
985.0	0.00166
985.2	0.00172
985.4	0.00184
985.6	0.00201
985.8	0.00202
986.0	0.00212
986.2	0.00219
986.4	0.00232
986.6	0.00239
986.8	0.00239
987.0	0.00245
987.2	0.0026
987.4	0.00269
987.6	0.00268
987.8	0.00267
988.0	0.00279
988.2	0.00289
988.4	0.00285
988.6	0.00279
988.8	0.00287
989.0	0.00298
989.2	0.00296
989.4	0.00286
989.6	0.00287
989.8	0.00294
990.0	0.00299
990.2	0.00286
990.4	0.00278
990.6	0.00283
990.8	0.00291
991.0	0.00281
991.2	0.0027
991.4	0.0027
991.6	0.00269
991.8	0.00273
992.0	0.00261
992.2	0.00268
992.4	0.00263
992.6	0.00257
992.8	0.00262
993.0	0.00253
993.2	0.00258
993.4	0.00248
993.6	0.00252
993.8	0.00272
994.0	0.00252
994.2	0.00248
994.4	0.00248
994.6	0.00256
994.8	0.00267
995.0	0.00249
995.2	0.00253
995.4	0.0026
995.6	0.00262
995.8	0.00263
996.0	0.00261
996.2	0.00266
996.4	0.00262
996.6	0.00265
996.8	0.00272
997.0	0.00275
997.2	0.00268
997.4	0.00269
997.6	0.00282
997.8	0.00288
998.0	0.00282
998.2	0.00273
998.4	0.00288
998.6	0.003
998.8	0.0029
999.0	0.00287
999.2	0.00293
999.4	0.003
999.6	0.00299
999.8	0.00307
1000.0	0.00309
1000.2	0.00311
1000.4	0.00313
1000.6	0.00321
1000.8	0.00331
1001.0	0.00323
1001.2	0.00312
1001.4	0.0033
1001.6	0.00346
1001.8	0.00339
1002.0	0.00342
1002.2	0.00345
1002.4	0.00346
1002.6	0.00355
1002.8	0.0036
1003.0	0.00378
1003.2	0.00358
1003.4	0.00364
1003.6	0.00384
1003.8	0.00387
1004.0	0.00402
1004.2	0.00382
1004.4	0.00409
1004.6	0.00395
1004.8	0.00409
1005.0	0.0044
1005.2	0.00433
1005.4	0.00434
1005.6	0.00442
1005.8	0.00454
1006.0	0.0046
1006.2	0.00471
1006.4	0.0049
1006.6	0.00487
1006.8	0.00481
1007.0	0.0049
1007.2	0.00508
1007.4	0.0052
1007.6	0.00511
1007.8	0.00513
1008.0	0.00515
1008.2	0.00508
1008.4	0.00523
1008.6	0.00527
1008.8	0.00524
1009.0	0.00506
1009.2	0.00511
1009.4	0.00519
1009.6	0.0052
1009.8	0.00513
1010.0	0.0051
1010.2	0.00507
1010.4	0.00493
1010.6	0.00497
1010.8	0.00499
1011.0	0.00488
1011.2	0.00463
1011.4	0.00471
1011.6	0.00477
1011.8	0.00455
1012.0	0.00455
1012.2	0.00441
1012.4	0.00429
1012.6	0.00434
1012.8	0.00438
1013.0	0.00447
1013.2	0.00427
1013.4	0.00431
1013.6	0.00426
1013.8	0.00419
1014.0	0.00426
1014.2	0.00421
1014.4	0.00423
1014.6	0.00395
1014.8	0.00408
1015.0	0.00402
1015.2	0.00397
1015.4	0.00405
1015.6	0.00403
1015.8	0.00394
1016.0	0.00389
1016.2	0.00384
1016.4	0.00376
1016.6	0.00383
1016.8	0.00396
1017.0	0.00383
1017.2	0.00381
1017.4	0.00389
1017.6	0.00379
1017.8	0.00379
1018.0	0.00394
1018.2	0.00392
1018.4	0.00388
1018.6	0.00386
1018.8	0.00389
1019.0	0.00379
1019.2	0.0039
1019.4	0.00403
1019.6	0.00398
1019.8	0.00404
1020.0	0.00391
1020.2	0.00386
1020.4	0.00394
1020.6	0.00405
1020.8	0.00405
1021.0	0.00396
1021.2	0.00405
1021.4	0.00403
1021.6	0.004
1021.8	0.00408
1022.0	0.00423
1022.2	0.00415
1022.4	0.00415
1022.6	0.00408
1022.8	0.00397
1023.0	0.00408
1023.2	0.00418
1023.4	0.00417
1023.6	0.00414
1023.8	0.00416
1024.0	0.00405
1024.2	0.00405
1024.4	0.00418
1024.6	0.0041
1024.8	0.00416
1025.0	0.00421
1025.2	0.0041
1025.4	0.00404
1025.6	0.00407
1025.8	0.00398
1026.0	0.00411
1026.2	0.00429
1026.4	0.00416
1026.6	0.00415
1026.8	0.00424
1027.0	0.00406
1027.2	0.00407
1027.4	0.00413
1027.6	0.00406
1027.8	0.00419
1028.0	0.00428
1028.2	0.00421
1028.4	0.00414
1028.6	0.00421
1028.8	0.00393
1029.0	0.00412
1029.2	0.00415
1029.4	0.00413
1029.6	0.00429
1029.8	0.00412
1030.0	0.00409
1030.2	0.0041
1030.4	0.00414
1030.6	0.00408
1030.8	0.00404
1031.0	0.00405
1031.2	0.00398
1031.4	0.00399
1031.6	0.00406
1031.8	0.00402
1032.0	0.00406
1032.2	0.00407
1032.4	0.00401
1032.6	0.00401
1032.8	0.00402
1033.0	0.00399
1033.2	0.00401
1033.4	0.00411
1033.6	0.00406
1033.8	0.00409
1034.0	0.0041
1034.2	0.00405
1034.4	0.00406
1034.6	0.00414
1034.8	0.00415
1035.0	0.0042
1035.2	0.00424
1035.4	0.00416
1035.6	0.00413
1035.8	0.00411
1036.0	0.00404
1036.2	0.0041
1036.4	0.00413
1036.6	0.00412
1036.8	0.00419
1037.0	0.0042
1037.2	0.0042
1037.4	0.00424
1037.6	0.00418
1037.8	0.00423
1038.0	0.00429
1038.2	0.00427
1038.4	0.00438
1038.6	0.00439
1038.8	0.00447
1039.0	0.00458
1039.2	0.00456
1039.4	0.00454
1039.6	0.00458
1039.8	0.00451
1040.0	0.00458
1040.2	0.00466
1040.4	0.00465
1040.6	0.00479
1040.8	0.00481
1041.0	0.00482
1041.2	0.00487
1041.4	0.00484
1041.6	0.00487
1041.8	0.00493
1042.0	0.00491
1042.2	0.00501
1042.4	0.00507
1042.6	0.00509
1042.8	0.00517
1043.0	0.00517
1043.2	0.0052
1043.4	0.00528
1043.6	0.00522
1043.8	0.00529
1044.0	0.0053
1044.2	0.00532
1044.4	0.00542
1044.6	0.00544
1044.8	0.00546
1045.0	0.00546
1045.2	0.00561
1045.4	0.00563
1045.6	0.00563
1045.8	0.00566
1046.0	0.00566
1046.2	0.00566
1046.4	0.00562
1046.6	0.00562
1046.8	0.0056
1047.0	0.0056
1047.2	0.00556
1047.4	0.00558
1047.6	0.00556
1047.8	0.00554
1048.0	0.00555
1048.2	0.00548
1048.4	0.00547
1048.6	0.00542
1048.8	0.00539
1049.0	0.00537
1049.2	0.00537
1049.4	0.00536
1049.6	0.00529
1049.8	0.00521
1050.0	0.00509
1050.2	0.00509
1050.4	0.00512
1050.6	0.00507
1050.8	0.00495
1051.0	0.00497
1051.2	0.00499
1051.4	0.00493
1051.6	0.00483
1051.8	0.00489
1052.0	0.00491
1052.2	0.00487
1052.4	0.00482
1052.6	0.0048
1052.8	0.00484
1053.0	0.00483
1053.2	0.00476
1053.4	0.00475
1053.6	0.00479
1053.8	0.00482
1054.0	0.0048
1054.2	0.00479
1054.4	0.00482
1054.6	0.00483
1054.8	0.00481
1055.0	0.0048
1055.2	0.00488
1055.4	0.0049
1055.6	0.00484
1055.8	0.00484
1056.0	0.00491
1056.2	0.00496
1056.4	0.00496
1056.6	0.00498
1056.8	0.00503
1057.0	0.00506
1057.2	0.00508
1057.4	0.00509
1057.6	0.00513
1057.8	0.00518
1058.0	0.00518
1058.2	0.00521
1058.4	0.00529
1058.6	0.00536
1058.8	0.00536
1059.0	0.0054
1059.2	0.00549
1059.4	0.00555
1059.6	0.00556
1059.8	0.00583
1060.0	0.00588
1060.2	0.00588
1060.4	0.00593
1060.6	0.00603
1060.8	0.00613
1061.0	0.00617
1061.2	0.00617
1061.4	0.00624
1061.6	0.00637
1061.8	0.00648
1062.0	0.00647
1062.2	0.00648
1062.4	0.00662
1062.6	0.00671
1062.8	0.00671
1063.0	0.0067
1063.2	0.0068
1063.4	0.007
1063.6	0.00699
1063.8	0.00695
1064.0	0.007
1064.2	0.00716
1064.4	0.00729
1064.6	0.00724
1064.8	0.00722
1065.0	0.0073
1065.2	0.00742
1065.4	0.00744
1065.6	0.00734
1065.8	0.00743
1066.0	0.00748
1066.2	0.00751
1066.4	0.00752
1066.6	0.00739
1066.8	0.00743
1067.0	0.00752
1067.2	0.00747
1067.4	0.00736
1067.6	0.00734
1067.8	0.00739
1068.0	0.00736
1068.2	0.00729
1068.4	0.00724
1068.6	0.00721
1068.8	0.00719
1069.0	0.00711
1069.2	0.007
1069.4	0.00694
1069.6	0.0069
1069.8	0.00685
1070.0	0.0068
1070.2	0.00673
1070.4	0.00667
1070.6	0.0066
1070.8	0.00654
1071.0	0.00647
1071.2	0.00641
1071.4	0.00635
1071.6	0.00628
1071.8	0.00622
1072.0	0.00615
1072.2	0.00608
1072.4	0.00603
1072.6	0.00599
1072.8	0.00595
1073.0	0.00587
1073.2	0.0058
1073.4	0.00572
1073.6	0.00566
1073.8	0.00561
1074.0	0.00556
1074.2	0.00553
1074.4	0.00551
1074.6	0.00548
1074.8	0.00546
1075.0	0.00543
1075.2	0.00541
1075.4	0.0054
1075.6	0.00538
1075.8	0.00537
1076.0	0.00536
1076.2	0.00536
1076.4	0.00535
1076.6	0.00535
1076.8	0.00535
1077.0	0.00536
1077.2	0.00537
1077.4	0.00538
1077.6	0.00537
1077.8	0.00537
1078.0	0.00538
1078.2	0.0054
1078.4	0.00542
1078.6	0.00545
1078.8	0.00549
1079.0	0.00553
1079.2	0.00558
1079.4	0.00563
1079.6	0.00569
1079.8	0.00574
1080.0	0.00577
1080.2	0.00581
1080.4	0.00584
1080.6	0.00587
1080.8	0.0059
1081.0	0.00595
1081.2	0.006
1081.4	0.00606
1081.6	0.00613
1081.8	0.0062
1082.0	0.00626
1082.2	0.00631
1082.4	0.00636
1082.6	0.00641
1082.8	0.00647
1083.0	0.00652
1083.2	0.00658
1083.4	0.00665
1083.6	0.00671
1083.8	0.00677
1084.0	0.00682
1084.2	0.00687
1084.4	0.00694
1084.6	0.007
1084.8	0.00707
1085.0	0.00707
1085.2	0.00708
1085.4	0.0071
1085.6	0.00714
1085.8	0.00719
1086.0	0.00723
1086.2	0.00727
1086.4	0.0073
1086.6	0.00731
1086.8	0.00732
1087.0	0.00733
1087.2	0.00735
1087.4	0.00737
1087.6	0.0074
1087.8	0.0074
1088.0	0.00739
1088.2	0.00738
1088.4	0.00733
1088.6	0.00728
1088.8	0.00723
1089.0	0.00716
1089.2	0.0071
1089.4	0.00704
1089.6	0.00701
1089.8	0.00698
1090.0	0.00695
1090.2	0.00693
1090.4	0.00691
1090.6	0.00687
1090.8	0.00676
1091.0	0.00666
1091.2	0.00656
1091.4	0.00647
1091.6	0.00638
1091.8	0.00632
1092.0	0.00627
1092.2	0.00621
1092.4	0.00615
1092.6	0.00609
1092.8	0.00603
1093.0	0.00595
1093.2	0.00588
1093.4	0.00581
1093.6	0.00576
1093.8	0.00571
1094.0	0.00566
1094.2	0.00561
1094.4	0.00556
1094.6	0.00551
1094.8	0.00546
1095.0	0.00541
1095.2	0.00539
1095.4	0.00538
1095.6	0.00538
1095.8	0.00536
1096.0	0.00534
1096.2	0.00532
1096.4	0.00529
1096.6	0.00526
1096.8	0.00523
1097.0	0.00519
1097.2	0.00516
1097.4	0.00513
1097.6	0.00513
1097.8	0.00512
1098.0	0.00508
1098.2	0.00503
1098.4	0.00498
1098.6	0.00492
1098.8	0.00486
1099.0	0.0048
1099.2	0.00481
1099.4	0.00482
1099.6	0.00482
1099.8	0.00483
1100.0	0.00484
1100.2	0.00485
1100.4	0.00486
1100.6	0.00483
1100.8	0.00479
1101.0	0.00482
1101.2	0.00485
1101.4	0.00487
1101.6	0.0049
1101.8	0.00493
1102.0	0.00495
1102.2	0.00496
1102.4	0.00498
1102.6	0.00502
1102.8	0.00505
1103.0	0.00508
1103.2	0.00512
1103.4	0.00516
1103.6	0.00522
1103.8	0.00526
1104.0	0.0053
1104.2	0.00534
1104.4	0.00538
1104.6	0.00543
1104.8	0.00547
1105.0	0.00555
1105.2	0.00563
1105.4	0.0057
1105.6	0.00577
1105.8	0.00584
1106.0	0.00591
1106.2	0.00599
1106.4	0.00607
1106.6	0.00615
1106.8	0.00623
1107.0	0.00631
1107.2	0.00639
1107.4	0.00647
1107.6	0.00656
1107.8	0.0067
1108.0	0.0069
1108.2	0.00703
1108.4	0.00714
1108.6	0.00725
1108.8	0.00736
1109.0	0.00748
