300.00	9.5000001465451E-7
300.50	9.5000001465451E-7
301.00	9.5000001465451E-7
301.50	9.5000001465451E-7
302.00	9.5000001465451E-7
302.50	9.5000001465451E-7
303.00	9.5000001465451E-7
303.50	9.5000001465451E-7
304.00	9.5000001465451E-7
304.50	9.5000001465451E-7
305.00	9.5000001465451E-7
305.50	9.5000001465451E-7
306.00	9.5000001465451E-7
306.50	9.5000001465451E-7
307.00	9.5000001465451E-7
307.50	9.5000001465451E-7
308.00	9.5000001465451E-7
308.50	9.5000001465451E-7
309.00	9.5000001465451E-7
309.50	9.5000001465451E-7
310.00	9.5000001465451E-7
310.50	9.5000001465451E-7
311.00	9.5000001465451E-7
311.50	9.5000001465451E-7
312.00	9.5000001465451E-7
312.50	9.5000001465451E-7
313.00	9.5000001465451E-7
313.50	9.5000001465451E-7
314.00	1.2627499472728E-6
314.50	9.5000001465451E-7
315.00	9.5000001465451E-7
315.50	9.5000001465451E-7
316.00	9.5000001465451E-7
316.50	9.5000001465451E-7
317.00	9.5000001465451E-7
317.50	9.5000001465451E-7
318.00	9.5000001465451E-7
318.50	9.5000001465451E-7
319.00	9.5000001465451E-7
319.50	9.5000001465451E-7
320.00	9.5000001465451E-7
320.50	9.5000001465451E-7
321.00	9.5000001465451E-7
321.50	9.5000001465451E-7
322.00	9.5000001465451E-7
322.50	9.5000001465451E-7
323.00	9.5000001465451E-7
323.50	9.5000001465451E-7
324.00	9.5000001465451E-7
324.50	9.5000001465451E-7
325.00	9.5000001465451E-7
325.50	9.5000001465451E-7
326.00	9.5000001465451E-7
326.50	9.5000001465451E-7
327.00	9.5000001465451E-7
327.50	9.5000001465451E-7
328.00	9.5000001465451E-7
328.50	9.5000001465451E-7
329.00	9.5000001465451E-7
329.50	9.5000001465451E-7
330.00	9.5000001465451E-7
330.50	9.5000001465451E-7
331.00	9.5000001465451E-7
331.50	9.5000001465451E-7
332.00	9.5000001465451E-7
332.50	9.5000001465451E-7
333.00	9.5000001465451E-7
333.50	9.5000001465451E-7
334.00	9.5000001465451E-7
334.50	9.5000001465451E-7
335.00	9.5000001465451E-7
335.50	9.5000001465451E-7
336.00	9.5000001465451E-7
336.50	1.6704700556147E-6
337.00	9.5000001465451E-7
337.50	9.5000001465451E-7
338.00	9.5000001465451E-7
338.50	9.5000001465451E-7
339.00	9.5000001465451E-7
339.50	9.5000001465451E-7
340.00	9.5000001465451E-7
340.50	9.5000001465451E-7
341.00	1.085399958356E-6
341.50	9.5000001465451E-7
342.00	9.5000001465451E-7
342.50	9.5000001465451E-7
343.00	9.5000001465451E-7
343.50	9.5000001465451E-7
344.00	9.5000001465451E-7
344.50	9.5000001465451E-7
345.00	9.5000001465451E-7
345.50	9.5000001465451E-7
346.00	9.5000001465451E-7
346.50	9.5000001465451E-7
347.00	1.4600799431719E-6
347.50	9.5000001465451E-7
348.00	9.5000001465451E-7
348.50	9.5000001465451E-7
349.00	9.5000001465451E-7
349.50	9.5000001465451E-7
350.00	9.5000001465451E-7
350.50	9.5000001465451E-7
351.00	9.5000001465451E-7
351.50	9.5000001465451E-7
352.00	9.5000001465451E-7
352.50	9.5000001465451E-7
353.00	9.5000001465451E-7
353.50	9.5000001465451E-7
354.00	9.5000001465451E-7
354.50	9.5000001465451E-7
355.00	9.5000001465451E-7
355.50	9.5000001465451E-7
356.00	9.5000001465451E-7
356.50	9.5000001465451E-7
357.00	9.5000001465451E-7
357.50	9.5000001465451E-7
358.00	9.5000001465451E-7
358.50	9.5000001465451E-7
359.00	9.5000001465451E-7
359.50	9.5000001465451E-7
360.00	9.5000001465451E-7
360.50	9.5000001465451E-7
361.00	9.5000001465451E-7
361.50	9.5000001465451E-7
362.00	9.5000001465451E-7
362.50	9.5000001465451E-7
363.00	9.5000001465451E-7
363.50	9.5000001465451E-7
364.00	9.5000001465451E-7
364.50	9.5000001465451E-7
365.00	9.5000001465451E-7
365.50	9.5000001465451E-7
366.00	9.5000001465451E-7
366.50	9.5000001465451E-7
367.00	9.5000001465451E-7
367.50	9.5000001465451E-7
368.00	9.5000001465451E-7
368.50	9.5000001465451E-7
369.00	9.5000001465451E-7
369.50	9.5000001465451E-7
370.00	9.5000001465451E-7
370.50	9.5000001465451E-7
371.00	9.5000001465451E-7
371.50	9.5000001465451E-7
372.00	9.5000001465451E-7
372.50	9.5000001465451E-7
373.00	9.5000001465451E-7
373.50	9.5000001465451E-7
374.00	9.5000001465451E-7
374.50	9.5000001465451E-7
375.00	9.5000001465451E-7
375.50	9.5000001465451E-7
376.00	9.5000001465451E-7
376.50	9.5000001465451E-7
377.00	9.5000001465451E-7
377.50	9.5000001465451E-7
378.00	9.5000001465451E-7
378.50	9.5000001465451E-7
379.00	9.5000001465451E-7
379.50	9.5000001465451E-7
380.00	9.5000001465451E-7
380.50	9.5000001465451E-7
381.00	9.5000001465451E-7
381.50	9.5000001465451E-7
382.00	9.5000001465451E-7
382.50	9.5000001465451E-7
383.00	9.5000001465451E-7
383.50	9.5000001465451E-7
384.00	9.5000001465451E-7
384.50	9.5000001465451E-7
385.00	9.5000001465451E-7
385.50	9.5000001465451E-7
386.00	9.5000001465451E-7
386.50	9.5000001465451E-7
387.00	9.5000001465451E-7
387.50	9.5000001465451E-7
388.00	9.5000001465451E-7
388.50	9.5000001465451E-7
389.00	9.5000001465451E-7
389.50	9.5000001465451E-7
390.00	9.5000001465451E-7
390.50	9.5000001465451E-7
391.00	9.5000001465451E-7
391.50	9.5000001465451E-7
392.00	9.5000001465451E-7
392.50	9.5000001465451E-7
393.00	9.5000001465451E-7
393.50	9.5000001465451E-7
394.00	9.5000001465451E-7
394.50	9.5000001465451E-7
395.00	9.5000001465451E-7
395.50	9.5000001465451E-7
396.00	9.5000001465451E-7
396.50	9.5000001465451E-7
397.00	9.5000001465451E-7
397.50	9.5000001465451E-7
398.00	9.5000001465451E-7
398.50	9.5000001465451E-7
399.00	9.5000001465451E-7
399.50	9.5000001465451E-7
400.00	9.5000001465451E-7
400.50	9.5000001465451E-7
401.00	9.5000001465451E-7
401.50	9.5000001465451E-7
402.00	9.5000001465451E-7
402.50	9.5000001465451E-7
403.00	9.5000001465451E-7
403.50	9.5000001465451E-7
404.00	9.5000001465451E-7
404.50	9.5000001465451E-7
405.00	9.5000001465451E-7
405.50	9.5000001465451E-7
406.00	9.5000001465451E-7
406.50	9.5000001465451E-7
407.00	9.5000001465451E-7
407.50	9.5000001465451E-7
408.00	9.5000001465451E-7
408.50	9.5000001465451E-7
409.00	9.5000001465451E-7
409.50	9.5000001465451E-7
410.00	9.5000001465451E-7
410.50	9.5000001465451E-7
411.00	9.5000001465451E-7
411.50	9.5000001465451E-7
412.00	9.5000001465451E-7
412.50	9.5000001465451E-7
413.00	9.5000001465451E-7
413.50	9.5000001465451E-7
414.00	9.5000001465451E-7
414.50	9.5000001465451E-7
415.00	9.5000001465451E-7
415.50	9.5000001465451E-7
416.00	9.5000001465451E-7
416.50	9.5000001465451E-7
417.00	9.5000001465451E-7
417.50	9.5000001465451E-7
418.00	9.5000001465451E-7
418.50	9.5000001465451E-7
419.00	9.5000001465451E-7
419.50	9.5000001465451E-7
420.00	9.5000001465451E-7
420.50	9.5000001465451E-7
421.00	9.5000001465451E-7
421.50	9.5000001465451E-7
422.00	9.5000001465451E-7
422.50	9.5000001465451E-7
423.00	9.5000001465451E-7
423.50	9.5000001465451E-7
424.00	9.5000001465451E-7
424.50	9.5000001465451E-7
425.00	9.5000001465451E-7
425.50	9.5000001465451E-7
426.00	9.5000001465451E-7
426.50	9.5000001465451E-7
427.00	9.5000001465451E-7
427.50	9.5000001465451E-7
428.00	9.5000001465451E-7
428.50	9.5000001465451E-7
429.00	9.5000001465451E-7
429.50	9.5000001465451E-7
430.00	9.5000001465451E-7
430.50	9.5000001465451E-7
431.00	9.5000001465451E-7
431.50	9.5000001465451E-7
432.00	9.5000001465451E-7
432.50	9.5000001465451E-7
433.00	9.5000001465451E-7
433.50	9.5000001465451E-7
434.00	9.5000001465451E-7
434.50	9.5000001465451E-7
435.00	9.5000001465451E-7
435.50	9.5000001465451E-7
436.00	9.5000001465451E-7
436.50	9.5000001465451E-7
437.00	9.5000001465451E-7
437.50	9.5000001465451E-7
438.00	9.5000001465451E-7
438.50	9.5000001465451E-7
439.00	9.5000001465451E-7
439.50	9.5000001465451E-7
440.00	9.5000001465451E-7
440.50	9.5000001465451E-7
441.00	9.5000001465451E-7
441.50	9.5000001465451E-7
442.00	9.5000001465451E-7
442.50	9.5000001465451E-7
443.00	9.5000001465451E-7
443.50	9.5000001465451E-7
444.00	9.5000001465451E-7
444.50	9.5000001465451E-7
445.00	9.5000001465451E-7
445.50	9.5000001465451E-7
446.00	9.5000001465451E-7
446.50	9.5000001465451E-7
447.00	9.5000001465451E-7
447.50	9.5000001465451E-7
448.00	9.5000001465451E-7
448.50	9.5000001465451E-7
449.00	9.5000001465451E-7
449.50	9.5000001465451E-7
450.00	9.5000001465451E-7
450.50	9.5000001465451E-7
451.00	9.5000001465451E-7
451.50	9.5000001465451E-7
452.00	9.5000001465451E-7
452.50	9.5000001465451E-7
453.00	9.5000001465451E-7
453.50	9.5000001465451E-7
454.00	9.5000001465451E-7
454.50	9.5000001465451E-7
455.00	9.5000001465451E-7
455.50	9.5000001465451E-7
456.00	9.5000001465451E-7
456.50	9.5000001465451E-7
457.00	9.5000001465451E-7
457.50	9.5000001465451E-7
458.00	9.5000001465451E-7
458.50	9.5000001465451E-7
459.00	9.5000001465451E-7
459.50	9.5000001465451E-7
460.00	9.5000001465451E-7
460.50	9.5000001465451E-7
461.00	9.5000001465451E-7
461.50	9.5000001465451E-7
462.00	9.5000001465451E-7
462.50	9.5000001465451E-7
463.00	9.5000001465451E-7
463.50	9.5000001465451E-7
464.00	9.5000001465451E-7
464.50	9.5000001465451E-7
465.00	9.5000001465451E-7
465.50	9.5000001465451E-7
466.00	9.5000001465451E-7
466.50	9.5000001465451E-7
467.00	9.5000001465451E-7
467.50	9.5000001465451E-7
468.00	9.5000001465451E-7
468.50	9.5000001465451E-7
469.00	9.5000001465451E-7
469.50	9.5000001465451E-7
470.00	9.5000001465451E-7
470.50	9.5000001465451E-7
471.00	9.5000001465451E-7
471.50	9.5000001465451E-7
472.00	9.5000001465451E-7
472.50	9.5000001465451E-7
473.00	9.5000001465451E-7
473.50	9.5000001465451E-7
474.00	9.5000001465451E-7
474.50	9.5000001465451E-7
475.00	9.5000001465451E-7
475.50	9.5000001465451E-7
476.00	9.5000001465451E-7
476.50	9.5000001465451E-7
477.00	9.5000001465451E-7
477.50	9.5000001465451E-7
478.00	9.5000001465451E-7
478.50	9.5000001465451E-7
479.00	9.5000001465451E-7
479.50	9.5000001465451E-7
480.00	9.5000001465451E-7
480.50	9.5000001465451E-7
481.00	9.5000001465451E-7
481.50	9.5000001465451E-7
482.00	9.5000001465451E-7
482.50	9.5000001465451E-7
483.00	9.5000001465451E-7
483.50	9.5000001465451E-7
484.00	9.5000001465451E-7
484.50	9.5000001465451E-7
485.00	9.5000001465451E-7
485.50	9.5000001465451E-7
486.00	9.5000001465451E-7
486.50	9.5000001465451E-7
487.00	9.5000001465451E-7
487.50	9.5000001465451E-7
488.00	9.5000001465451E-7
488.50	9.5000001465451E-7
489.00	9.5000001465451E-7
489.50	9.5000001465451E-7
490.00	9.5000001465451E-7
490.50	9.5000001465451E-7
491.00	9.5000001465451E-7
491.50	9.5000001465451E-7
492.00	9.5000001465451E-7
492.50	9.5000001465451E-7
493.00	9.5000001465451E-7
493.50	9.5000001465451E-7
494.00	9.5000001465451E-7
494.50	9.5000001465451E-7
495.00	9.5000001465451E-7
495.50	9.5000001465451E-7
496.00	9.5000001465451E-7
496.50	9.5000001465451E-7
497.00	9.5000001465451E-7
497.50	9.5000001465451E-7
498.00	9.5000001465451E-7
498.50	9.5000001465451E-7
499.00	9.5000001465451E-7
499.50	9.5000001465451E-7
500.00	9.5000001465451E-7
500.50	9.5000001465451E-7
501.00	9.5000001465451E-7
501.50	9.5000001465451E-7
502.00	9.5000001465451E-7
502.50	9.5000001465451E-7
503.00	9.5000001465451E-7
503.50	9.5000001465451E-7
504.00	9.5000001465451E-7
504.50	9.5000001465451E-7
505.00	9.5000001465451E-7
505.50	9.5000001465451E-7
506.00	9.5000001465451E-7
506.50	9.5000001465451E-7
507.00	9.5000001465451E-7
507.50	9.5000001465451E-7
508.00	9.5000001465451E-7
508.50	9.5000001465451E-7
509.00	9.5000001465451E-7
509.50	9.5000001465451E-7
510.00	9.5000001465451E-7
510.50	9.5000001465451E-7
511.00	9.5000001465451E-7
511.50	9.5000001465451E-7
512.00	9.5000001465451E-7
512.50	9.5000001465451E-7
513.00	9.5000001465451E-7
513.50	9.5000001465451E-7
514.00	9.5000001465451E-7
514.50	9.5000001465451E-7
515.00	9.5000001465451E-7
515.50	9.5000001465451E-7
516.00	9.5000001465451E-7
516.50	9.5000001465451E-7
517.00	9.5000001465451E-7
517.50	9.5000001465451E-7
518.00	9.5000001465451E-7
518.50	9.5000001465451E-7
519.00	9.5000001465451E-7
519.50	1.1276499662927E-6
520.00	1.6283800050587E-6
520.50	3.4441000025254E-6
521.00	6.2787498791295E-6
521.50	1.3267699614516E-5
522.00	3.0500699722324E-5
522.50	6.6750500991475E-5
523.00	0.00017321099585388
523.50	0.00050500000361353
524.00	0.0016299899434671
524.50	0.0058722700923681
525.00	0.024727199226618
525.50	0.10743000358343
526.00	0.32930299639702
526.50	0.64879500865936
527.00	0.88714700937271
527.50	0.9732940196991
528.00	0.98103302717209
528.50	0.9783890247345
529.00	0.97701799869537
529.50	0.97944301366806
530.00	0.98304802179337
530.50	0.98562097549438
531.00	0.98519802093506
531.50	0.98409402370453
532.00	0.98638498783112
532.50	0.98857498168945
533.00	0.98871302604675
533.50	0.98773002624512
534.00	0.98440098762512
534.50	0.97367000579834
535.00	0.92613399028778
535.50	0.78459900617599
536.00	0.53947299718857
536.50	0.28184598684311
537.00	0.10953299701214
537.50	0.036231201142073
538.00	0.011582500301301
538.50	0.0042222198098898
539.00	0.00155555002857
539.50	0.00060908199520782
540.00	0.00024996700813062
540.50	0.00011495399667183
541.00	5.3305200708564E-5
541.50	2.6285100830137E-5
542.00	1.2828299986722E-5
542.50	6.9407401497301E-6
543.00	4.0104500840243E-6
543.50	1.6824200201881E-6
544.00	1.3782799896944E-6
544.50	9.5000001465451E-7
545.00	9.5000001465451E-7
545.50	9.5000001465451E-7
546.00	9.5000001465451E-7
546.50	9.5000001465451E-7
547.00	9.5000001465451E-7
547.50	9.5000001465451E-7
548.00	9.5000001465451E-7
548.50	9.5000001465451E-7
549.00	9.5000001465451E-7
549.50	9.5000001465451E-7
550.00	9.5000001465451E-7
550.50	9.5000001465451E-7
551.00	9.5000001465451E-7
551.50	9.5000001465451E-7
552.00	9.5000001465451E-7
552.50	9.5000001465451E-7
553.00	9.5000001465451E-7
553.50	9.5000001465451E-7
554.00	9.5000001465451E-7
554.50	9.5000001465451E-7
555.00	9.5000001465451E-7
555.50	9.5000001465451E-7
556.00	9.5000001465451E-7
556.50	9.5000001465451E-7
557.00	9.5000001465451E-7
557.50	9.5000001465451E-7
558.00	9.5000001465451E-7
558.50	9.5000001465451E-7
559.00	9.5000001465451E-7
559.50	9.5000001465451E-7
560.00	9.5000001465451E-7
560.50	9.5000001465451E-7
561.00	9.5000001465451E-7
561.50	9.5000001465451E-7
562.00	9.5000001465451E-7
562.50	9.5000001465451E-7
563.00	9.5000001465451E-7
563.50	9.5000001465451E-7
564.00	9.5000001465451E-7
564.50	9.5000001465451E-7
565.00	9.5000001465451E-7
565.50	9.5000001465451E-7
566.00	9.5000001465451E-7
566.50	9.5000001465451E-7
567.00	9.5000001465451E-7
567.50	9.5000001465451E-7
568.00	9.5000001465451E-7
568.50	9.5000001465451E-7
569.00	9.5000001465451E-7
569.50	9.5000001465451E-7
570.00	9.5000001465451E-7
570.50	9.5000001465451E-7
571.00	9.5000001465451E-7
571.50	9.5000001465451E-7
572.00	9.5000001465451E-7
572.50	9.5000001465451E-7
573.00	9.5000001465451E-7
573.50	9.5000001465451E-7
574.00	9.5000001465451E-7
574.50	9.5000001465451E-7
575.00	9.5000001465451E-7
575.50	9.5000001465451E-7
576.00	9.5000001465451E-7
576.50	9.5000001465451E-7
577.00	9.5000001465451E-7
577.50	9.5000001465451E-7
578.00	9.5000001465451E-7
578.50	9.5000001465451E-7
579.00	9.5000001465451E-7
579.50	9.5000001465451E-7
580.00	9.5000001465451E-7
580.50	9.5000001465451E-7
581.00	9.5000001465451E-7
581.50	9.5000001465451E-7
582.00	9.5000001465451E-7
582.50	9.5000001465451E-7
583.00	9.5000001465451E-7
583.50	9.5000001465451E-7
584.00	9.5000001465451E-7
584.50	9.5000001465451E-7
585.00	9.5000001465451E-7
585.50	9.5000001465451E-7
586.00	9.5000001465451E-7
586.50	9.5000001465451E-7
587.00	9.5000001465451E-7
587.50	9.5000001465451E-7
588.00	9.5000001465451E-7
588.50	9.5000001465451E-7
589.00	9.5000001465451E-7
589.50	9.5000001465451E-7
590.00	9.5000001465451E-7
590.50	9.5000001465451E-7
591.00	9.5000001465451E-7
591.50	9.5000001465451E-7
592.00	9.5000001465451E-7
592.50	9.5000001465451E-7
593.00	9.5000001465451E-7
593.50	9.5000001465451E-7
594.00	9.5000001465451E-7
594.50	9.5000001465451E-7
595.00	9.5000001465451E-7
595.50	9.5000001465451E-7
596.00	9.5000001465451E-7
596.50	9.5000001465451E-7
597.00	9.5000001465451E-7
597.50	9.5000001465451E-7
598.00	9.5000001465451E-7
598.50	9.5000001465451E-7
599.00	9.5000001465451E-7
599.50	9.5000001465451E-7
600.00	9.5000001465451E-7
600.50	9.5000001465451E-7
601.00	9.5000001465451E-7
601.50	9.5000001465451E-7
602.00	9.5000001465451E-7
602.50	9.5000001465451E-7
603.00	9.5000001465451E-7
603.50	9.5000001465451E-7
604.00	9.5000001465451E-7
604.50	9.5000001465451E-7
605.00	9.5000001465451E-7
605.50	9.5000001465451E-7
606.00	9.5000001465451E-7
606.50	9.5000001465451E-7
607.00	9.5000001465451E-7
607.50	9.5000001465451E-7
608.00	9.5000001465451E-7
608.50	9.5000001465451E-7
609.00	9.5000001465451E-7
609.50	9.5000001465451E-7
610.00	9.5000001465451E-7
610.50	9.5000001465451E-7
611.00	9.5000001465451E-7
611.50	9.5000001465451E-7
612.00	9.5000001465451E-7
612.50	9.5000001465451E-7
613.00	9.5000001465451E-7
613.50	9.5000001465451E-7
614.00	9.5000001465451E-7
614.50	9.5000001465451E-7
615.00	9.5000001465451E-7
615.50	9.5000001465451E-7
616.00	9.5000001465451E-7
616.50	9.5000001465451E-7
617.00	9.5000001465451E-7
617.50	9.5000001465451E-7
618.00	9.5000001465451E-7
618.50	9.5000001465451E-7
619.00	9.5000001465451E-7
619.50	9.5000001465451E-7
620.00	9.5000001465451E-7
620.50	9.5000001465451E-7
621.00	9.5000001465451E-7
621.50	9.5000001465451E-7
622.00	9.5000001465451E-7
622.50	9.5000001465451E-7
623.00	9.5000001465451E-7
623.50	9.5000001465451E-7
624.00	9.5000001465451E-7
624.50	9.5000001465451E-7
625.00	9.5000001465451E-7
625.50	9.5000001465451E-7
626.00	9.5000001465451E-7
626.50	9.5000001465451E-7
627.00	9.5000001465451E-7
627.50	9.5000001465451E-7
628.00	9.5000001465451E-7
628.50	9.5000001465451E-7
629.00	9.5000001465451E-7
629.50	9.5000001465451E-7
630.00	9.5000001465451E-7
630.50	9.5000001465451E-7
631.00	9.5000001465451E-7
631.50	9.5000001465451E-7
632.00	9.5000001465451E-7
632.50	9.5000001465451E-7
633.00	9.5000001465451E-7
633.50	9.5000001465451E-7
634.00	9.5000001465451E-7
634.50	9.5000001465451E-7
635.00	9.5000001465451E-7
635.50	9.5000001465451E-7
636.00	9.5000001465451E-7
636.50	9.5000001465451E-7
637.00	9.5000001465451E-7
637.50	9.5000001465451E-7
638.00	9.5000001465451E-7
638.50	9.5000001465451E-7
639.00	9.5000001465451E-7
639.50	9.5000001465451E-7
640.00	9.5000001465451E-7
640.50	9.5000001465451E-7
641.00	9.5000001465451E-7
641.50	9.5000001465451E-7
642.00	9.5000001465451E-7
642.50	9.5000001465451E-7
643.00	9.5000001465451E-7
643.50	9.5000001465451E-7
644.00	9.5000001465451E-7
644.50	9.5000001465451E-7
645.00	9.5000001465451E-7
645.50	9.5000001465451E-7
646.00	9.5000001465451E-7
646.50	9.5000001465451E-7
647.00	9.5000001465451E-7
647.50	9.5000001465451E-7
648.00	9.5000001465451E-7
648.50	9.5000001465451E-7
649.00	9.5000001465451E-7
649.50	9.5000001465451E-7
650.00	9.5000001465451E-7
650.50	9.5000001465451E-7
651.00	9.5000001465451E-7
651.50	9.5000001465451E-7
652.00	9.5000001465451E-7
652.50	9.5000001465451E-7
653.00	9.5000001465451E-7
653.50	9.5000001465451E-7
654.00	9.5000001465451E-7
654.50	9.5000001465451E-7
655.00	9.5000001465451E-7
655.50	9.5000001465451E-7
656.00	9.5000001465451E-7
656.50	9.5000001465451E-7
657.00	9.5000001465451E-7
657.50	9.5000001465451E-7
658.00	9.5000001465451E-7
658.50	9.5000001465451E-7
659.00	9.5000001465451E-7
659.50	9.5000001465451E-7
660.00	9.5000001465451E-7
660.50	9.5000001465451E-7
661.00	9.5000001465451E-7
661.50	9.5000001465451E-7
662.00	9.5000001465451E-7
662.50	9.5000001465451E-7
663.00	9.5000001465451E-7
663.50	9.5000001465451E-7
664.00	9.5000001465451E-7
664.50	9.5000001465451E-7
665.00	9.5000001465451E-7
665.50	9.5000001465451E-7
666.00	9.5000001465451E-7
666.50	9.5000001465451E-7
667.00	9.5000001465451E-7
667.50	9.5000001465451E-7
668.00	9.5000001465451E-7
668.50	9.5000001465451E-7
669.00	9.5000001465451E-7
669.50	9.5000001465451E-7
670.00	9.5000001465451E-7
670.50	9.5000001465451E-7
671.00	9.5000001465451E-7
671.50	9.5000001465451E-7
672.00	9.5000001465451E-7
672.50	9.5000001465451E-7
673.00	9.5000001465451E-7
673.50	9.5000001465451E-7
674.00	9.5000001465451E-7
674.50	9.5000001465451E-7
675.00	9.5000001465451E-7
675.50	9.5000001465451E-7
676.00	9.5000001465451E-7
676.50	9.5000001465451E-7
677.00	9.5000001465451E-7
677.50	9.5000001465451E-7
678.00	9.5000001465451E-7
678.50	9.5000001465451E-7
679.00	9.5000001465451E-7
679.50	9.5000001465451E-7
680.00	9.5000001465451E-7
680.50	9.5000001465451E-7
681.00	9.5000001465451E-7
681.50	9.5000001465451E-7
682.00	9.5000001465451E-7
682.50	9.5000001465451E-7
683.00	9.5000001465451E-7
683.50	9.5000001465451E-7
684.00	9.5000001465451E-7
684.50	9.5000001465451E-7
685.00	9.5000001465451E-7
685.50	9.5000001465451E-7
686.00	9.5000001465451E-7
686.50	9.5000001465451E-7
687.00	9.5000001465451E-7
687.50	9.5000001465451E-7
688.00	9.5000001465451E-7
688.50	9.5000001465451E-7
689.00	9.5000001465451E-7
689.50	9.5000001465451E-7
690.00	9.5000001465451E-7
690.50	9.5000001465451E-7
691.00	9.5000001465451E-7
691.50	9.5000001465451E-7
692.00	9.5000001465451E-7
692.50	9.5000001465451E-7
693.00	9.5000001465451E-7
693.50	9.5000001465451E-7
694.00	9.5000001465451E-7
694.50	9.5000001465451E-7
695.00	9.5000001465451E-7
695.50	9.5000001465451E-7
696.00	9.5000001465451E-7
696.50	9.5000001465451E-7
697.00	9.5000001465451E-7
697.50	9.5000001465451E-7
698.00	9.5000001465451E-7
698.50	9.5000001465451E-7
699.00	9.5000001465451E-7
699.50	9.5000001465451E-7
700.00	9.5000001465451E-7
700.50	9.5000001465451E-7
701.00	9.5000001465451E-7
701.50	9.5000001465451E-7
702.00	9.5000001465451E-7
702.50	9.5000001465451E-7
703.00	9.5000001465451E-7
703.50	9.5000001465451E-7
704.00	9.5000001465451E-7
704.50	9.5000001465451E-7
705.00	9.5000001465451E-7
705.50	9.5000001465451E-7
706.00	9.5000001465451E-7
706.50	9.5000001465451E-7
707.00	9.5000001465451E-7
707.50	9.5000001465451E-7
708.00	9.5000001465451E-7
708.50	9.5000001465451E-7
709.00	9.5000001465451E-7
709.50	9.5000001465451E-7
710.00	9.5000001465451E-7
710.50	9.5000001465451E-7
711.00	9.5000001465451E-7
711.50	9.5000001465451E-7
712.00	9.5000001465451E-7
712.50	9.5000001465451E-7
713.00	9.5000001465451E-7
713.50	9.5000001465451E-7
714.00	9.5000001465451E-7
714.50	9.5000001465451E-7
715.00	9.5000001465451E-7
715.50	9.5000001465451E-7
716.00	9.5000001465451E-7
716.50	9.5000001465451E-7
717.00	9.5000001465451E-7
717.50	9.5000001465451E-7
718.00	9.5000001465451E-7
718.50	9.5000001465451E-7
719.00	9.5000001465451E-7
719.50	9.5000001465451E-7
720.00	9.5000001465451E-7
720.50	9.5000001465451E-7
721.00	9.5000001465451E-7
721.50	9.5000001465451E-7
722.00	9.5000001465451E-7
722.50	9.5000001465451E-7
723.00	9.5000001465451E-7
723.50	9.5000001465451E-7
724.00	9.5000001465451E-7
724.50	9.5000001465451E-7
725.00	9.5000001465451E-7
725.50	9.5000001465451E-7
726.00	9.5000001465451E-7
726.50	1.0285000371368E-6
727.00	9.5000001465451E-7
727.50	9.5000001465451E-7
728.00	9.5000001465451E-7
728.50	9.5000001465451E-7
729.00	2.005670012295E-6
729.50	2.097440074067E-6
730.00	1.6497799606441E-6
730.50	2.6962800347974E-6
731.00	9.5000001465451E-7
731.50	9.5000001465451E-7
732.00	9.5000001465451E-7
732.50	9.5000001465451E-7
733.00	9.5000001465451E-7
733.50	9.5000001465451E-7
734.00	9.5000001465451E-7
734.50	9.5000001465451E-7
735.00	9.5000001465451E-7
735.50	9.5000001465451E-7
736.00	9.5000001465451E-7
736.50	9.5000001465451E-7
737.00	9.5000001465451E-7
737.50	9.5000001465451E-7
738.00	9.5000001465451E-7
738.50	9.5000001465451E-7
739.00	9.5000001465451E-7
739.50	9.5000001465451E-7
740.00	9.5000001465451E-7
740.50	9.5000001465451E-7
741.00	9.5000001465451E-7
741.50	9.5000001465451E-7
742.00	9.5000001465451E-7
742.50	9.5000001465451E-7
743.00	9.5000001465451E-7
743.50	9.5000001465451E-7
744.00	9.5000001465451E-7
744.50	9.5000001465451E-7
745.00	9.5000001465451E-7
745.50	9.5000001465451E-7
746.00	9.5000001465451E-7
746.50	9.5000001465451E-7
747.00	9.5000001465451E-7
747.50	9.5000001465451E-7
748.00	9.5000001465451E-7
748.50	9.5000001465451E-7
749.00	9.5000001465451E-7
749.50	9.5000001465451E-7
750.00	9.5000001465451E-7
750.50	9.5000001465451E-7
751.00	9.5000001465451E-7
751.50	9.5000001465451E-7
752.00	9.5000001465451E-7
752.50	9.5000001465451E-7
753.00	9.5000001465451E-7
753.50	9.5000001465451E-7
754.00	9.5000001465451E-7
754.50	9.5000001465451E-7
755.00	9.5000001465451E-7
755.50	9.5000001465451E-7
756.00	9.5000001465451E-7
756.50	9.5000001465451E-7
757.00	9.5000001465451E-7
757.50	9.5000001465451E-7
758.00	9.5000001465451E-7
758.50	9.5000001465451E-7
759.00	9.5000001465451E-7
759.50	9.5000001465451E-7
760.00	9.5000001465451E-7
760.50	9.5000001465451E-7
761.00	9.5000001465451E-7
761.50	9.5000001465451E-7
762.00	9.5000001465451E-7
762.50	9.5000001465451E-7
763.00	9.5000001465451E-7
763.50	9.5000001465451E-7
764.00	9.5000001465451E-7
764.50	9.5000001465451E-7
765.00	9.5000001465451E-7
765.50	9.5000001465451E-7
766.00	9.5000001465451E-7
766.50	9.5000001465451E-7
767.00	9.5000001465451E-7
767.50	9.5000001465451E-7
768.00	9.5000001465451E-7
768.50	9.5000001465451E-7
769.00	9.5000001465451E-7
769.50	9.5000001465451E-7
770.00	9.5000001465451E-7
770.50	9.5000001465451E-7
771.00	9.5000001465451E-7
771.50	9.5000001465451E-7
772.00	9.5000001465451E-7
772.50	9.5000001465451E-7
773.00	9.5000001465451E-7
773.50	9.5000001465451E-7
774.00	9.5000001465451E-7
774.50	9.5000001465451E-7
775.00	9.5000001465451E-7
775.50	9.5000001465451E-7
776.00	9.5855602921802E-7
776.50	9.5000001465451E-7
777.00	9.5000001465451E-7
777.50	9.5000001465451E-7
778.00	9.5000001465451E-7
778.50	9.5000001465451E-7
779.00	9.5000001465451E-7
779.50	9.5000001465451E-7
780.00	9.5000001465451E-7
780.50	1.0361700333306E-6
781.00	9.5000001465451E-7
781.50	9.5000001465451E-7
782.00	1.4161299759508E-6
782.50	9.5000001465451E-7
783.00	9.5000001465451E-7
783.50	9.5000001465451E-7
784.00	9.5000001465451E-7
784.50	9.5000001465451E-7
785.00	9.5000001465451E-7
785.50	9.5000001465451E-7
786.00	1.1049900194848E-6
786.50	1.558810026836E-6
787.00	3.601179969337E-6
787.50	1.1360400549165E-6
788.00	9.5000001465451E-7
788.50	9.8742202681024E-7
789.00	9.5000001465451E-7
789.50	9.5000001465451E-7
790.00	9.5000001465451E-7
790.50	9.5000001465451E-7
791.00	9.5000001465451E-7
791.50	9.5000001465451E-7
792.00	9.5000001465451E-7
792.50	9.5000001465451E-7
793.00	9.5000001465451E-7
793.50	9.5000001465451E-7
794.00	9.5000001465451E-7
794.50	9.5000001465451E-7
795.00	9.5000001465451E-7
795.50	9.5000001465451E-7
796.00	1.3600699730887E-6
796.50	9.5000001465451E-7
797.00	9.5000001465451E-7
797.50	9.5000001465451E-7
798.00	1.2129900142099E-6
798.50	9.5000001465451E-7
799.00	1.918820089486E-6
799.50	9.5000001465451E-7
800.00	2.0161699012533E-6
800.50	1.6835200540299E-6
801.00	1.3517100114768E-6
801.50	1.7306999779976E-6
802.00	2.1090199879836E-6
802.50	1.7390699440512E-6
803.00	1.3700399676964E-6
803.50	1.4784000086365E-6
804.00	1.586569965184E-6
804.50	1.3591600236396E-6
805.00	1.132269972004E-6
805.50	1.293199943575E-6
806.00	1.4538100003847E-6
806.50	1.3691700360141E-6
807.00	1.2847000334659E-6
807.50	1.9932499526476E-6
808.00	2.7005401079805E-6
808.50	2.3516499823018E-6
809.00	2.0035399757035E-6
809.50	1.766100012901E-6
810.00	1.5289899693016E-6
810.50	1.8555100496087E-6
811.00	2.1812600152771E-6
811.50	2.0700999812107E-6
812.00	1.9591300315369E-6
812.50	2.5684701085993E-6
813.00	3.1767999644217E-6
813.50	2.357840003242E-6
814.00	1.5403500128741E-6
814.50	1.8914799966296E-6
815.00	2.2421099856729E-6
815.50	1.9041300447498E-6
816.00	1.5667300203859E-6
816.50	2.0286099697842E-6
817.00	2.4896799004637E-6
817.50	2.393400109213E-6
818.00	2.2972699298407E-6
818.50	1.8115399598173E-6
819.00	1.3263800155983E-6
819.50	1.8906399645857E-6
820.00	2.4540199774492E-6
820.50	1.9484600670694E-6
821.00	1.4437799791267E-6
821.50	1.6172399455172E-6
822.00	1.7904700371218E-6
822.50	1.9459801023913E-6
823.00	2.1013499917899E-6
823.50	1.6208000488405E-6
824.00	1.1412199683036E-6
824.50	1.4317399745778E-6
825.00	1.7220500012627E-6
825.50	1.7028600041158E-6
826.00	1.6837100247358E-6
826.50	1.7308100268565E-6
827.00	1.7778700112103E-6
827.50	1.6169600485227E-6
828.00	1.4562599517376E-6
828.50	1.5067299727889E-6
829.00	1.5571399671899E-6
829.50	1.393649995407E-6
830.00	1.2303599987717E-6
830.50	1.2227900469952E-6
831.00	1.2152299859736E-6
831.50	1.2217500398037E-6
832.00	1.2282699799471E-6
832.50	1.3054100236332E-6
833.00	1.3824800362272E-6
833.50	1.5730499853817E-6
834.00	1.7634799860389E-6
834.50	1.6365199826396E-6
835.00	1.5097399455044E-6
835.50	1.3391900210991E-6
836.00	1.1687800451909E-6
836.50	1.5188199995464E-6
837.00	1.868599952104E-6
837.50	1.6530799484826E-6
838.00	1.4377300203705E-6
838.50	1.8542799580246E-6
839.00	2.2704300590703E-6
839.50	2.0949100871803E-6
840.00	1.9195299501007E-6
840.50	1.3586800378107E-6
841.00	9.5000001465451E-7
841.50	1.4145999784887E-6
842.00	2.0305699308665E-6
842.50	1.7321200402876E-6
843.00	1.4338600067276E-6
843.50	1.6123999557749E-6
844.00	1.7908399740918E-6
844.50	1.4319599586088E-6
845.00	1.0733100452853E-6
845.50	1.3243000012153E-6
846.00	1.5752300441818E-6
846.50	1.7597600390218E-6
847.00	1.9441699805611E-6
847.50	1.697780021459E-6
848.00	1.4515600241793E-6
848.50	1.639200036152E-6
849.00	1.8268500525664E-6
849.50	1.8605200011734E-6
850.00	1.8941700545838E-6
850.50	1.8068999452225E-6
851.00	1.7196100543515E-6
851.50	1.8262400089952E-6
852.00	1.9328099369886E-6
852.50	1.5699699815741E-6
853.00	1.2071700439265E-6
853.50	1.2064899692632E-6
854.00	1.2058100082868E-6
854.50	1.3335700259631E-6
855.00	1.4613599432778E-6
855.50	1.4992200476627E-6
856.00	1.5370600294773E-6
856.50	1.3827100246999E-6
857.00	1.2282999932722E-6
857.50	1.1358299616404E-6
858.00	1.0434399655423E-6
858.50	1.0763600357677E-6
859.00	1.1093000011897E-6
859.50	1.0572499604677E-6
860.00	1.0052100378743E-6
860.50	1.1036099749617E-6
861.00	1.2020300346194E-6
861.50	1.0119000535269E-6
862.00	9.5000001465451E-7
862.50	9.5000001465451E-7
863.00	9.5000001465451E-7
863.50	9.5000001465451E-7
864.00	1.0092200000145E-6
864.50	1.0217199815088E-6
865.00	1.0342299674448E-6
865.50	9.5000001465451E-7
866.00	9.5000001465451E-7
866.50	9.5000001465451E-7
867.00	1.0998300012943E-6
867.50	9.5000001465451E-7
868.00	9.5000001465451E-7
868.50	9.5000001465451E-7
869.00	1.1128099686175E-6
869.50	1.0012199709308E-6
870.00	9.5000001465451E-7
870.50	9.8408997928345E-7
871.00	1.0787199471451E-6
871.50	1.0594700370348E-6
872.00	1.0402100087958E-6
872.50	9.5000001465451E-7
873.00	9.5000001465451E-7
873.50	9.5000001465451E-7
874.00	1.0168399739996E-6
874.50	9.5000001465451E-7
875.00	9.5000001465451E-7
875.50	9.5000001465451E-7
876.00	9.5000001465451E-7
876.50	9.5000001465451E-7
877.00	1.0630400311129E-6
877.50	9.5000001465451E-7
878.00	9.5000001465451E-7
878.50	9.7418194400234E-7
879.00	1.1196699460925E-6
879.50	1.3484999499269E-6
880.00	1.5775000292706E-6
880.50	1.5009200069471E-6
881.00	1.4242200450099E-6
881.50	1.4426799452849E-6
882.00	1.4611399592468E-6
882.50	1.762709985087E-6
883.00	2.0647300971177E-6
883.50	2.2468500446848E-6
884.00	2.429040023344E-6
884.50	2.4282999220304E-6
885.00	2.4275500436488E-6
885.50	2.6983300358552E-6
886.00	2.969200068037E-6
886.50	2.9551499665104E-6
887.00	2.9410800834739E-6
887.50	3.0811900160188E-6
888.00	3.2214500151895E-6
888.50	3.3394899219275E-6
889.00	3.4576898997329E-6
889.50	3.5670400393428E-6
890.00	3.676500000438E-6
890.50	3.7700099255744E-6
891.00	3.8636198951281E-6
891.50	4.0843701754056E-6
892.00	4.305400125304E-6
892.50	4.2222300180583E-6
893.00	4.1389298530703E-6
893.50	4.0446698221785E-6
894.00	3.9503402149421E-6
894.50	4.1360399336554E-6
895.00	4.3219802137173E-6
895.50	4.5451101868821E-6
896.00	4.7685398385511E-6
896.50	4.8557299123786E-6
897.00	4.9430700528319E-6
897.50	4.9917598516913E-6
898.00	5.040490123065E-6
898.50	5.3209100769891E-6
899.00	5.60166017749E-6
899.50	5.6105400290107E-6
900.00	5.6194398894149E-6
900.50	5.8427899602975E-6
901.00	6.06643015999E-6
901.50	6.0198799474165E-6
902.00	5.9732601584983E-6
902.50	6.143210157461E-6
903.00	6.3133898038359E-6
903.50	6.3892098296492E-6
904.00	6.4651599132048E-6
904.50	6.3669799601485E-6
905.00	6.2686899582332E-6
905.50	6.237460183911E-6
906.00	6.2061599237495E-6
906.50	6.0897500588908E-6
907.00	5.9732201407314E-6
907.50	6.0611200751737E-6
908.00	6.1492000895669E-6
908.50	6.0192001001269E-6
909.00	5.8890600485029E-6
909.50	5.6455501180608E-6
910.00	5.4015899877413E-6
910.50	5.3993899200577E-6
911.00	5.3971898523741E-6
911.50	5.4015699788579E-6
912.00	5.4059601097833E-6
912.50	5.3785302043252E-6
913.00	5.3510698307946E-6
913.50	5.4810998335597E-6
914.00	5.6112999118341E-6
914.50	5.6693797887419E-6
915.00	5.7275501603726E-6
915.50	5.8097598412132E-6
916.00	5.8921000345435E-6
916.50	5.8030700529343E-6
917.00	5.7139000091411E-6
917.50	5.9483900258783E-6
918.00	6.1832902247261E-6
918.50	6.4645200836821E-6
919.00	6.7463201958162E-6
919.50	6.913940069353E-6
920.00	7.0818200583744E-6
920.50	7.3676201282069E-6
921.00	7.653919965378E-6
921.50	8.0854997577262E-6
922.00	8.5177098299027E-6
922.50	8.6676500359317E-6
923.00	8.8179103840957E-6
923.50	9.4679699031985E-6
924.00	1.0118799764314E-5
924.50	1.0785999620566E-5
925.00	1.1454299965408E-5
925.50	1.2658199921134E-5
926.00	1.3864399988961E-5
926.50	1.5102899851627E-5
927.00	1.6343599781976E-5
927.50	1.7797699911171E-5
928.00	1.9254299331806E-5
928.50	2.1504300093511E-5
929.00	2.3758000679663E-5
929.50	2.6887000785791E-5
930.00	3.0022200007807E-5
930.50	3.3716900361469E-5
931.00	3.7418500141939E-5
931.50	4.3053099943791E-5
932.00	4.8695201257942E-5
932.50	5.6810498790583E-5
933.00	6.4940300944727E-5
933.50	7.6103897299618E-5
934.00	8.7291402451228E-5
934.50	0.00010361799650127
935.00	0.00011996799730696
935.50	0.0001426920061931
936.00	0.00016546099504922
936.50	0.00019664299907163
937.00	0.00022786800400354
937.50	0.00026817500474863
938.00	0.00030856500961818
938.50	0.00035539799137041
939.00	0.00040228798752651
939.50	0.00045068800682202
940.00	0.00049920397577807
940.50	0.00054247898515314
941.00	0.00058580399490893
941.50	0.00061582599300891
942.00	0.00064589700195938
942.50	0.00066085101570934
943.00	0.00067583000054583
943.50	0.00067636201856658
944.00	0.00067689397837967
944.50	0.00066799897467718
945.00	0.00065909000113606
945.50	0.00064708397258073
946.00	0.0006350590265356
946.50	0.00062471197452396
947.00	0.00061434897361323
947.50	0.00060857698554173
948.00	0.00060279597528279
948.50	0.00060287502128631
949.00	0.0006029549986124
949.50	0.0006099910242483
950.00	0.00061703502433375
950.50	0.00063109397888184
951.00	0.00064518098952249
951.50	0.00066729402169585
952.00	0.00068942998768762
952.50	0.00072069797897711
953.00	0.00075201399158686
953.50	0.00079354899935424
954.00	0.00083513598656282
954.50	0.00089118501637131
955.00	0.00094734801677987
955.50	0.0010189700406045
956.00	0.0010906599927694
956.50	0.0011868400033563
957.00	0.0012831599451602
957.50	0.0014049300225452
958.00	0.0015268899733201
958.50	0.0016881099436432
959.00	0.0018495500553399
959.50	0.0020671200472862
960.00	0.0022848700173199
960.50	0.0025656900834292
961.00	0.0028470701072365
961.50	0.0032218000851572
962.00	0.0035969100426883
962.50	0.0041062198579311
963.00	0.0046159699559212
963.50	0.0052864202298224
964.00	0.0059580099768937
964.50	0.0068668802268803
965.00	0.0077766701579094
965.50	0.0089873699471354
966.00	0.0091488603502512
966.50	0.010605899617076
967.00	0.012064999900758
967.50	0.014022899791598
968.00	0.015982899814844
968.50	0.018463600426912
969.00	0.020946199074388
969.50	0.023990800604224
970.00	0.027041599154472
970.50	0.030856799334288
971.00	0.034674100577831
971.50	0.039187200367451
972.00	0.043705500662327
972.50	0.048608798533678
973.00	0.053517501801252
973.50	0.058455299586058
974.00	0.06339979916811
974.50	0.067794196307659
975.00	0.072191201150417
975.50	0.076242096722126
976.00	0.080299496650696
976.50	0.083275400102139
977.00	0.086252599954605
977.50	0.088008798658848
978.00	0.089767098426819
978.50	0.090288296341896
979.00	0.09081020206213
979.50	0.090322397649288
980.00	0.089834302663803
980.50	0.088876701891422
981.00	0.087918199598789
981.50	0.086598299443722
982.00	0.085277296602726
982.50	0.084068402647972
983.00	0.082858800888062
983.50	0.081805899739265
984.00	0.080751299858093
984.50	0.080039098858833
985.00	0.079326801002026
985.50	0.078948803246021
986.00	0.078570500016212
986.50	0.07868380099535
987.00	0.078797303140163
987.50	0.079365201294422
988.00	0.079933397471905
988.50	0.081084996461868
989.00	0.08223769813776
989.50	0.083969101309776
990.00	0.085701800882816
990.50	0.088127799332142
991.00	0.090555898845196
991.50	0.093570999801159
992.00	0.096587397158146
992.50	0.10050500184298
993.00	0.10442700237036
993.50	0.1090660020709
994.00	0.11370900273323
994.50	0.11927399784327
995.00	0.12484200298786
995.50	0.13116799294949
996.00	0.13750000298023
996.50	0.14451399445534
997.00	0.151530995965
997.50	0.15920899808407
998.00	0.16689400374889
998.50	0.17476299405098
999.00	0.18263800442219
999.50	0.19055399298668
1000.00	0.19847400486469
1000.50	0.20644399523735
1001.00	0.21442100405693
1001.50	0.22189900279045
1002.00	0.22937899827957
1002.50	0.23665399849415
1003.00	0.24393799901009
1003.50	0.25139299035072
1004.00	0.25885099172592
1004.50	0.26608601212502
1005.00	0.27332499623299
1005.50	0.28176099061966
1006.00	0.29020500183105
1006.50	0.29981699585915
1007.00	0.3094319999218
1007.50	0.32110899686813
1008.00	0.33279600739479
1008.50	0.34712499380112
1009.00	0.36146000027657
1009.50	0.37942698597908
1010.00	0.39740198850632
1010.50	0.41919299960136
1011.00	0.44099500775337
1011.50	0.46793100237846
1012.00	0.49488499760628
1012.50	0.52628397941589
1013.00	0.55769002437592
1013.50	0.59229499101639
1014.00	0.62692898511887
1014.50	0.66135501861572
1015.00	0.6957939863205
1015.50	0.72321999073029
1016.00	0.75066298246384
1016.50	0.76397997140884
1017.00	0.77729797363281
1017.50	0.77246099710464
1018.00	0.76762002706528
1018.50	0.74549800157547
1019.00	0.7233669757843
1019.50	0.68938702344894
1020.00	0.65539902448654
1020.50	0.61881399154663
1021.00	0.58221000432968
1021.50	0.54640799760818
1022.00	0.51059001684189
1022.50	0.47920700907707
1023.00	0.44782000780106
1023.50	0.42222800850868
1024.00	0.39662298560143
1024.50	0.37618398666382
1025.00	0.35573500394821
1025.50	0.33934301137924
1026.00	0.32294899225235
1026.50	0.31087100505829
1027.00	0.29878300428391
1027.50	0.28947898745537
1028.00	0.28017398715019
1028.50	0.27378100156784
1029.00	0.26738500595093
1029.50	0.26342898607254
1030.00	0.25947400927544
1030.50	0.25799599289894
1031.00	0.25651800632477
1031.50	0.25663700699806
1032.00	0.25675600767136
1032.50	0.25873899459839
1033.00	0.26072299480438
1033.50	0.26464700698853
1034.00	0.26857000589371
1034.50	0.27423098683357
1035.00	0.27989500761032
1035.50	0.28789898753166
1036.00	0.29590201377869
1036.50	0.30679199099541
1037.00	0.31769001483917
1037.50	0.33051601052284
1038.00	0.34334099292755
1038.50	0.35873499512672
1039.00	0.3741329908371
1039.50	0.39227798581123
1040.00	0.41042900085449
1040.50	0.43139800429344
1041.00	0.45236799120903
1041.50	0.47722399234772
1042.00	0.50209599733353
1042.50	0.52726399898529
1043.00	0.55243402719498
1043.50	0.57772499322891
1044.00	0.60301899909973
1044.50	0.62847000360489
1045.00	0.65392100811005
1045.50	0.67718297243118
1046.00	0.70046401023865
1046.50	0.71811497211456
1047.00	0.73575800657272
1047.50	0.7476019859314
1048.00	0.75945198535919
1048.50	0.76536399126053
1049.00	0.77127701044083
1049.50	0.77209997177124
1050.00	0.7729229927063
1050.50	0.76738202571869
1051.00	0.7618420124054
1051.50	0.75350302457809
1052.00	0.74515998363495
1052.50	0.73549902439117
1053.00	0.72583597898483
1053.50	0.71406197547913
1054.00	0.70228499174118
1054.50	0.6897109746933
1055.00	0.67713797092438
1055.50	0.66594797372818
1056.00	0.65475702285767
1056.50	0.64398902654648
1057.00	0.63321602344513
1057.50	0.62051701545715
1058.00	0.60782200098038
1058.50	0.59714698791504
1059.00	0.5864639878273
1059.50	0.57697802782059
1060.00	0.56749600172043
1060.50	0.55647397041321
1061.00	0.54544699192047
1061.50	0.53379702568054
1062.00	0.52215301990509
1062.50	0.51393502950668
1063.00	0.50571000576019
1063.50	0.49454298615456
1064.00	0.48337799310684
1064.50	0.47249299287796
1065.00	0.46160799264908
1065.50	0.45356100797653
1066.00	0.44551500678062
1066.50	0.43551900982857
1067.00	0.42552301287651
1067.50	0.41606000065804
1068.00	0.40659499168396
1068.50	0.40039199590683
1069.00	0.3941870033741
1069.50	0.38564500212669
1070.00	0.37710499763489
1070.50	0.37092500925064
1071.00	0.36474400758743
1071.50	0.36063900589943
1072.00	0.35653400421143
1072.50	0.35043799877167
1073.00	0.34434199333191
1073.50	0.34238401055336
1074.00	0.34042501449585
1074.50	0.33804398775101
1075.00	0.33566299080849
1075.50	0.3328450024128
1076.00	0.33002600073814
1076.50	0.33209800720215
1077.00	0.33417001366615
1077.50	0.33357599377632
1078.00	0.33298099040985
1078.50	0.33491399884224
1079.00	0.33684599399567
1079.50	0.34115099906921
1080.00	0.34545800089836
1080.50	0.3473100066185
1081.00	0.34916099905968
1081.50	0.35685300827026
1082.00	0.36454999446869
1082.50	0.36865699291229
1083.00	0.3727639913559
1083.50	0.38128200173378
1084.00	0.38980001211166
1084.50	0.39702999591827
1085.00	0.40425801277161
1085.50	0.41277199983597
1086.00	0.42128598690033
1086.50	0.43095999956131
1087.00	0.44063499569893
1087.50	0.44917398691177
1088.00	0.45771101117134
1088.50	0.46755701303482
1089.00	0.4774070084095
1089.50	0.48478800058365
1090.00	0.4921649992466
1090.50	0.50024998188019
1091.00	0.5083389878273
1091.50	0.51266199350357
1092.00	0.51698702573776
1092.50	0.52289599180222
1093.00	0.52880501747131
1093.50	0.52857601642609
1094.00	0.52834802865982
1094.50	0.53249800205231
1095.00	0.53665000200272
1095.50	0.53138798475266
1096.00	0.52612900733948
1096.50	0.52864301204681
1097.00	0.53115797042847
1097.50	0.5232669711113
1098.00	0.51538097858429
1098.50	0.51693099737167
1099.00	0.51848101615906
1099.50	0.51049500703812
1100.00	0.50250798463821
1100.50	0.50414901971817
1101.00	0.50578898191452
1101.50	0.49929198622704
1102.00	0.49279400706291
1102.50	0.49529099464417
1103.00	0.49778699874878
1103.50	0.49414399266243
1104.00	0.49050000309944
1104.50	0.4945339858532
1105.00	0.49856600165367
1105.50	0.49835100769997
1106.00	0.49813601374626
1106.50	0.50369197130203
1107.00	0.50924998521805
1107.50	0.51351600885391
1108.00	0.51778000593185
1108.50	0.52488797903061
1109.00	0.53199702501297
1109.50	0.54104602336884
1110.00	0.5500990152359
1110.50	0.55839997529984
1111.00	0.56669598817825
1111.50	0.58019602298737
1112.00	0.59370297193527
1112.50	0.60207802057266
1113.00	0.61045098304749
1113.50	0.62719798088074
1114.00	0.64395201206207
1114.50	0.65247601270676
1115.00	0.66099601984024
1115.50	0.67556899785995
1116.00	0.69015097618103
1116.50	0.69849997758865
1117.00	0.706847012043
1117.50	0.71425199508667
1118.00	0.72165697813034
1118.50	0.7279109954834
1119.00	0.7341679930687
1119.50	0.7320219874382
1120.00	0.72987800836563
1120.50	0.7287210226059
1121.00	0.72756499052048
1121.50	0.71934300661087
1122.00	0.71111899614334
1122.50	0.70121502876282
1123.00	0.69131302833557
1123.50	0.67902499437332
1124.00	0.66673398017883
1124.50	0.65423101186752
1125.00	0.64173001050949
1125.50	0.62427997589111
1126.00	0.60682398080826
1126.50	0.59642601013184
1127.00	0.58602797985077
1127.50	0.57021498680115
1128.00	0.55441099405289
1128.50	0.54038399457932
1129.00	0.52634799480438
1129.50	0.51968902349472
1130.00	0.51303100585938
1130.50	0.49742099642754
1131.00	0.4818109869957
1131.50	0.47597700357437
1132.00	0.47014299035072
1132.50	0.46578499674797
1133.00	0.46142899990082
1133.50	0.44971001148224
1134.00	0.43798398971558
1134.50	0.43930700421333
1135.00	0.44063100218773
1135.50	0.43801999092102
1136.00	0.43540900945663
1136.50	0.42832198739052
1137.00	0.42123499512672
1137.50	0.4274779856205
1138.00	0.43371999263763
1138.50	0.4343129992485
1139.00	0.43490499258041
1139.50	0.43188801407814
1140.00	0.42886999249458
1140.50	0.43948298692703
1141.00	0.45009499788284
1141.50	0.45409798622131
1142.00	0.45810198783875
1142.50	0.45854300260544
1143.00	0.45898300409317
1143.50	0.47204399108887
1144.00	0.48511600494385
1144.50	0.49535098671913
1145.00	0.50558400154114
1145.50	0.50845897197723
1146.00	0.51133501529694
1146.50	0.52594602108002
1147.00	0.54055297374725
1147.50	0.55545401573181
1148.00	0.57036298513412
1148.50	0.5762130022049
1149.00	0.58206301927567
1149.50	0.59579199552536
1150.00	0.60952800512314
1150.50	0.62572598457336
1151.00	0.64192301034927
1151.50	0.6517099738121
1152.00	0.66149801015854
1152.50	0.67033702135086
1153.00	0.67917400598526
1153.50	0.69119000434875
1154.00	0.70321601629257
1154.50	0.71402299404144
1155.00	0.72481799125671
1155.50	0.73135101795197
1156.00	0.73789000511169
1156.50	0.74114900827408
1157.00	0.74440902471542
1157.50	0.74889701604843
1158.00	0.75338298082352
1158.50	0.75897198915482
1159.00	0.76456201076508
1159.50	0.76587301492691
1160.00	0.76718497276306
1160.50	0.7634459733963
1161.00	0.7597079873085
1161.50	0.75989001989365
1162.00	0.76007300615311
1162.50	0.76399397850037
1163.00	0.76791697740555
1163.50	0.76714897155762
1164.00	0.76638197898865
1164.50	0.76180797815323
1165.00	0.75722998380661
1165.50	0.75692397356033
1166.00	0.7566180229187
1166.50	0.76109802722931
1167.00	0.76557898521423
1167.50	0.76695001125336
1168.00	0.76832097768784
1168.50	0.76713001728058
1169.00	0.76593899726868
1169.50	0.76709401607513
1170.00	0.76824897527695
1170.50	0.77400499582291
1171.00	0.77975797653198
1171.50	0.78473299741745
1172.00	0.78971201181412
1172.50	0.79202598333359
1173.00	0.7943400144577
1173.50	0.79613399505615
1174.00	0.7979279756546
1174.50	0.80322802066803
1175.00	0.80852800607681
1175.50	0.81423997879028
1176.00	0.81995099782944
1176.50	0.82333701848984
1177.00	0.82672202587128
1177.50	0.82623898983002
1178.00	0.82575702667236
1178.50	0.82403498888016
1179.00	0.82231402397156
1179.50	0.82196402549744
1180.00	0.82161402702332
1180.50	0.8211749792099
1181.00	0.82073599100113
1181.50	0.81849700212479
1182.00	0.81625699996948
1182.50	0.80972999334335
1183.00	0.80320101976395
1183.50	0.79335302114487
1184.00	0.78350102901459
1184.50	0.7710639834404
1185.00	0.75862902402878
1185.50	0.74799799919128
1186.00	0.73736697435379
1186.50	0.72866100072861
1187.00	0.71995502710342
1187.50	0.71236497163773
1188.00	0.70477497577667
1188.50	0.69634598493576
1189.00	0.68791097402573
1189.50	0.67629998922348
1190.00	0.66469699144363
1190.50	0.65067702531815
1191.00	0.63665300607681
1191.50	0.62296098470688
1192.00	0.60926300287247
1192.50	0.59953302145004
1193.00	0.58980000019073
1193.50	0.58437997102737
1194.00	0.57896399497986
1194.50	0.57659298181534
1195.00	0.57422000169754
1195.50	0.57262802124023
1196.00	0.57103598117828
1196.50	0.56664597988129
1197.00	0.56225401163101
1197.50	0.55550402402878
1198.00	0.54875200986862
1198.50	0.54047799110413
1199.00	0.53220897912979
1199.50	0.52818697690964
1200.00	0.52416801452637
