Typical Measured Spectrum of Semrock FF01-655/40 Optical Filter	
For wavelengths between 320 and 1120 nm, values near or below 3e-7 (Optical Density 6.5) are measurement noise limited.
For wavelengths < 320 nm and > 1120 nm, values near or below 3e-6 (Optical Density 5.5) are measurement noise limited. 
Data format:  Wavelength (nm) <tab> Transmission (0 to 1)
270.0	4.5845e-06
270.2	4.0358e-06
270.4	3.5528e-06
270.6	3.1276e-06
270.8	2.7533e-06
271.0	2.4238e-06
271.2	2.1337e-06
271.4	1.8783e-06
271.6	1.6535e-06
271.8	1.4556e-06
272.0	1.2814e-06
272.2	1.1281e-06
272.4	9.9305e-07
272.6	8.742e-07
272.8	8.7163e-07
273.0	9.411e-07
273.2	1.0161e-06
273.4	1.0971e-06
273.6	1.1845e-06
273.8	1.279e-06
274.0	1.3809e-06
274.2	1.4909e-06
274.4	1.6098e-06
274.6	1.7381e-06
274.8	1.8766e-06
275.0	2.0262e-06
275.2	1.9471e-06
275.4	1.8711e-06
275.6	1.798e-06
275.8	1.7278e-06
276.0	1.6603e-06
276.2	1.5955e-06
276.4	1.5332e-06
276.6	1.4734e-06
276.8	1.4158e-06
277.0	1.3606e-06
277.2	1.3075e-06
277.4	1.2564e-06
277.6	1.2074e-06
277.8	1.2791e-06
278.0	1.4143e-06
278.2	1.5639e-06
278.4	1.7293e-06
278.6	1.9122e-06
278.8	2.1144e-06
279.0	2.338e-06
279.2	2.5852e-06
279.4	2.8586e-06
279.6	3.1609e-06
279.8	3.4951e-06
280.0	3.8647e-06
280.2	4.2734e-06
280.4	4.7253e-06
280.6	5.225e-06
280.8	5.7775e-06
281.0	6.3885e-06
281.2	7.0641e-06
281.4	7.8111e-06
281.6	8.6371e-06
281.8	7.9041e-06
282.0	6.9193e-06
282.2	6.0572e-06
282.4	5.3025e-06
282.6	4.6418e-06
282.8	4.0635e-06
283.0	3.5572e-06
283.2	3.114e-06
283.4	2.726e-06
283.6	2.3863e-06
283.8	2.089e-06
284.0	1.8287e-06
284.2	1.6009e-06
284.4	1.4014e-06
284.6	1.2268e-06
284.8	1.074e-06
285.0	9.4014e-07
285.2	8.2301e-07
285.4	7.2046e-07
285.6	6.307e-07
285.8	6.8238e-07
286.0	7.4925e-07
286.2	8.2267e-07
286.4	9.0329e-07
286.6	9.9181e-07
286.8	1.089e-06
287.0	1.1957e-06
287.2	1.3129e-06
287.4	1.4415e-06
287.6	1.5828e-06
287.8	1.7379e-06
288.0	1.9082e-06
288.2	2.0952e-06
288.4	2.3005e-06
288.6	2.526e-06
288.8	2.7735e-06
289.0	3.0453e-06
289.2	3.3437e-06
289.4	3.6714e-06
289.6	3.9981e-06
289.8	3.868e-06
290.0	3.7421e-06
290.2	3.6203e-06
290.4	3.5025e-06
290.6	3.3885e-06
290.8	3.2783e-06
291.0	3.1716e-06
291.2	3.0684e-06
291.4	2.9685e-06
291.6	2.8719e-06
291.8	2.7784e-06
292.0	2.688e-06
292.2	2.6005e-06
292.4	2.5159e-06
292.6	2.434e-06
292.8	2.3548e-06
293.0	2.2782e-06
293.2	2.204e-06
293.4	2.1323e-06
293.6	1.99e-06
293.8	1.6155e-06
294.0	1.3114e-06
294.2	1.0646e-06
294.4	8.6425e-07
294.6	7.0159e-07
294.8	5.6954e-07
295.0	4.6235e-07
295.2	2.7574e-07
295.4	1.6445e-07
295.6	1.2011e-07
295.8	1.2296e-07
296.0	1.2589e-07
296.2	1.2888e-07
296.4	1.3195e-07
296.6	1.3508e-07
296.8	1.383e-07
297.0	1.4159e-07
297.2	1.4495e-07
297.4	1.484e-07
297.6	1.5193e-07
297.8	1.5554e-07
298.0	1.5924e-07
298.2	1.6303e-07
298.4	1.6691e-07
298.6	1.7088e-07
298.8	1.7494e-07
299.0	1.791e-07
299.2	1.8336e-07
299.4	1.8772e-07
299.6	1.8858e-07
299.8	1.5638e-07
300.0	1.2969e-07
300.2	1.3965e-07
300.4	1.5037e-07
300.6	1.6192e-07
300.8	1.7436e-07
301.0	1.8775e-07
301.2	2.0217e-07
301.4	2.177e-07
301.6	2.3442e-07
301.8	2.5242e-07
302.0	2.7181e-07
302.2	2.9268e-07
302.4	3.1516e-07
302.6	3.3936e-07
302.8	3.6543e-07
303.0	3.9349e-07
303.2	4.2371e-07
303.4	4.5626e-07
303.6	4.913e-07
303.8	5.1023e-07
304.0	4.9235e-07
304.2	4.751e-07
304.4	4.5845e-07
304.6	4.4238e-07
304.8	4.2688e-07
305.0	4.1192e-07
305.2	3.9e-07
305.4	3.6924e-07
305.6	3.4959e-07
305.8	3.3098e-07
306.0	3.1336e-07
306.2	2.9668e-07
306.4	2.8089e-07
306.6	2.6594e-07
306.8	2.6647e-07
307.0	2.8288e-07
307.2	3.003e-07
307.4	3.188e-07
307.6	3.3844e-07
307.8	3.5929e-07
308.0	3.8142e-07
308.2	4.0491e-07
308.4	4.2985e-07
308.6	4.5633e-07
308.8	4.8444e-07
309.0	5.1428e-07
309.2	5.4596e-07
309.4	5.7959e-07
309.6	6.1529e-07
309.8	6.5319e-07
310.0	6.9343e-07
310.2	7.3614e-07
310.4	7.8148e-07
310.6	8.2962e-07
310.8	8.7009e-07
311.0	8.2273e-07
311.2	7.7795e-07
311.4	7.3561e-07
311.6	6.9557e-07
311.8	6.5771e-07
312.0	6.2191e-07
312.2	5.8806e-07
312.4	5.5605e-07
312.6	5.2579e-07
312.8	4.9717e-07
313.0	4.7011e-07
313.2	4.4452e-07
313.4	4.2033e-07
313.6	3.9745e-07
313.8	3.7582e-07
314.0	3.5536e-07
314.2	3.3602e-07
314.4	3.1773e-07
314.6	3.0044e-07
314.8	2.8409e-07
315.0	2.6981e-07
315.2	2.5667e-07
315.4	2.4418e-07
315.6	2.3229e-07
315.8	2.2098e-07
316.0	2.1022e-07
316.2	1.9998e-07
316.4	1.9024e-07
316.6	1.8098e-07
316.8	1.7217e-07
317.0	1.6379e-07
317.2	1.5581e-07
317.4	1.4822e-07
317.6	1.4101e-07
317.8	1.3414e-07
318.0	1.2761e-07
318.2	1.214e-07
318.4	1.1549e-07
318.6	1.0986e-07
318.8	1.0451e-07
319.0	9.9925e-08
319.2	9.6396e-08
319.4	9.2992e-08
319.6	8.9707e-08
319.8	8.6539e-08
320.0	8.3482e-08
320.2	8.0534e-08
320.4	7.7689e-08
320.6	7.4945e-08
320.8	7.2298e-08
321.0	6.9745e-08
321.2	6.7282e-08
321.4	6.4905e-08
321.6	6.2613e-08
321.8	6.0401e-08
322.0	5.8268e-08
322.2	5.621e-08
322.4	5.4225e-08
322.6	5.231e-08
322.8	5.0462e-08
323.0	4.868e-08
323.2	4.8137e-08
323.4	4.7601e-08
323.6	4.707e-08
323.8	4.6545e-08
324.0	4.6026e-08
324.2	4.5513e-08
324.4	4.5006e-08
324.6	4.4504e-08
324.8	4.4008e-08
325.0	4.3518e-08
325.2	4.3032e-08
325.4	4.2553e-08
325.6	4.2078e-08
325.8	4.1609e-08
326.0	4.1145e-08
326.2	4.0687e-08
326.4	4.0233e-08
326.6	3.9785e-08
326.8	3.9341e-08
327.0	3.8903e-08
327.2	4.1216e-08
327.4	4.532e-08
327.6	4.9832e-08
327.8	5.4794e-08
328.0	6.0249e-08
328.2	6.6248e-08
328.4	7.2844e-08
328.6	8.0097e-08
328.8	8.8072e-08
329.0	9.6841e-08
329.2	1.0648e-07
329.4	1.1708e-07
329.6	1.2874e-07
329.8	1.4156e-07
330.0	1.5565e-07
330.2	1.7115e-07
330.4	1.8819e-07
330.6	2.0693e-07
330.8	2.2753e-07
331.0	2.5019e-07
331.2	2.7381e-07
331.4	2.9649e-07
331.6	3.2104e-07
331.8	3.4763e-07
332.0	3.7641e-07
332.2	4.0758e-07
332.4	4.4133e-07
332.6	4.7788e-07
332.8	5.1745e-07
333.0	5.603e-07
333.2	6.067e-07
333.4	6.5694e-07
333.6	7.1135e-07
333.8	7.7025e-07
334.0	8.3404e-07
334.2	9.031e-07
334.4	9.7789e-07
334.6	1.0589e-06
334.8	1.1465e-06
335.0	1.2415e-06
335.2	1.3443e-06
335.4	1.2675e-06
335.6	1.1908e-06
335.8	1.1188e-06
336.0	1.0511e-06
336.2	9.875e-07
336.4	9.2776e-07
336.6	8.7164e-07
336.8	8.1891e-07
337.0	7.6937e-07
337.2	7.2283e-07
337.4	6.791e-07
337.6	6.3802e-07
337.8	5.9942e-07
338.0	5.6316e-07
338.2	5.2909e-07
338.4	4.9709e-07
338.6	4.6702e-07
338.8	4.3876e-07
339.0	4.1222e-07
339.2	3.8728e-07
339.4	3.4271e-07
339.6	2.9386e-07
339.8	2.5196e-07
340.0	2.1605e-07
340.2	1.8525e-07
340.4	1.5884e-07
340.6	1.3619e-07
340.8	1.1678e-07
341.0	1.0013e-07
341.2	8.5857e-08
341.4	7.3617e-08
341.6	6.3123e-08
341.8	5.4124e-08
342.0	4.6408e-08
342.2	3.9792e-08
342.4	3.412e-08
342.6	2.9256e-08
342.8	2.5085e-08
343.0	2.1509e-08
343.2	1.8443e-08
343.4	1.7262e-08
343.6	1.9151e-08
343.8	2.1248e-08
344.0	2.3574e-08
344.2	2.6155e-08
344.4	2.9018e-08
344.6	3.2195e-08
344.8	3.572e-08
345.0	3.9631e-08
345.2	4.3969e-08
345.4	4.8783e-08
345.6	5.4124e-08
345.8	6.0049e-08
346.0	6.6623e-08
346.2	7.3917e-08
346.4	8.2009e-08
346.6	9.0987e-08
346.8	1.0095e-07
347.0	1.12e-07
347.2	1.2426e-07
347.4	1.3731e-07
347.6	1.3566e-07
347.8	1.3404e-07
348.0	1.3243e-07
348.2	1.3084e-07
348.4	1.2927e-07
348.6	1.2772e-07
348.8	1.2619e-07
349.0	1.2468e-07
349.2	1.2319e-07
349.4	1.2171e-07
349.6	1.2025e-07
349.8	1.1881e-07
350.0	1.1739e-07
350.2	1.1598e-07
350.4	1.1459e-07
350.6	1.1322e-07
350.8	1.1186e-07
351.0	1.1052e-07
351.2	1.092e-07
351.4	1.0789e-07
351.6	1.0254e-07
351.8	9.6138e-08
352.0	9.0135e-08
352.2	8.4508e-08
352.4	7.9232e-08
352.6	7.4285e-08
352.8	6.9647e-08
353.0	6.5298e-08
353.2	6.1221e-08
353.4	5.7399e-08
353.6	5.3815e-08
353.8	5.0455e-08
354.0	4.7305e-08
354.2	4.4352e-08
354.4	4.1583e-08
354.6	3.8986e-08
354.8	3.6552e-08
355.0	3.427e-08
355.2	3.213e-08
355.4	3.0124e-08
355.6	2.8654e-08
355.8	2.7731e-08
356.0	2.6837e-08
356.2	2.5972e-08
356.4	2.5135e-08
356.6	2.4325e-08
356.8	2.3542e-08
357.0	2.2783e-08
357.2	2.2049e-08
357.4	2.1338e-08
357.6	2.0651e-08
357.8	1.9985e-08
358.0	1.9341e-08
358.2	1.8718e-08
358.4	1.8115e-08
358.6	1.7531e-08
358.8	1.6966e-08
359.0	1.6419e-08
359.2	1.589e-08
359.4	1.5378e-08
359.6	1.5007e-08
359.8	1.521e-08
360.0	1.5416e-08
360.2	1.5625e-08
360.4	1.5836e-08
360.6	1.6051e-08
360.8	1.6268e-08
361.0	1.6488e-08
361.2	1.6711e-08
361.4	1.6938e-08
361.6	1.7167e-08
361.8	1.7399e-08
362.0	1.7635e-08
362.2	1.7874e-08
362.4	1.8116e-08
362.6	1.8361e-08
362.8	1.8609e-08
363.0	1.8861e-08
363.2	1.9117e-08
363.4	1.9375e-08
363.6	1.9638e-08
363.8	3.7594e-08
364.0	7.6351e-08
364.2	1.5506e-07
364.4	3.1491e-07
364.6	6.3956e-07
364.8	1.2989e-06
365.0	2.6379e-06
365.2	2.6704e-06
365.4	2.7033e-06
365.6	2.7365e-06
365.8	2.7702e-06
366.0	2.8043e-06
366.2	2.8388e-06
366.4	2.8738e-06
366.6	2.9092e-06
366.8	2.945e-06
367.0	2.9812e-06
367.2	3.0179e-06
367.4	3.0551e-06
367.6	3.0927e-06
367.8	3.1307e-06
368.0	3.1693e-06
368.2	3.2083e-06
368.4	3.2478e-06
368.6	3.2877e-06
368.8	3.3017e-06
369.0	3.3012e-06
369.2	3.3007e-06
369.4	3.3002e-06
369.6	3.2997e-06
369.8	3.2993e-06
370.0	3.2988e-06
370.2	3.2983e-06
370.4	3.2978e-06
370.6	3.2973e-06
370.8	3.2968e-06
371.0	3.2963e-06
371.2	3.2958e-06
371.4	3.2953e-06
371.6	3.2948e-06
371.8	3.2943e-06
372.0	3.2938e-06
372.2	3.2933e-06
372.4	3.2928e-06
372.6	3.2923e-06
372.8	3.321e-06
373.0	3.412e-06
373.2	3.5056e-06
373.4	3.6016e-06
373.6	3.7004e-06
373.8	3.8018e-06
374.0	3.906e-06
374.2	4.013e-06
374.4	4.123e-06
374.6	4.236e-06
374.8	4.3522e-06
375.0	4.4714e-06
375.2	4.594e-06
375.4	4.7199e-06
375.6	4.8493e-06
375.8	4.9822e-06
376.0	5.1187e-06
376.2	5.259e-06
376.4	5.4032e-06
376.6	5.5513e-06
376.8	5.7018e-06
377.0	5.7494e-06
377.2	5.7974e-06
377.4	5.8458e-06
377.6	5.8945e-06
377.8	5.9437e-06
378.0	5.9933e-06
378.2	6.0433e-06
378.4	6.0938e-06
378.6	6.1446e-06
378.8	6.1959e-06
379.0	6.2476e-06
379.2	6.2997e-06
379.4	6.3523e-06
379.6	6.4053e-06
379.8	6.4587e-06
380.0	6.5126e-06
380.2	6.567e-06
380.4	6.6218e-06
380.6	6.677e-06
380.8	6.7327e-06
381.0	6.8405e-06
381.2	6.971e-06
381.4	7.104e-06
381.6	7.2395e-06
381.8	7.3776e-06
382.0	7.5183e-06
382.2	7.6617e-06
382.4	7.8079e-06
382.6	7.9568e-06
382.8	8.1086e-06
383.0	8.2633e-06
383.2	8.4209e-06
383.4	8.5815e-06
383.6	8.7452e-06
383.8	8.912e-06
384.0	9.082e-06
384.2	9.2553e-06
384.4	9.4318e-06
384.6	9.6117e-06
384.8	9.7951e-06
385.0	9.8224e-06
385.2	9.633e-06
385.4	9.4473e-06
385.6	9.2652e-06
385.8	9.0866e-06
386.0	8.9114e-06
386.2	8.7396e-06
386.4	8.5711e-06
386.6	8.4059e-06
386.8	8.2438e-06
387.0	8.0849e-06
387.2	7.929e-06
387.4	7.7762e-06
387.6	7.6262e-06
387.8	7.4792e-06
388.0	7.335e-06
388.2	7.1936e-06
388.4	7.0549e-06
388.6	6.9189e-06
388.8	6.7855e-06
389.0	6.6401e-06
389.2	6.4109e-06
389.4	6.1896e-06
389.6	5.9759e-06
389.8	5.7696e-06
390.0	5.5705e-06
390.2	5.3782e-06
390.4	5.1925e-06
390.6	5.0132e-06
390.8	4.8402e-06
391.0	4.6731e-06
391.2	4.5118e-06
391.4	4.356e-06
391.6	4.2056e-06
391.8	4.0605e-06
392.0	3.9203e-06
392.2	3.7849e-06
392.4	3.6543e-06
392.6	3.5281e-06
392.8	3.4063e-06
393.0	3.2887e-06
393.2	3.291e-06
393.4	3.3117e-06
393.6	3.3325e-06
393.8	3.3535e-06
394.0	3.3746e-06
394.2	3.3958e-06
394.4	3.4172e-06
394.6	3.4387e-06
394.8	3.4603e-06
395.0	3.4821e-06
395.2	3.504e-06
395.4	3.5261e-06
395.6	3.5483e-06
395.8	3.5706e-06
396.0	3.593e-06
396.2	3.6156e-06
396.4	3.6384e-06
396.6	3.6613e-06
396.8	3.6843e-06
397.0	3.7075e-06
397.2	3.6977e-06
397.4	3.666e-06
397.6	3.6347e-06
397.8	3.6036e-06
398.0	3.5727e-06
398.2	3.5421e-06
398.4	3.5118e-06
398.6	3.4818e-06
398.8	3.452e-06
399.0	3.4224e-06
399.2	3.3931e-06
399.4	3.3641e-06
399.6	3.3353e-06
399.8	3.3067e-06
400.0	3.2784e-06
400.2	3.2504e-06
400.4	3.2225e-06
400.6	3.195e-06
400.8	3.1676e-06
401.0	3.1405e-06
401.2	3.055e-06
401.4	2.8664e-06
401.6	2.6894e-06
401.8	2.5234e-06
402.0	2.3676e-06
402.2	2.2214e-06
402.4	2.0843e-06
402.6	1.9556e-06
402.8	1.8349e-06
403.0	1.7216e-06
403.2	1.6153e-06
403.4	1.5156e-06
403.6	1.422e-06
403.8	1.3342e-06
404.0	1.2519e-06
404.2	1.1746e-06
404.4	1.1021e-06
404.6	1.034e-06
404.8	9.7019e-07
405.0	9.103e-07
405.2	8.5987e-07
405.4	8.6301e-07
405.6	8.6616e-07
405.8	8.6932e-07
406.0	8.7249e-07
406.2	8.7568e-07
406.4	8.7887e-07
406.6	8.8208e-07
406.8	8.853e-07
407.0	8.8853e-07
407.2	8.9177e-07
407.4	8.9503e-07
407.6	8.9829e-07
407.8	9.0157e-07
408.0	9.0486e-07
408.2	9.0816e-07
408.4	9.1148e-07
408.6	9.1481e-07
408.8	9.1814e-07
409.0	9.215e-07
409.2	9.2486e-07
409.4	9.161e-07
409.6	9.0557e-07
409.8	8.9516e-07
410.0	8.8487e-07
410.2	8.7469e-07
410.4	8.6463e-07
410.6	8.5469e-07
410.8	8.4487e-07
411.0	8.3515e-07
411.2	8.2555e-07
411.4	8.1606e-07
411.6	8.0668e-07
411.8	7.974e-07
412.0	7.8823e-07
412.2	7.7917e-07
412.4	7.7021e-07
412.6	7.6135e-07
412.8	7.526e-07
413.0	7.4395e-07
413.2	7.3539e-07
413.4	7.5958e-07
413.6	8.0418e-07
413.8	8.5139e-07
414.0	9.0139e-07
414.2	9.5431e-07
414.4	1.0103e-06
414.6	1.0697e-06
414.8	1.1325e-06
415.0	1.199e-06
415.2	1.2694e-06
415.4	1.3439e-06
415.6	1.4228e-06
415.8	1.5064e-06
416.0	1.5948e-06
416.2	1.6885e-06
416.4	1.7876e-06
416.6	1.8926e-06
416.8	2.0037e-06
417.0	2.1213e-06
417.2	2.2459e-06
417.4	2.3266e-06
417.6	2.3389e-06
417.8	2.3513e-06
418.0	2.3637e-06
418.2	2.3762e-06
418.4	2.3887e-06
418.6	2.4014e-06
418.8	2.4141e-06
419.0	2.4268e-06
419.2	2.4397e-06
419.4	2.4526e-06
419.6	2.4655e-06
419.8	2.4786e-06
420.0	2.4917e-06
420.2	2.5048e-06
420.4	2.5181e-06
420.6	2.5314e-06
420.8	2.5448e-06
421.0	2.5582e-06
421.2	2.5717e-06
421.4	2.5418e-06
421.6	2.3612e-06
421.8	2.1934e-06
422.0	2.0375e-06
422.2	1.8928e-06
422.4	1.7583e-06
422.6	1.6333e-06
422.8	1.5173e-06
423.0	1.4095e-06
423.2	1.3093e-06
423.4	1.2163e-06
423.6	1.1298e-06
423.8	1.0496e-06
424.0	9.7497e-07
424.2	9.0569e-07
424.4	8.4134e-07
424.6	7.8155e-07
424.8	7.2602e-07
425.0	6.7443e-07
425.2	6.265e-07
425.4	5.8314e-07
425.6	6.1825e-07
425.8	6.5548e-07
426.0	6.9495e-07
426.2	7.3679e-07
426.4	7.8115e-07
426.6	8.2819e-07
426.8	8.7806e-07
427.0	9.3093e-07
427.2	9.8698e-07
427.4	1.0464e-06
427.6	1.1094e-06
427.8	1.1762e-06
428.0	1.247e-06
428.2	1.3221e-06
428.4	1.4017e-06
428.6	1.4861e-06
428.8	1.5756e-06
429.0	1.6705e-06
429.2	1.7711e-06
429.4	1.8777e-06
429.6	1.818e-06
429.8	1.7266e-06
430.0	1.6398e-06
430.2	1.5574e-06
430.4	1.4791e-06
430.6	1.4047e-06
430.8	1.3341e-06
431.0	1.267e-06
431.2	1.2033e-06
431.4	1.1428e-06
431.6	1.0854e-06
431.8	1.0308e-06
432.0	9.7897e-07
432.2	9.2976e-07
432.4	8.8301e-07
432.6	8.3862e-07
432.8	7.9646e-07
433.0	7.5642e-07
433.2	7.1839e-07
433.4	6.8227e-07
433.6	6.4683e-07
433.8	6.1264e-07
434.0	5.8025e-07
434.2	5.4958e-07
434.4	5.2052e-07
434.6	4.9301e-07
434.8	4.6694e-07
435.0	4.4226e-07
435.2	4.326e-07
435.4	4.2315e-07
435.6	4.139e-07
435.8	4.0486e-07
436.0	3.9602e-07
436.2	3.8737e-07
436.4	3.7891e-07
436.6	3.7063e-07
436.8	3.6253e-07
437.0	3.5461e-07
437.2	3.8789e-07
437.4	4.2706e-07
437.6	4.7019e-07
437.8	5.1766e-07
438.0	5.6994e-07
438.2	6.2749e-07
438.4	6.9085e-07
438.6	7.6061e-07
438.8	8.3742e-07
439.0	9.2198e-07
439.2	1.0151e-06
439.4	1.1176e-06
439.6	1.2304e-06
439.8	1.3547e-06
440.0	1.4915e-06
440.2	1.6421e-06
440.4	1.8079e-06
440.6	1.9905e-06
440.8	2.1915e-06
441.0	2.4128e-06
441.2	2.2463e-06
441.4	1.9687e-06
441.6	1.7253e-06
441.8	1.5121e-06
442.0	1.3252e-06
442.2	1.1614e-06
442.4	1.0178e-06
442.6	8.9201e-07
442.8	7.8175e-07
443.0	6.8512e-07
443.2	6.0044e-07
443.4	5.2622e-07
443.6	4.6117e-07
443.8	4.0417e-07
444.0	3.5421e-07
444.2	3.1043e-07
444.4	2.7206e-07
444.6	2.3843e-07
444.8	2.0896e-07
445.0	1.8313e-07
445.2	1.7637e-07
445.4	1.8406e-07
445.6	1.9208e-07
445.8	2.0046e-07
446.0	2.092e-07
446.2	2.1832e-07
446.4	2.2784e-07
446.6	2.3778e-07
446.8	2.4814e-07
447.0	2.5896e-07
447.2	2.7026e-07
447.4	2.8204e-07
447.6	2.9434e-07
447.8	3.0717e-07
448.0	3.2057e-07
448.2	3.3455e-07
448.4	3.4914e-07
448.6	3.6436e-07
448.8	3.8025e-07
449.0	3.9683e-07
449.2	4.3846e-07
449.4	5.3865e-07
449.6	6.6173e-07
449.8	8.1294e-07
450.0	9.987e-07
450.2	1.0727e-06
450.4	1.1522e-06
450.6	1.2376e-06
450.8	1.3294e-06
451.0	1.4279e-06
451.2	1.5337e-06
451.4	1.6474e-06
451.6	1.7695e-06
451.8	1.9007e-06
452.0	2.0415e-06
452.2	2.1929e-06
452.4	2.3554e-06
452.6	2.53e-06
452.8	2.7175e-06
453.0	2.9189e-06
453.2	2.9909e-06
453.4	3.0539e-06
453.6	3.1181e-06
453.8	3.1838e-06
454.0	3.2508e-06
454.2	3.3192e-06
454.4	3.389e-06
454.6	3.4603e-06
454.8	3.5332e-06
455.0	3.6075e-06
455.2	3.6834e-06
455.4	3.761e-06
455.6	3.8401e-06
455.8	3.9209e-06
456.0	4.0034e-06
456.2	4.0877e-06
456.4	4.1737e-06
456.6	4.2616e-06
456.8	4.3512e-06
457.0	4.4428e-06
457.2	4.291e-06
457.4	4.0579e-06
457.6	3.8374e-06
457.8	3.6289e-06
458.0	3.4318e-06
458.2	3.2453e-06
458.4	3.069e-06
458.6	2.9023e-06
458.8	2.7446e-06
459.0	2.5955e-06
459.2	2.4545e-06
459.4	2.3211e-06
459.6	2.195e-06
459.8	2.0758e-06
460.0	1.963e-06
460.2	1.957e-06
460.4	1.951e-06
460.6	1.9451e-06
460.8	1.9392e-06
461.0	1.9332e-06
461.2	1.9273e-06
461.4	1.9215e-06
461.6	1.9156e-06
461.8	1.9097e-06
462.0	1.9039e-06
462.2	1.8981e-06
462.4	1.8923e-06
462.6	1.8865e-06
462.8	1.8808e-06
463.0	1.875e-06
463.2	1.7181e-06
463.4	1.562e-06
463.6	1.4201e-06
463.8	1.291e-06
464.0	1.1737e-06
464.2	1.0671e-06
464.4	9.7012e-07
464.6	8.8198e-07
464.8	8.0184e-07
465.0	7.2898e-07
465.2	6.6275e-07
465.4	6.0253e-07
465.6	5.4778e-07
465.8	4.9801e-07
466.0	4.5276e-07
466.2	4.1162e-07
466.4	3.7422e-07
466.6	3.4022e-07
466.8	3.0931e-07
467.0	2.812e-07
467.2	2.8709e-07
467.4	3.0663e-07
467.6	3.275e-07
467.8	3.498e-07
468.0	3.736e-07
468.2	3.9903e-07
468.4	4.2619e-07
468.6	4.552e-07
468.8	4.8618e-07
469.0	5.1927e-07
469.2	5.5461e-07
469.4	5.9236e-07
469.6	6.3268e-07
469.8	6.7574e-07
470.0	7.2173e-07
470.2	6.5983e-07
470.4	6.0324e-07
470.6	5.515e-07
470.8	5.042e-07
471.0	4.6096e-07
471.2	4.2142e-07
471.4	3.8528e-07
471.6	3.5224e-07
471.8	3.2203e-07
472.0	2.9441e-07
472.2	2.6916e-07
472.4	2.4607e-07
472.6	2.2497e-07
472.8	2.0567e-07
473.0	1.8803e-07
473.2	2.0375e-07
473.4	2.2548e-07
473.6	2.4952e-07
473.8	2.7612e-07
474.0	3.0556e-07
474.2	3.3814e-07
474.4	3.7419e-07
474.6	4.1408e-07
474.8	4.5823e-07
475.0	5.0709e-07
475.2	5.6115e-07
475.4	6.2098e-07
475.6	6.8719e-07
475.8	7.6046e-07
476.0	8.4153e-07
476.2	9.3125e-07
476.4	1.0305e-06
476.6	1.1404e-06
476.8	1.262e-06
477.0	1.3966e-06
477.2	1.3422e-06
477.4	1.2178e-06
477.6	1.1049e-06
477.8	1.0025e-06
478.0	9.0952e-07
478.2	8.252e-07
478.4	7.487e-07
478.6	6.793e-07
478.8	6.1632e-07
479.0	5.5919e-07
479.2	5.0735e-07
479.4	4.6031e-07
479.6	4.1764e-07
479.8	3.7892e-07
480.0	3.4379e-07
480.2	3.6671e-07
480.4	3.9115e-07
480.6	4.1722e-07
480.8	4.4503e-07
481.0	4.7469e-07
481.2	5.0633e-07
481.4	5.4007e-07
481.6	5.7607e-07
481.8	6.1446e-07
482.0	6.5542e-07
482.2	6.991e-07
482.4	7.457e-07
482.6	7.954e-07
482.8	8.4841e-07
483.0	9.0496e-07
483.2	8.0044e-07
483.4	6.918e-07
483.6	5.979e-07
483.8	5.1675e-07
484.0	4.4661e-07
484.2	3.8599e-07
484.4	3.336e-07
484.6	2.8832e-07
484.8	2.4919e-07
485.0	2.1536e-07
485.2	1.8613e-07
485.4	1.6087e-07
485.6	1.3903e-07
485.8	1.2016e-07
486.0	1.0385e-07
486.2	8.9756e-08
486.4	7.7574e-08
486.6	6.7045e-08
486.8	5.7945e-08
487.0	5.008e-08
487.2	4.5478e-08
487.4	4.2101e-08
487.6	3.8974e-08
487.8	3.608e-08
488.0	3.3401e-08
488.2	3.0921e-08
488.4	2.8625e-08
488.6	2.6499e-08
488.8	2.4532e-08
489.0	2.271e-08
489.2	2.1024e-08
489.4	1.9463e-08
489.6	1.8017e-08
489.8	1.6679e-08
490.0	1.5441e-08
490.2	1.3914e-08
490.4	1.2538e-08
490.6	1.1298e-08
490.8	1.018e-08
491.0	9.1733e-09
491.2	8.266e-09
491.4	7.4485e-09
491.6	6.7118e-09
491.8	6.048e-09
492.0	5.4498e-09
492.2	4.9108e-09
492.4	4.4251e-09
492.6	3.9874e-09
492.8	3.5931e-09
493.0	3.2377e-09
493.2	3.1904e-09
493.4	3.1788e-09
493.6	3.1671e-09
493.8	3.1556e-09
494.0	3.144e-09
494.2	3.1325e-09
494.4	3.1211e-09
494.6	3.1097e-09
494.8	3.0983e-09
495.0	3.087e-09
495.2	3.0757e-09
495.4	3.0645e-09
495.6	3.0533e-09
495.8	3.0421e-09
496.0	3.031e-09
496.2	3.0199e-09
496.4	3.0089e-09
496.6	2.9979e-09
496.8	2.987e-09
497.0	2.976e-09
497.2	3.2291e-09
497.4	3.6131e-09
497.6	4.0427e-09
497.8	4.5233e-09
498.0	5.0612e-09
498.2	5.663e-09
498.4	6.3363e-09
498.6	7.0897e-09
498.8	7.9327e-09
499.0	8.876e-09
499.2	9.9313e-09
499.4	1.1112e-08
499.6	1.2433e-08
499.8	1.3912e-08
500.0	1.5566e-08
500.2	1.6193e-08
500.4	1.6845e-08
500.6	1.7523e-08
500.8	1.8228e-08
501.0	1.8962e-08
501.2	1.9726e-08
501.4	2.052e-08
501.6	2.1346e-08
501.8	2.2206e-08
502.0	2.31e-08
502.2	2.403e-08
502.4	2.4997e-08
502.6	2.6004e-08
502.8	2.7051e-08
503.0	2.814e-08
503.2	2.5388e-08
503.4	2.2466e-08
503.6	1.9879e-08
503.8	1.7591e-08
504.0	1.5566e-08
504.2	1.3774e-08
504.4	1.2188e-08
504.6	1.0785e-08
504.8	9.5432e-09
505.0	8.4445e-09
505.2	7.4723e-09
505.4	6.6121e-09
505.6	5.8509e-09
505.8	5.1773e-09
506.0	4.5812e-09
506.2	4.0538e-09
506.4	3.5871e-09
506.6	3.1742e-09
506.8	2.8087e-09
507.0	2.4854e-09
507.2	2.6427e-09
507.4	3.0024e-09
507.6	3.4111e-09
507.8	3.8754e-09
508.0	4.4029e-09
508.2	5.0022e-09
508.4	5.6831e-09
508.6	6.4567e-09
508.8	7.3355e-09
509.0	8.334e-09
509.2	9.4684e-09
509.4	1.0757e-08
509.6	1.2221e-08
509.8	1.3885e-08
510.0	1.5775e-08
510.2	1.5844e-08
510.4	7.4037e-08
510.6	5.2162e-08
510.8	2.382e-08
511.0	1.5504e-08
511.2	1.5453e-08
511.4	2.1332e-08
511.6	1.5626e-08
511.8	1.5304e-08
512.0	1.5225e-08
512.2	1.5147e-08
512.4	1.5071e-08
512.6	1.5011e-08
512.8	1.5002e-08
513.0	1.4974e-08
513.2	1.4927e-08
513.4	1.4879e-08
513.6	2.6966e-08
513.8	8.4949e-08
514.0	1.8141e-08
514.2	1.971e-08
514.4	1.5566e-08
514.6	1.4809e-08
514.8	1.4786e-08
515.0	1.4759e-08
515.2	1.631e-08
515.4	5.8324e-08
515.6	5.9734e-08
515.8	8.0398e-08
516.0	2.7877e-08
516.2	1.9537e-08
516.4	2.4587e-08
516.6	1.4945e-08
516.8	6.1626e-08
517.0	3.2563e-08
517.2	3.6681e-08
517.4	2.1949e-08
517.6	1.3997e-08
517.8	1.3921e-08
518.0	1.3852e-08
518.2	2.3593e-08
518.4	2.6474e-08
518.6	1.6649e-08
518.8	1.3734e-08
519.0	1.3714e-08
519.2	1.7343e-08
519.4	6.2105e-08
519.6	2.0852e-08
519.8	2.0183e-08
520.0	1.6592e-08
520.2	2.486e-08
520.4	2.8079e-08
520.6	1.3578e-08
520.8	1.3526e-08
521.0	2.9958e-08
521.2	3.4141e-08
521.4	8.0812e-08
521.6	4.4811e-08
521.8	1.6291e-08
522.0	2.4961e-08
522.2	1.4326e-08
522.4	3.357e-08
522.6	3.1619e-08
522.8	1.6329e-08
523.0	1.2996e-08
523.2	1.6795e-08
523.4	3.9217e-08
523.6	5.8676e-08
523.8	1.1021e-07
524.0	8.2581e-08
524.2	6.9369e-08
524.4	4.2107e-08
524.6	1.2699e-08
524.8	1.2673e-08
525.0	1.2647e-08
525.2	1.2625e-08
525.4	1.2623e-08
525.6	1.2627e-08
525.8	1.6325e-08
526.0	2.2282e-08
526.2	1.2826e-08
526.4	1.2485e-08
526.6	1.2446e-08
526.8	1.242e-08
527.0	1.2403e-08
527.2	1.2366e-08
527.4	1.2328e-08
527.6	1.2284e-08
527.8	1.2226e-08
528.0	1.2181e-08
528.2	1.2663e-08
528.4	1.6769e-08
528.6	2.9976e-08
528.8	4.6906e-08
529.0	3.7281e-08
529.2	1.6862e-08
529.4	1.2009e-08
529.6	1.1997e-08
529.8	1.2011e-08
530.0	1.4321e-08
530.2	2.3933e-08
530.4	2.3872e-08
530.6	2.3821e-08
530.8	1.7537e-08
531.0	1.1856e-08
531.2	1.1847e-08
531.4	1.3528e-08
531.6	2.3382e-08
531.8	2.3522e-08
532.0	1.5658e-08
532.2	1.1673e-08
532.4	1.1643e-08
532.6	1.1632e-08
532.8	1.1592e-08
533.0	1.1544e-08
533.2	1.1515e-08
533.4	1.1487e-08
533.6	1.6928e-08
533.8	3.0799e-08
534.0	2.2421e-08
534.2	5.5245e-08
534.4	4.6172e-08
534.6	1.6298e-08
534.8	1.1384e-08
535.0	1.1375e-08
535.2	1.2449e-08
535.4	1.9191e-08
535.6	1.32e-08
535.8	4.7219e-08
536.0	4.0021e-08
536.2	2.0077e-08
536.4	1.1302e-08
536.6	1.1823e-08
536.8	2.0678e-08
537.0	4.3111e-08
537.2	2.4739e-08
537.4	1.4191e-08
537.6	1.1161e-08
537.8	1.1135e-08
538.0	1.1461e-08
538.2	2.0396e-08
538.4	1.1051e-08
538.6	1.1016e-08
538.8	1.0981e-08
539.0	1.095e-08
539.2	1.0927e-08
539.4	1.0917e-08
539.6	5.4754e-08
539.8	1.1303e-08
540.0	3.2156e-08
540.2	1.9538e-08
540.4	1.0878e-08
540.6	1.0883e-08
540.8	1.0882e-08
541.0	3.1788e-08
541.2	7.121e-08
541.4	1.8606e-08
541.6	1.0881e-08
541.8	1.0856e-08
542.0	1.0827e-08
542.2	1.0804e-08
542.4	1.0807e-08
542.6	1.0787e-08
542.8	1.0763e-08
543.0	2.1412e-08
543.2	4.5745e-08
543.4	4.6124e-08
543.6	1.2843e-08
543.8	2.2418e-08
544.0	3.8798e-08
544.2	1.7503e-08
544.4	1.7052e-08
544.6	2.4568e-08
544.8	1.0541e-08
545.0	1.0539e-08
545.2	1.9076e-08
545.4	1.2644e-08
545.6	1.0542e-08
545.8	1.0527e-08
546.0	1.3254e-08
546.2	3.1434e-08
546.4	1.3095e-08
546.6	3.0e-08
546.8	1.6353e-08
547.0	1.0532e-08
547.2	1.72e-08
547.4	3.405e-08
547.6	1.1258e-08
547.8	2.3735e-08
548.0	2.4056e-08
548.2	1.3208e-08
548.4	1.0469e-08
548.6	1.5069e-08
548.8	3.2453e-08
549.0	4.0761e-08
549.2	1.5321e-08
549.4	1.0412e-08
549.6	1.0404e-08
549.8	1.0381e-08
550.0	1.0361e-08
550.2	1.0351e-08
550.4	1.034e-08
550.6	1.0333e-08
550.8	2.2645e-08
551.0	3.5238e-08
551.2	1.8733e-08
551.4	1.0337e-08
551.6	1.0346e-08
551.8	1.0346e-08
552.0	2.1019e-08
552.2	2.8098e-08
552.4	2.3069e-08
552.6	1.5661e-08
552.8	1.3638e-08
553.0	4.1128e-08
553.2	5.7003e-08
553.4	2.1519e-08
553.6	1.8043e-08
553.8	3.7241e-08
554.0	3.686e-08
554.2	2.519e-08
554.4	1.0475e-08
554.6	1.0236e-08
554.8	2.5719e-08
555.0	4.5494e-08
555.2	2.2694e-08
555.4	1.0175e-08
555.6	1.2109e-08
555.8	3.6433e-08
556.0	3.2824e-08
556.2	1.7108e-08
556.4	1.3321e-08
556.6	2.6465e-08
556.8	2.7493e-08
557.0	1.0064e-08
557.2	1.0057e-08
557.4	1.0037e-08
557.6	2.1102e-08
557.8	5.0855e-08
558.0	4.8329e-08
558.2	2.8263e-08
558.4	1.0417e-08
558.6	1.8096e-08
558.8	3.6305e-08
559.0	4.007e-08
559.2	2.5001e-08
559.4	1.4033e-08
559.6	1.159e-08
559.8	2.0138e-08
560.0	4.1762e-08
560.2	1.935e-08
560.4	1.5459e-08
560.6	2.6147e-08
560.8	1.4577e-08
561.0	1.0112e-08
561.2	1.0111e-08
561.4	1.0117e-08
561.6	1.4763e-08
561.8	1.5943e-08
562.0	1.1948e-08
562.2	2.9661e-08
562.4	4.0228e-08
562.6	1.1151e-08
562.8	1.0132e-08
563.0	2.6373e-08
563.2	3.3616e-08
563.4	1.1156e-08
563.6	1.9277e-08
563.8	2.2468e-08
564.0	5.3816e-08
564.2	1.759e-08
564.4	2.5914e-08
564.6	4.9344e-08
564.8	2.0781e-08
565.0	2.908e-08
565.2	3.1021e-08
565.4	5.3704e-08
565.6	2.9507e-08
565.8	2.9672e-08
566.0	4.9514e-08
566.2	4.7779e-08
566.4	2.1065e-08
566.6	9.8789e-09
566.8	1.7133e-08
567.0	2.5013e-08
567.2	2.5056e-08
567.4	2.3342e-08
567.6	4.8481e-08
567.8	1.4098e-08
568.0	9.9886e-09
568.2	1.6549e-08
568.4	4.2064e-08
568.6	3.8195e-08
568.8	9.8264e-09
569.0	9.8405e-09
569.2	1.7854e-08
569.4	1.9667e-08
569.6	1.1796e-08
569.8	2.5854e-08
570.0	3.2487e-08
570.2	9.8547e-09
570.4	9.8622e-09
570.6	2.901e-08
570.8	4.6701e-08
571.0	1.691e-08
571.2	1.6394e-08
571.4	3.1844e-08
571.6	3.9378e-08
571.8	3.9313e-08
572.0	2.5147e-08
572.2	2.7902e-08
572.4	4.5614e-08
572.6	6.2693e-08
572.8	4.3548e-08
573.0	1.0041e-08
573.2	2.4038e-08
573.4	2.7678e-08
573.6	1.2585e-08
573.8	9.7103e-09
574.0	9.6905e-09
574.2	1.2632e-08
574.4	3.8266e-08
574.6	3.8687e-08
574.8	3.6751e-08
575.0	1.4322e-08
575.2	2.1154e-08
575.4	4.2037e-08
575.6	4.4753e-08
575.8	2.9766e-08
576.0	1.2735e-08
576.2	2.5256e-08
576.4	3.9607e-08
576.6	1.8699e-08
576.8	9.7147e-09
577.0	1.1524e-08
577.2	3.4784e-08
577.4	1.4313e-08
577.6	1.0358e-08
577.8	1.5452e-08
578.0	2.3732e-08
578.2	2.9103e-08
578.4	2.64e-08
578.6	1.0999e-08
578.8	9.6909e-09
579.0	2.276e-08
579.2	3.448e-08
579.4	3.6746e-08
579.6	3.2053e-08
579.8	1.0772e-08
580.0	5.0753e-08
580.2	5.4388e-08
580.4	2.848e-08
580.6	1.8574e-08
580.8	1.4743e-08
581.0	1.4579e-08
581.2	7.649e-08
581.4	3.5762e-08
581.6	1.5268e-08
581.8	2.2052e-08
582.0	7.5436e-08
582.2	8.0067e-08
582.4	3.6918e-08
582.6	1.023e-08
582.8	2.2821e-08
583.0	1.5677e-08
583.2	1.7197e-08
583.4	3.3163e-08
583.6	2.5795e-08
583.8	1.9537e-08
584.0	1.9504e-08
584.2	1.9452e-08
584.4	2.7713e-08
584.6	2.7966e-08
584.8	1.3506e-08
585.0	1.8576e-08
585.2	8.049e-08
585.4	4.2111e-08
585.6	2.3835e-08
585.8	1.3669e-08
586.0	1.62e-08
586.2	4.2904e-08
586.4	4.2309e-08
586.6	5.7865e-08
586.8	6.5301e-08
587.0	1.9416e-08
587.2	9.5709e-09
587.4	1.1945e-08
587.6	1.7279e-08
587.8	9.6202e-09
588.0	9.6121e-09
588.2	9.6123e-09
588.4	9.6188e-09
588.6	9.6336e-09
588.8	1.1153e-08
589.0	1.55e-08
589.2	1.2573e-08
589.4	4.5597e-08
589.6	5.5786e-08
589.8	6.3528e-08
590.0	5.0396e-08
590.2	2.9011e-08
590.4	3.1502e-08
590.6	6.2756e-08
590.8	1.0148e-07
591.0	1.961e-08
591.2	1.3815e-08
591.4	1.9445e-08
591.6	2.1031e-08
591.8	3.5547e-08
592.0	2.6213e-08
592.2	1.0908e-08
592.4	9.7112e-09
592.6	9.6943e-09
592.8	1.1865e-08
593.0	1.9334e-08
593.2	1.8144e-08
593.4	9.7578e-09
593.6	9.7507e-09
593.8	1.5286e-08
594.0	2.9374e-08
594.2	4.2945e-08
594.4	2.9139e-08
594.6	2.701e-08
594.8	9.8265e-09
595.0	1.7084e-08
595.2	1.2968e-08
595.4	1.5162e-08
595.6	3.3718e-08
595.8	5.8681e-08
596.0	2.6752e-08
596.2	4.7435e-08
596.4	2.4717e-08
596.6	1.9667e-08
596.8	1.5409e-08
597.0	1.2794e-08
597.2	5.3537e-08
597.4	3.6173e-08
597.6	1.0807e-08
597.8	9.7836e-09
598.0	2.7924e-08
598.2	3.5301e-08
598.4	1.2107e-08
598.6	4.3818e-08
598.8	2.3471e-08
599.0	1.075e-08
599.2	3.7344e-08
599.4	2.5994e-08
599.6	9.6645e-09
599.8	9.6633e-09
600.0	9.659e-09
600.2	3.0179e-08
600.4	3.0741e-08
600.6	5.9212e-08
600.8	5.3198e-08
601.0	2.2098e-08
601.2	9.6717e-09
601.4	9.6909e-09
601.6	2.508e-08
601.8	1.3189e-08
602.0	2.5994e-08
602.2	2.5321e-08
602.4	9.7653e-09
602.6	9.9424e-09
602.8	5.7323e-08
603.0	3.9027e-08
603.2	4.17e-08
603.4	1.9813e-08
603.6	9.812e-09
603.8	1.0976e-08
604.0	1.9054e-08
604.2	1.9625e-08
604.4	1.6964e-08
604.6	3.7475e-08
604.8	6.8522e-08
605.0	6.2457e-08
605.2	3.7711e-08
605.4	2.9887e-08
605.6	4.8238e-08
605.8	4.1803e-08
606.0	1.596e-08
606.2	2.5067e-08
606.4	5.802e-08
606.6	3.9518e-08
606.8	4.7141e-08
607.0	4.1464e-08
607.2	4.4249e-08
607.4	2.9336e-08
607.6	2.6347e-08
607.8	4.5815e-08
608.0	7.4978e-08
608.2	4.3112e-08
608.4	5.5441e-08
608.6	6.905e-08
608.8	7.8496e-08
609.0	5.6201e-08
609.2	2.6863e-08
609.4	1.9455e-08
609.6	1.9482e-08
609.8	1.2877e-08
610.0	1.8503e-08
610.2	4.222e-08
610.4	5.5323e-08
610.6	5.9856e-08
610.8	3.0332e-08
611.0	6.1753e-08
611.2	4.5138e-08
611.4	3.2414e-08
611.6	2.8745e-08
611.8	1.5751e-08
612.0	1.2423e-08
612.2	5.8855e-08
612.4	8.2246e-08
612.6	4.9823e-08
612.8	4.3403e-08
613.0	7.6969e-08
613.2	5.8901e-08
613.4	4.1516e-08
613.6	7.2167e-08
613.8	9.1123e-08
614.0	8.2442e-08
614.2	8.2609e-08
614.4	1.2521e-07
614.6	1.2406e-07
614.8	9.0599e-08
615.0	1.4315e-07
615.2	1.6348e-07
615.4	1.6721e-07
615.6	1.7345e-07
615.8	2.0084e-07
616.0	2.3808e-07
616.2	2.4555e-07
616.4	2.8388e-07
616.6	3.2839e-07
616.8	3.4908e-07
617.0	3.4583e-07
617.2	3.5875e-07
617.4	3.8449e-07
617.6	4.4734e-07
617.8	5.6402e-07
618.0	5.8275e-07
618.2	5.9874e-07
618.4	6.9407e-07
618.6	8.6411e-07
618.8	9.908e-07
619.0	1.0743e-06
619.2	1.2327e-06
619.4	1.4114e-06
619.6	1.5743e-06
619.8	1.7328e-06
620.0	2.1011e-06
620.2	2.3248e-06
620.4	2.7633e-06
620.6	3.1233e-06
620.8	3.6059e-06
621.0	4.2025e-06
621.2	4.8099e-06
621.4	5.5002e-06
621.6	6.1857e-06
621.8	7.2901e-06
622.0	8.5446e-06
622.2	9.799e-06
622.4	1.1189e-05
622.6	1.3129e-05
622.8	1.5306e-05
623.0	1.7899e-05
623.2	2.123e-05
623.4	2.5094e-05
623.6	2.9591e-05
623.8	3.4835e-05
624.0	4.0957e-05
624.2	4.9734e-05
624.4	5.9664e-05
624.6	7.2491e-05
624.8	8.6998e-05
625.0	1.0425e-04
625.2	1.2556e-04
625.4	1.5151e-04
625.6	1.839e-04
625.8	2.2336e-04
626.0	2.7402e-04
626.2	3.3699e-04
626.4	4.1447e-04
626.6	5.1272e-04
626.8	6.3652e-04
627.0	7.9617e-04
627.2	0.00101
627.4	0.00128
627.6	0.00161
627.8	0.00204
628.0	0.0026
628.2	0.00331
628.4	0.00425
628.6	0.00529
628.8	0.00685
629.0	0.00896
629.2	0.01179
629.4	0.01559
629.6	0.02081
629.8	0.02795
630.0	0.04051
630.2	0.05512
630.4	0.07543
630.6	0.10377
630.8	0.14278
631.0	0.19601
631.2	0.26701
631.4	0.36158
631.6	0.46958
631.8	0.58778
632.0	0.70353
632.2	0.8051
632.4	0.88273
632.6	0.93514
632.8	0.97062
633.0	0.985
633.2	0.99021
633.4	0.99037
633.6	0.98898
633.8	0.98699
634.0	0.98577
634.2	0.9854
634.4	0.98506
634.6	0.9859
634.8	0.98651
635.0	0.98767
635.2	0.98852
635.4	0.98944
635.6	0.98998
635.8	0.99063
636.0	0.99131
636.2	0.99169
636.4	0.99149
636.6	0.99183
636.8	0.99101
637.0	0.99165
637.2	0.99073
637.4	0.99067
637.6	0.99073
637.8	0.99049
638.0	0.99008
638.2	0.98998
638.4	0.99004
638.6	0.98977
638.8	0.98929
639.0	0.98979
639.2	0.98913
639.4	0.98924
639.6	0.98947
639.8	0.98936
640.0	0.98955
640.2	0.98971
640.4	0.98954
640.6	0.98953
640.8	0.9895
641.0	0.98964
641.2	0.98921
641.4	0.98916
641.6	0.98924
641.8	0.98904
642.0	0.9884
642.2	0.98772
642.4	0.98695
642.6	0.98631
642.8	0.98622
643.0	0.98517
643.2	0.98486
643.4	0.98477
643.6	0.98341
643.8	0.98368
644.0	0.98466
644.2	0.98416
644.4	0.98437
644.6	0.98541
644.8	0.98557
645.0	0.98633
645.2	0.98689
645.4	0.98855
645.6	0.98952
645.8	0.99043
646.0	0.99114
646.2	0.99226
646.4	0.99284
646.6	0.99352
646.8	0.99376
647.0	0.99401
647.2	0.99383
647.4	0.99326
647.6	0.99296
647.8	0.99213
648.0	0.99079
648.2	0.99018
648.4	0.98861
648.6	0.9878
648.8	0.98678
649.0	0.98562
649.2	0.98494
649.4	0.98431
649.6	0.9838
649.8	0.98362
650.0	0.98363
650.2	0.98396
650.4	0.98405
650.6	0.98471
650.8	0.9853
651.0	0.98662
651.2	0.98765
651.4	0.9887
651.6	0.98939
651.8	0.99002
652.0	0.99069
652.2	0.99101
652.4	0.9917
652.6	0.99197
652.8	0.99195
653.0	0.99197
653.2	0.99166
653.4	0.99142
653.6	0.99164
653.8	0.99099
654.0	0.99076
654.2	0.99059
654.4	0.99042
654.6	0.99047
654.8	0.99029
655.0	0.9901
655.2	0.99073
655.4	0.99076
655.6	0.99062
655.8	0.99109
656.0	0.99107
656.2	0.99122
656.4	0.99091
656.6	0.99108
656.8	0.9906
657.0	0.98993
657.2	0.98928
657.4	0.98856
657.6	0.98765
657.8	0.98641
658.0	0.98552
658.2	0.98456
658.4	0.98341
658.6	0.98256
658.8	0.98164
659.0	0.98132
659.2	0.98122
659.4	0.98133
659.6	0.98121
659.8	0.98226
660.0	0.98278
660.2	0.98346
660.4	0.98501
660.6	0.98604
660.8	0.98708
661.0	0.98777
661.2	0.98913
661.4	0.99005
661.6	0.99093
661.8	0.99144
662.0	0.99129
662.2	0.99161
662.4	0.99152
662.6	0.99103
662.8	0.9909
663.0	0.98999
663.2	0.98976
663.4	0.98947
663.6	0.98875
663.8	0.98821
664.0	0.98863
664.2	0.98835
664.4	0.9886
664.6	0.98925
664.8	0.98989
665.0	0.98962
665.2	0.99013
665.4	0.99022
665.6	0.99076
665.8	0.9906
666.0	0.98987
666.2	0.98901
666.4	0.98865
666.6	0.98724
666.8	0.98579
667.0	0.98436
667.2	0.98295
667.4	0.98171
667.6	0.9805
667.8	0.97911
668.0	0.97831
668.2	0.97812
668.4	0.97748
668.6	0.97805
668.8	0.97823
669.0	0.97833
669.2	0.97946
669.4	0.98002
669.6	0.98093
669.8	0.98103
670.0	0.9818
670.2	0.98199
670.4	0.98213
670.6	0.98253
670.8	0.9822
671.0	0.98166
671.2	0.98168
671.4	0.98202
671.6	0.98216
671.8	0.98246
672.0	0.98347
672.2	0.98418
672.4	0.98549
672.6	0.98601
672.8	0.98702
673.0	0.98756
673.2	0.98727
673.4	0.98736
673.6	0.98762
673.8	0.98706
674.0	0.98618
674.2	0.98631
674.4	0.98672
674.6	0.98608
674.8	0.98677
675.0	0.98625
675.2	0.98511
675.4	0.98299
675.6	0.9792
675.8	0.97402
676.0	0.96865
676.2	0.96328
676.4	0.95786
676.6	0.95066
676.8	0.93705
677.0	0.90469
677.2	0.83469
677.4	0.71692
677.6	0.55807
677.8	0.38558
678.0	0.24681
678.2	0.15417
678.4	0.09528
678.6	0.0595
678.8	0.03785
679.0	0.02461
679.2	0.01615
679.4	0.01058
679.6	0.00728
679.8	0.00509
680.0	0.00364
680.2	0.00266
680.4	0.00195
680.6	0.00146
680.8	0.00108
681.0	8.2721e-04
681.2	6.411e-04
681.4	5.0301e-04
681.6	3.9686e-04
681.8	3.1558e-04
682.0	2.5158e-04
682.2	2.0376e-04
682.4	1.6044e-04
682.6	1.2486e-04
682.8	9.5909e-05
683.0	7.2436e-05
683.2	5.3258e-05
683.4	3.927e-05
683.6	2.7905e-05
683.8	1.9626e-05
684.0	1.3731e-05
684.2	9.5239e-06
684.4	6.5119e-06
684.6	4.2969e-06
684.8	2.9246e-06
685.0	1.9066e-06
685.2	1.3012e-06
685.4	9.7231e-07
685.6	7.177e-07
685.8	4.4332e-07
686.0	3.3734e-07
686.2	1.93e-07
686.4	1.6849e-07
686.6	1.315e-07
686.8	1.0572e-07
687.0	6.3915e-08
687.2	1.0053e-08
687.4	9.976e-09
687.6	2.6565e-08
687.8	1.5415e-08
688.0	9.9802e-09
688.2	9.9802e-09
688.4	9.9842e-09
688.6	9.986e-09
688.8	6.523e-08
689.0	8.669e-08
689.2	3.2156e-08
689.4	3.1902e-08
689.6	4.6821e-08
689.8	4.5812e-08
690.0	1.1777e-07
690.2	8.335e-08
690.4	6.0637e-08
690.6	5.2297e-08
690.8	2.3983e-08
691.0	1.0018e-08
691.2	1.0018e-08
691.4	1.0018e-08
691.6	1.003e-08
691.8	3.676e-08
692.0	2.9069e-08
692.2	2.5166e-08
692.4	9.6419e-08
692.6	1.1924e-07
692.8	7.7431e-08
693.0	3.1914e-08
693.2	2.2237e-08
693.4	2.2225e-08
693.6	2.6228e-08
693.8	3.8369e-08
694.0	3.0479e-08
694.2	3.0322e-08
694.4	1.5843e-08
694.6	2.3798e-08
694.8	6.9912e-08
695.0	8.4411e-08
695.2	9.1241e-08
695.4	9.1168e-08
695.6	1.7658e-08
695.8	2.4619e-08
696.0	5.4287e-08
696.2	2.9148e-08
696.4	1.4686e-08
696.6	3.3641e-08
696.8	5.8954e-08
697.0	5.3686e-08
697.2	5.1238e-08
697.4	3.7416e-08
697.6	4.0852e-08
697.8	9.9458e-08
698.0	7.4597e-08
698.2	9.9445e-08
698.4	5.4231e-08
698.6	6.212e-08
698.8	5.0388e-08
699.0	1.7765e-08
699.2	1.7361e-08
699.4	1.0317e-08
699.6	1.033e-08
699.8	3.3629e-08
700.0	6.6642e-08
700.2	6.2968e-08
700.4	3.1632e-08
700.6	1.1949e-08
700.8	2.101e-08
701.0	6.3884e-08
701.2	2.2799e-08
701.4	2.0331e-08
701.6	4.3076e-08
701.8	3.3319e-08
702.0	6.4693e-08
702.2	1.1061e-08
702.4	4.6236e-08
702.6	2.3492e-08
702.8	1.7487e-08
703.0	3.9945e-08
703.2	3.4811e-08
703.4	2.7175e-08
703.6	1.1167e-08
703.8	1.0282e-08
704.0	1.4861e-08
704.2	1.6213e-08
704.4	1.3414e-08
704.6	5.0368e-08
704.8	3.8901e-08
705.0	2.2273e-08
705.2	3.8561e-08
705.4	2.3248e-08
705.6	1.0236e-08
705.8	1.2316e-08
706.0	4.7228e-08
706.2	1.0212e-08
706.4	1.0204e-08
706.6	2.512e-08
706.8	2.1712e-08
707.0	1.0173e-08
707.2	1.1243e-08
707.4	3.9679e-08
707.6	5.0948e-08
707.8	5.8982e-08
708.0	4.0053e-08
708.2	4.807e-08
708.4	8.0573e-08
708.6	5.0285e-08
708.8	3.1099e-08
709.0	2.0788e-08
709.2	5.8472e-08
709.4	6.2321e-08
709.6	2.7964e-08
709.8	1.4967e-08
710.0	8.7469e-08
710.2	5.5592e-08
710.4	5.1024e-08
710.6	1.6009e-08
710.8	2.0981e-08
711.0	4.3805e-08
711.2	5.3218e-08
711.4	6.9743e-08
711.6	3.4922e-08
711.8	1.2169e-08
712.0	1.0178e-08
712.2	1.4171e-08
712.4	2.638e-08
712.6	5.4497e-08
712.8	1.03e-07
713.0	6.864e-08
713.2	7.6692e-08
713.4	6.8042e-08
713.6	2.8132e-08
713.8	1.8794e-08
714.0	1.3063e-07
714.2	9.7264e-08
714.4	3.388e-08
714.6	4.825e-08
714.8	6.1523e-08
715.0	5.7337e-08
715.2	5.6112e-08
715.4	8.1769e-08
715.6	5.6275e-08
715.8	3.045e-08
716.0	6.066e-08
716.2	5.1173e-08
716.4	2.6882e-08
716.6	2.1929e-08
716.8	3.0448e-08
717.0	1.3424e-08
717.2	2.002e-08
717.4	6.7532e-08
717.6	3.4758e-08
717.8	2.0093e-08
718.0	8.9306e-08
718.2	6.4456e-08
718.4	7.6523e-08
718.6	6.1341e-08
718.8	7.3605e-08
719.0	3.1902e-08
719.2	1.4365e-08
719.4	2.7932e-08
719.6	1.158e-08
719.8	4.9605e-08
720.0	4.7342e-08
720.2	2.4347e-08
720.4	2.8389e-08
720.6	3.905e-08
720.8	3.2639e-08
721.0	5.7164e-08
721.2	5.6049e-08
721.4	4.7764e-08
721.6	4.809e-08
721.8	5.6721e-08
722.0	4.4464e-08
722.2	1.0654e-08
722.4	5.6607e-08
722.6	9.097e-08
722.8	6.9893e-08
723.0	6.3433e-08
723.2	8.8698e-08
723.4	7.7043e-08
723.6	2.289e-08
723.8	2.1302e-08
724.0	3.5684e-08
724.2	4.0272e-08
724.4	3.9023e-08
724.6	5.119e-08
724.8	2.7818e-08
725.0	1.1481e-08
725.2	1.0744e-08
725.4	1.5745e-08
725.6	3.6221e-08
725.8	3.9055e-08
726.0	1.3091e-08
726.2	2.1577e-08
726.4	2.1608e-08
726.6	1.3334e-08
726.8	1.0829e-08
727.0	1.3316e-08
727.2	2.6302e-08
727.4	5.4409e-08
727.6	5.1042e-08
727.8	1.4018e-08
728.0	1.0902e-08
728.2	2.647e-08
728.4	5.4075e-08
728.6	2.0066e-08
728.8	1.0966e-08
729.0	1.099e-08
729.2	6.298e-08
729.4	5.1269e-08
729.6	2.1196e-08
729.8	1.5426e-08
730.0	4.7292e-08
730.2	4.9434e-08
730.4	1.1656e-08
730.6	5.0342e-08
730.8	2.489e-08
731.0	1.1123e-08
731.2	1.2946e-08
731.4	2.2056e-08
731.6	2.0721e-08
731.8	1.1874e-08
732.0	3.0236e-08
732.2	5.5387e-08
732.4	6.7256e-08
732.6	5.8971e-08
732.8	2.6734e-08
733.0	1.1734e-08
733.2	2.0534e-08
733.4	1.4234e-08
733.6	1.1296e-08
733.8	1.942e-08
734.0	7.0156e-08
734.2	2.3661e-08
734.4	3.2982e-08
734.6	1.3615e-08
734.8	1.1422e-08
735.0	2.1398e-08
735.2	3.2079e-08
735.4	1.2507e-08
735.6	4.0613e-08
735.8	6.7944e-08
736.0	1.1076e-07
736.2	3.083e-08
736.4	1.5146e-08
736.6	2.6531e-08
736.8	4.5843e-08
737.0	2.1012e-08
737.2	2.3045e-08
737.4	3.168e-08
737.6	4.6661e-08
737.8	3.1811e-08
738.0	1.6119e-08
738.2	6.8539e-08
738.4	4.1103e-08
738.6	4.5832e-08
738.8	5.5046e-08
739.0	4.5227e-08
739.2	2.4808e-08
739.4	1.5415e-08
739.6	8.2537e-08
739.8	6.1104e-08
740.0	1.4977e-08
740.2	1.9052e-08
740.4	1.6867e-08
740.6	2.4289e-08
740.8	1.142e-07
741.0	4.0136e-08
741.2	1.6053e-08
741.4	1.2284e-08
741.6	2.3737e-08
741.8	2.2541e-08
742.0	1.2018e-08
742.2	1.2003e-08
742.4	1.202e-08
742.6	3.4821e-08
742.8	2.8972e-08
743.0	3.6469e-08
743.2	5.6911e-08
743.4	6.6926e-08
743.6	4.7823e-08
743.8	1.568e-08
744.0	1.388e-08
744.2	2.7849e-08
744.4	2.925e-08
744.6	2.4545e-08
744.8	2.6407e-08
745.0	3.6672e-08
745.2	1.5524e-08
745.4	2.1845e-08
745.6	1.6847e-08
745.8	2.7693e-08
746.0	6.5668e-08
746.2	6.096e-08
746.4	1.4356e-08
746.6	1.2431e-08
746.8	1.5436e-08
747.0	1.442e-08
747.2	1.2572e-08
747.4	1.959e-08
747.6	5.527e-08
747.8	1.5087e-08
748.0	1.2611e-08
748.2	3.4331e-08
748.4	6.6535e-08
748.6	3.1256e-08
748.8	1.972e-08
749.0	6.9384e-08
749.2	1.6359e-08
749.4	1.272e-08
749.6	1.3867e-08
749.8	2.3595e-08
750.0	2.554e-08
750.2	1.2876e-08
750.4	1.2891e-08
750.6	3.8805e-08
750.8	2.2396e-08
751.0	2.6406e-08
751.2	3.0036e-08
751.4	1.2967e-08
751.6	1.2985e-08
751.8	1.3029e-08
752.0	1.3064e-08
752.2	1.308e-08
752.4	1.31e-08
752.6	1.3125e-08
752.8	1.6123e-08
753.0	2.6303e-08
753.2	2.6317e-08
753.4	1.6028e-08
753.6	1.3222e-08
753.8	1.5191e-08
754.0	1.6759e-08
754.2	1.3318e-08
754.4	1.3305e-08
754.6	1.3347e-08
754.8	2.1421e-08
755.0	1.9202e-08
755.2	1.7694e-08
755.4	2.3836e-08
755.6	1.346e-08
755.8	1.3469e-08
756.0	1.3486e-08
756.2	1.3501e-08
756.4	1.8438e-08
756.6	3.1723e-08
756.8	4.4944e-08
757.0	4.3308e-08
757.2	5.466e-08
757.4	7.5849e-08
757.6	2.8154e-08
757.8	1.8297e-08
758.0	2.5286e-08
758.2	2.5076e-08
758.4	6.6675e-08
758.6	5.5804e-08
758.8	5.5326e-08
759.0	2.5291e-08
759.2	2.5439e-08
759.4	5.7246e-08
759.6	3.0307e-08
759.8	4.8788e-08
760.0	1.6008e-08
760.2	1.418e-08
760.4	3.3114e-08
760.6	5.2317e-08
760.8	3.1343e-08
761.0	4.5129e-08
761.2	1.425e-08
761.4	1.426e-08
761.6	4.2124e-08
761.8	7.1457e-08
762.0	4.511e-08
762.2	1.4461e-08
762.4	1.6055e-08
762.6	2.8481e-08
762.8	1.6338e-08
763.0	2.8873e-08
763.2	2.6858e-08
763.4	1.4475e-08
763.6	1.4481e-08
763.8	1.4568e-08
764.0	1.4625e-08
764.2	2.5002e-08
764.4	2.923e-08
764.6	2.9222e-08
764.8	2.5474e-08
765.0	1.4604e-08
765.2	1.468e-08
765.4	1.4759e-08
765.6	1.4805e-08
765.8	2.2031e-08
766.0	3.4558e-08
766.2	3.6262e-08
766.4	1.4914e-08
766.6	3.0746e-08
766.8	1.625e-08
767.0	4.0684e-08
767.2	5.1386e-08
767.4	3.0977e-08
767.6	1.5008e-08
767.8	1.5041e-08
768.0	1.7476e-08
768.2	3.9152e-08
768.4	2.1518e-08
768.6	2.5908e-08
768.8	3.2936e-08
769.0	1.5188e-08
769.2	1.523e-08
769.4	1.5287e-08
769.6	1.5319e-08
769.8	2.387e-08
770.0	2.2614e-08
770.2	1.5407e-08
770.4	1.6105e-08
770.6	2.8197e-08
770.8	2.4862e-08
771.0	1.7309e-08
771.2	1.554e-08
771.4	1.5574e-08
771.6	2.0675e-08
771.8	6.1534e-08
772.0	2.0153e-08
772.2	2.8181e-08
772.4	2.0445e-08
772.6	2.8696e-08
772.8	5.6842e-08
773.0	7.3146e-08
773.2	4.8404e-08
773.4	3.4897e-08
773.6	3.7282e-08
773.8	4.4941e-08
774.0	4.7977e-08
774.2	3.4243e-08
774.4	1.8692e-08
774.6	5.7575e-08
774.8	2.3415e-08
775.0	1.6178e-08
775.2	1.622e-08
775.4	1.6236e-08
775.6	1.6237e-08
775.8	1.6968e-08
776.0	2.9814e-08
776.2	2.0332e-08
776.4	3.0167e-08
776.6	5.6796e-08
776.8	3.5635e-08
777.0	2.1628e-08
777.2	5.0157e-08
777.4	6.3412e-08
777.6	2.5946e-08
777.8	1.738e-08
778.0	2.4498e-08
778.2	2.5279e-08
778.4	2.0885e-08
778.6	4.9446e-08
778.8	2.0328e-08
779.0	4.6076e-08
779.2	4.2011e-08
779.4	1.8958e-08
779.6	1.6899e-08
779.8	1.8909e-08
780.0	3.3228e-08
780.2	1.9834e-08
780.4	2.5556e-08
780.6	4.2579e-08
780.8	3.5245e-08
781.0	1.7208e-08
781.2	1.7192e-08
781.4	1.7221e-08
781.6	1.7262e-08
781.8	3.1371e-08
782.0	3.503e-08
782.2	1.8735e-08
782.4	2.3332e-08
782.6	4.805e-08
782.8	1.984e-08
783.0	1.7469e-08
783.2	1.7521e-08
783.4	2.3425e-08
783.6	3.1229e-08
783.8	1.7731e-08
784.0	1.7759e-08
784.2	1.7774e-08
784.4	3.6418e-08
784.6	3.2282e-08
784.8	2.6504e-08
785.0	4.7511e-08
785.2	2.1958e-08
785.4	5.3476e-08
785.6	2.2483e-08
785.8	4.1979e-08
786.0	4.0738e-08
786.2	1.8603e-08
786.4	2.235e-08
786.6	3.3145e-08
786.8	1.8914e-08
787.0	7.972e-08
787.2	7.9211e-08
787.4	5.4951e-08
787.6	4.4746e-08
787.8	2.0464e-08
788.0	2.0572e-08
788.2	5.0128e-08
788.4	8.017e-08
788.6	7.1109e-08
788.8	3.8832e-08
789.0	1.8668e-08
789.2	1.873e-08
789.4	1.8753e-08
789.6	1.8796e-08
789.8	3.003e-08
790.0	4.5854e-08
790.2	4.1111e-08
790.4	1.9069e-08
790.6	2.12e-08
790.8	3.7271e-08
791.0	2.1352e-08
791.2	1.9092e-08
791.4	1.9117e-08
791.6	1.9136e-08
791.8	1.9198e-08
792.0	1.9291e-08
792.2	1.933e-08
792.4	1.9353e-08
792.6	1.9351e-08
792.8	1.9366e-08
793.0	2.3284e-08
793.2	3.8723e-08
793.4	3.5993e-08
793.6	1.9621e-08
793.8	1.9659e-08
794.0	1.9631e-08
794.2	3.6902e-08
794.4	5.4615e-08
794.6	2.1399e-08
794.8	5.0958e-08
795.0	7.6801e-08
795.2	2.4978e-08
795.4	4.0629e-08
795.6	5.9867e-08
795.8	4.4732e-08
796.0	2.0063e-08
796.2	2.0186e-08
796.4	2.0243e-08
796.6	2.0252e-08
796.8	3.179e-08
797.0	2.96e-08
797.2	2.4539e-08
797.4	3.8641e-08
797.6	2.1971e-08
797.8	2.05e-08
798.0	2.0557e-08
798.2	2.0611e-08
798.4	4.7206e-08
798.6	2.068e-08
798.8	2.0695e-08
799.0	2.6911e-08
799.2	3.4586e-08
799.4	2.0847e-08
799.6	2.0884e-08
799.8	2.0954e-08
800.0	2.1027e-08
800.2	1.565e-08
800.4	1.1648e-08
800.6	8.6696e-09
800.8	6.4527e-09
801.0	4.8027e-09
801.2	3.9757e-09
801.4	3.9761e-09
801.6	3.9765e-09
801.8	3.9769e-09
802.0	3.9774e-09
802.2	3.9778e-09
802.4	3.9782e-09
802.6	3.9786e-09
802.8	3.979e-09
803.0	3.9794e-09
803.2	3.9803e-09
803.4	3.9818e-09
803.6	3.9832e-09
803.8	3.9846e-09
804.0	3.9861e-09
804.2	3.9875e-09
804.4	3.9889e-09
804.6	3.9904e-09
804.8	3.9918e-09
805.0	3.9932e-09
805.2	3.9941e-09
805.4	3.9945e-09
805.6	3.9949e-09
805.8	3.9953e-09
806.0	3.9958e-09
806.2	3.9962e-09
806.4	3.9966e-09
806.6	3.997e-09
806.8	3.9975e-09
807.0	3.9979e-09
807.2	3.9961e-09
807.4	3.9935e-09
807.6	3.9909e-09
807.8	3.9883e-09
808.0	3.9857e-09
808.2	3.9831e-09
808.4	3.9804e-09
808.6	3.9778e-09
808.8	3.9752e-09
809.0	3.9726e-09
809.2	3.9334e-09
809.4	3.8882e-09
809.6	3.8435e-09
809.8	3.7993e-09
810.0	3.7556e-09
810.2	3.7124e-09
810.4	3.6697e-09
810.6	3.6275e-09
810.8	3.5858e-09
811.0	3.5446e-09
811.2	3.5192e-09
811.4	3.5195e-09
811.6	3.5199e-09
811.8	3.5202e-09
812.0	3.5206e-09
812.2	3.5209e-09
812.4	3.5213e-09
812.6	3.5216e-09
812.8	3.522e-09
813.0	3.5223e-09
813.2	3.5254e-09
813.4	3.5313e-09
813.6	3.5371e-09
813.8	3.543e-09
814.0	3.5489e-09
814.2	3.5548e-09
814.4	3.5607e-09
814.6	3.5666e-09
814.8	3.5725e-09
815.0	3.5785e-09
815.2	3.5846e-09
815.4	3.5909e-09
815.6	3.5971e-09
815.8	3.6034e-09
816.0	3.6097e-09
816.2	3.616e-09
816.4	3.6224e-09
816.6	3.6287e-09
816.8	3.635e-09
817.0	3.6414e-09
817.2	3.6469e-09
817.4	3.6521e-09
817.6	3.6573e-09
817.8	3.6625e-09
818.0	3.6678e-09
818.2	3.673e-09
818.4	3.6782e-09
818.6	3.6835e-09
818.8	3.6888e-09
819.0	3.694e-09
819.2	3.687e-09
819.4	3.6785e-09
819.6	3.6701e-09
819.8	3.6617e-09
820.0	3.6533e-09
820.2	3.6449e-09
820.4	3.6365e-09
820.6	3.6282e-09
820.8	3.6198e-09
821.0	3.6115e-09
821.2	3.6073e-09
821.4	3.6097e-09
821.6	3.6122e-09
821.8	3.6146e-09
822.0	3.617e-09
822.2	3.6195e-09
822.4	3.6219e-09
822.6	3.6244e-09
822.8	3.6268e-09
823.0	3.6293e-09
823.2	3.6325e-09
823.4	3.6363e-09
823.6	3.6402e-09
823.8	3.6441e-09
824.0	3.648e-09
824.2	3.6518e-09
824.4	3.6557e-09
824.6	3.6596e-09
824.8	3.6635e-09
825.0	3.6674e-09
825.2	3.6712e-09
825.4	3.675e-09
825.6	3.6788e-09
825.8	3.6826e-09
826.0	3.6864e-09
826.2	3.6902e-09
826.4	3.694e-09
826.6	3.6978e-09
826.8	3.7016e-09
827.0	3.7055e-09
827.2	3.7084e-09
827.4	3.7111e-09
827.6	3.7139e-09
827.8	3.7166e-09
828.0	3.7193e-09
828.2	3.722e-09
828.4	3.7248e-09
828.6	3.7275e-09
828.8	3.7302e-09
829.0	3.733e-09
829.2	3.7294e-09
829.4	3.7252e-09
829.6	3.7211e-09
829.8	3.7169e-09
830.0	3.7128e-09
830.2	3.7087e-09
830.4	3.7046e-09
830.6	3.7004e-09
830.8	3.6963e-09
831.0	3.6922e-09
831.2	3.6894e-09
831.4	3.6892e-09
831.6	3.6889e-09
831.8	3.6886e-09
832.0	3.6884e-09
832.2	3.6881e-09
832.4	3.6879e-09
832.6	3.6876e-09
832.8	3.6874e-09
833.0	3.6871e-09
833.2	3.6873e-09
833.4	3.688e-09
833.6	3.6887e-09
833.8	3.6894e-09
834.0	3.6901e-09
834.2	3.6908e-09
834.4	3.6916e-09
834.6	3.6923e-09
834.8	3.693e-09
835.0	3.6937e-09
835.2	3.6941e-09
835.4	3.6944e-09
835.6	3.6947e-09
835.8	3.695e-09
836.0	3.6952e-09
836.2	3.6955e-09
836.4	3.6958e-09
836.6	3.6961e-09
836.8	3.6964e-09
837.0	3.6966e-09
837.2	4.1161e-09
837.4	4.7368e-09
837.6	5.4512e-09
837.8	6.2734e-09
838.0	7.2195e-09
838.2	8.3083e-09
838.4	9.5613e-09
838.6	1.1003e-08
838.8	1.2663e-08
839.0	1.4572e-08
839.2	1.6084e-08
839.4	1.768e-08
839.6	1.9434e-08
839.8	2.1363e-08
840.0	2.3482e-08
840.2	2.5812e-08
840.4	2.8373e-08
840.6	3.1188e-08
840.8	3.4282e-08
841.0	3.7683e-08
841.2	3.6983e-08
841.4	2.8983e-08
841.6	2.2713e-08
841.8	1.7799e-08
842.0	1.3949e-08
842.2	1.0931e-08
842.4	8.5667e-09
842.6	6.7135e-09
842.8	5.2612e-09
843.0	4.123e-09
843.2	3.6314e-09
843.4	3.6298e-09
843.6	3.6283e-09
843.8	3.6267e-09
844.0	3.6251e-09
844.2	3.6235e-09
844.4	3.6219e-09
844.6	3.6203e-09
844.8	3.6188e-09
845.0	3.6172e-09
845.2	3.6157e-09
845.4	3.6142e-09
845.6	3.6128e-09
845.8	3.6113e-09
846.0	3.6099e-09
846.2	3.6084e-09
846.4	3.607e-09
846.6	3.6055e-09
846.8	3.6041e-09
847.0	3.6026e-09
847.2	3.5997e-09
847.4	3.5963e-09
847.6	3.593e-09
847.8	3.5896e-09
848.0	3.5863e-09
848.2	3.5829e-09
848.4	3.5796e-09
848.6	3.5763e-09
848.8	3.5729e-09
849.0	3.5696e-09
849.2	3.5675e-09
849.4	3.5655e-09
849.6	3.5635e-09
849.8	3.5615e-09
850.0	3.5595e-09
850.2	3.5576e-09
850.4	3.5556e-09
850.6	3.5536e-09
850.8	3.5516e-09
851.0	3.5496e-09
851.2	3.5485e-09
851.4	3.5493e-09
851.6	3.55e-09
851.8	3.5508e-09
852.0	3.5516e-09
852.2	3.5524e-09
852.4	3.5532e-09
852.6	3.554e-09
852.8	3.5548e-09
853.0	3.5556e-09
853.2	3.5562e-09
853.4	3.5566e-09
853.6	3.5571e-09
853.8	3.5575e-09
854.0	3.558e-09
854.2	3.5584e-09
854.4	3.5588e-09
854.6	3.5593e-09
854.8	3.5597e-09
855.0	3.5601e-09
855.2	4.1855e-09
855.4	5.4334e-09
855.6	7.0534e-09
855.8	9.1564e-09
856.0	1.1886e-08
856.2	1.543e-08
856.4	2.0031e-08
856.6	2.6003e-08
856.8	3.3757e-08
857.0	4.3821e-08
857.2	3.7982e-08
857.4	2.9277e-08
857.6	2.2568e-08
857.8	1.7396e-08
858.0	1.3409e-08
858.2	1.0336e-08
858.4	7.9676e-09
858.6	6.1416e-09
858.8	4.7342e-09
859.0	3.6492e-09
859.2	3.5881e-09
859.4	3.5881e-09
859.6	3.5882e-09
859.8	3.5883e-09
860.0	3.5884e-09
860.2	3.5884e-09
860.4	3.5885e-09
860.6	3.5886e-09
860.8	3.5886e-09
861.0	3.5887e-09
861.2	3.5879e-09
861.4	3.5849e-09
861.6	3.582e-09
861.8	3.579e-09
862.0	3.576e-09
862.2	3.5731e-09
862.4	3.5701e-09
862.6	3.5671e-09
862.8	3.5642e-09
863.0	3.5612e-09
863.2	3.9217e-09
863.4	4.9001e-09
863.6	6.1227e-09
863.8	7.6503e-09
864.0	9.5589e-09
864.2	1.1944e-08
864.4	1.4924e-08
864.6	1.8647e-08
864.8	2.33e-08
865.0	2.9113e-08
865.2	2.7824e-08
865.4	2.2241e-08
865.6	1.7778e-08
865.8	1.4211e-08
866.0	1.1359e-08
866.2	9.08e-09
866.4	7.2581e-09
866.6	5.8017e-09
866.8	4.6376e-09
867.0	3.707e-09
867.2	3.5105e-09
867.4	3.5072e-09
867.6	3.5039e-09
867.8	3.5006e-09
868.0	3.4973e-09
868.2	3.494e-09
868.4	3.4908e-09
868.6	3.4875e-09
868.8	3.4842e-09
869.0	3.4809e-09
869.2	3.4882e-09
869.4	3.4963e-09
869.6	3.5044e-09
869.8	3.5125e-09
870.0	3.5207e-09
870.2	3.5288e-09
870.4	3.537e-09
870.6	3.5452e-09
870.8	3.5534e-09
871.0	3.5617e-09
871.2	3.5663e-09
871.4	3.5614e-09
871.6	3.5565e-09
871.8	3.5516e-09
872.0	3.5467e-09
872.2	3.5419e-09
872.4	3.537e-09
872.6	3.5321e-09
872.8	3.5273e-09
873.0	3.5224e-09
873.2	4.6076e-09
873.4	8.498e-09
873.6	1.5673e-08
873.8	2.8906e-08
874.0	5.3313e-08
874.2	9.8327e-08
874.4	1.8135e-07
874.6	3.3446e-07
874.8	6.1686e-07
875.0	1.1377e-06
875.2	1.1201e-06
875.4	7.3827e-07
875.6	4.8659e-07
875.8	3.2071e-07
876.0	2.1138e-07
876.2	1.3932e-07
876.4	9.1826e-08
876.6	6.0522e-08
876.8	3.989e-08
877.0	2.6292e-08
877.2	2.4446e-08
877.4	2.5047e-08
877.6	2.5662e-08
877.8	2.6293e-08
878.0	2.6939e-08
878.2	2.7601e-08
878.4	2.8279e-08
878.6	2.8974e-08
878.8	2.9686e-08
879.0	3.0416e-08
879.2	3.5888e-08
879.4	4.2628e-08
879.6	5.0634e-08
879.8	6.0143e-08
880.0	7.1438e-08
880.2	8.4854e-08
880.4	1.0079e-07
880.6	1.1972e-07
880.8	1.422e-07
881.0	1.6891e-07
881.2	2.1375e-07
881.4	3.2107e-07
881.6	4.8226e-07
881.8	7.2439e-07
882.0	1.0881e-06
882.2	1.6344e-06
882.4	2.4549e-06
882.6	3.6874e-06
882.8	5.5387e-06
883.0	8.3195e-06
883.2	9.5807e-06
883.4	7.921e-06
883.6	6.5489e-06
883.8	5.4144e-06
884.0	4.4765e-06
884.2	3.701e-06
884.4	3.0599e-06
884.6	2.5298e-06
884.8	2.0916e-06
885.0	1.7293e-06
885.2	1.5937e-06
885.4	1.5697e-06
885.6	1.5462e-06
885.8	1.523e-06
886.0	1.5001e-06
886.2	1.4776e-06
886.4	1.4554e-06
886.6	1.4336e-06
886.8	1.4121e-06
887.0	1.3909e-06
887.2	1.6444e-06
887.4	2.0377e-06
887.6	2.5252e-06
887.8	3.1292e-06
888.0	3.8778e-06
888.2	4.8054e-06
888.4	5.9549e-06
888.6	7.3793e-06
888.8	9.1446e-06
889.0	1.1332e-05
889.2	1.0917e-05
889.4	1.0462e-05
889.6	1.0027e-05
889.8	9.61e-06
890.0	9.2103e-06
890.2	8.8271e-06
890.4	8.4599e-06
890.6	8.1079e-06
890.8	7.7706e-06
891.0	7.4474e-06
891.2	6.9356e-06
891.4	5.8977e-06
891.6	5.0152e-06
891.8	4.2647e-06
892.0	3.6265e-06
892.2	3.0838e-06
892.4	2.6223e-06
892.6	2.2299e-06
892.8	1.8962e-06
893.0	1.6125e-06
893.2	1.4579e-06
893.4	1.4346e-06
893.6	1.4117e-06
893.8	1.3892e-06
894.0	1.367e-06
894.2	1.3452e-06
894.4	1.3237e-06
894.6	1.3026e-06
894.8	1.2818e-06
895.0	1.2613e-06
895.2	1.3105e-06
895.4	1.4107e-06
895.6	1.5186e-06
895.8	1.6347e-06
896.0	1.7596e-06
896.2	1.8942e-06
896.4	2.039e-06
896.6	2.1949e-06
896.8	2.3627e-06
897.0	2.5434e-06
897.2	2.9722e-06
897.4	3.55e-06
897.6	4.2401e-06
897.8	5.0643e-06
898.0	6.0488e-06
898.2	7.2246e-06
898.4	8.629e-06
898.6	1.0306e-05
898.8	1.231e-05
899.0	1.4703e-05
899.2	1.4629e-05
899.4	1.4488e-05
899.6	1.4349e-05
899.8	1.421e-05
900.0	1.4073e-05
900.2	1.3938e-05
900.4	1.3803e-05
900.6	1.367e-05
900.8	1.3538e-05
901.0	1.3408e-05
901.2	1.2881e-05
901.4	1.1177e-05
901.6	9.6982e-06
901.8	8.4153e-06
902.0	7.3021e-06
902.2	6.3361e-06
902.4	5.4979e-06
902.6	4.7706e-06
902.8	4.1395e-06
903.0	3.5919e-06
903.2	3.2557e-06
903.4	3.138e-06
903.6	3.0246e-06
903.8	2.9153e-06
904.0	2.8099e-06
904.2	2.7084e-06
904.4	2.6105e-06
904.6	2.5161e-06
904.8	2.4252e-06
905.0	2.3376e-06
905.2	2.3492e-06
905.4	2.4262e-06
905.6	2.5056e-06
905.8	2.5877e-06
906.0	2.6725e-06
906.2	2.7601e-06
906.4	2.8505e-06
906.6	2.9439e-06
906.8	3.0404e-06
907.0	3.14e-06
907.2	3.4151e-06
907.4	3.7642e-06
907.6	4.149e-06
907.8	4.5731e-06
908.0	5.0406e-06
908.2	5.5559e-06
908.4	6.1239e-06
908.6	6.7499e-06
908.8	7.4399e-06
909.0	8.2004e-06
909.2	8.9697e-06
909.4	9.8104e-06
909.6	1.073e-05
909.8	1.1735e-05
910.0	1.2835e-05
910.2	1.4038e-05
910.4	1.5354e-05
910.6	1.6793e-05
910.8	1.8367e-05
911.0	2.0088e-05
911.2	2.1023e-05
911.4	1.8816e-05
911.6	1.6841e-05
911.8	1.5074e-05
912.0	1.3492e-05
912.2	1.2076e-05
912.4	1.0808e-05
912.6	9.6737e-06
912.8	8.6583e-06
913.0	7.7495e-06
913.2	6.9924e-06
913.4	6.3829e-06
913.6	5.8265e-06
913.8	5.3187e-06
914.0	4.8551e-06
914.2	4.4319e-06
914.4	4.0456e-06
914.6	3.693e-06
914.8	3.3711e-06
915.0	3.0772e-06
915.2	2.918e-06
915.4	2.8365e-06
915.6	2.7574e-06
915.8	2.6804e-06
916.0	2.6056e-06
916.2	2.5329e-06
916.4	2.4622e-06
916.6	2.3935e-06
916.8	2.3267e-06
917.0	2.2618e-06
917.2	2.2684e-06
917.4	2.2922e-06
917.6	2.3164e-06
917.8	2.3407e-06
918.0	2.3654e-06
918.2	2.3903e-06
918.4	2.4154e-06
918.6	2.4408e-06
918.8	2.4665e-06
919.0	2.4931e-06
919.2	2.643e-06
919.4	2.8019e-06
919.6	2.9704e-06
919.8	3.149e-06
920.0	3.3383e-06
920.2	3.5391e-06
920.4	3.7519e-06
920.6	3.9775e-06
920.8	4.2166e-06
921.0	4.4702e-06
921.2	4.7956e-06
921.4	5.3955e-06
921.6	6.0704e-06
921.8	6.8297e-06
922.0	7.684e-06
922.2	8.6451e-06
922.4	9.7264e-06
922.6	1.0943e-05
922.8	1.2312e-05
923.0	1.3852e-05
923.2	1.507e-05
923.4	1.5591e-05
923.6	1.613e-05
923.8	1.6687e-05
924.0	1.7264e-05
924.2	1.7861e-05
924.4	1.8478e-05
924.6	1.9117e-05
924.8	1.9777e-05
925.0	2.0461e-05
925.2	1.9418e-05
925.4	1.7419e-05
925.6	1.5625e-05
925.8	1.4017e-05
926.0	1.2574e-05
926.2	1.1279e-05
926.4	1.0118e-05
926.6	9.0761e-06
926.8	8.1417e-06
927.0	7.3035e-06
927.2	6.7001e-06
927.4	6.1791e-06
927.6	5.6985e-06
927.8	5.2553e-06
928.0	4.8466e-06
928.2	4.4697e-06
928.4	4.1221e-06
928.6	3.8015e-06
928.8	3.5059e-06
929.0	3.2358e-06
929.2	3.1498e-06
929.4	3.066e-06
929.6	2.9845e-06
929.8	2.9052e-06
930.0	2.8279e-06
930.2	2.7527e-06
930.4	2.6795e-06
930.6	2.6083e-06
930.8	2.5389e-06
931.0	2.4714e-06
931.2	2.4209e-06
931.4	2.4233e-06
931.6	2.4257e-06
931.8	2.4281e-06
932.0	2.4304e-06
932.2	2.4328e-06
932.4	2.4352e-06
932.6	2.4376e-06
932.8	2.44e-06
933.0	2.4424e-06
933.2	2.4761e-06
933.4	2.5529e-06
933.6	2.6321e-06
933.8	2.7137e-06
934.0	2.7978e-06
934.2	2.8846e-06
934.4	2.974e-06
934.6	3.0662e-06
934.8	3.1613e-06
935.0	3.2593e-06
935.2	3.4639e-06
935.4	3.7448e-06
935.6	4.0484e-06
935.8	4.3766e-06
936.0	4.7314e-06
936.2	5.115e-06
936.4	5.5297e-06
936.6	5.978e-06
936.8	6.4626e-06
937.0	6.9866e-06
937.2	7.7503e-06
937.4	8.6367e-06
937.6	9.6244e-06
937.8	1.0725e-05
938.0	1.1952e-05
938.2	1.3319e-05
938.4	1.4842e-05
938.6	1.654e-05
938.8	1.8431e-05
939.0	2.0448e-05
939.2	2.1285e-05
939.4	2.2155e-05
939.6	2.3061e-05
939.8	2.4005e-05
940.0	2.4987e-05
940.2	2.6009e-05
940.4	2.7072e-05
940.6	2.818e-05
940.8	2.9332e-05
941.0	3.0532e-05
941.2	3.1017e-05
941.4	2.8309e-05
941.6	2.5838e-05
941.8	2.3582e-05
942.0	2.1523e-05
942.2	1.9644e-05
942.4	1.7929e-05
942.6	1.6363e-05
942.8	1.4935e-05
943.0	1.3631e-05
943.2	1.2559e-05
943.4	1.1738e-05
943.6	1.097e-05
943.8	1.0252e-05
944.0	9.5811e-06
944.2	8.9542e-06
944.4	8.3684e-06
944.6	7.8208e-06
944.8	7.3091e-06
945.0	6.8309e-06
945.2	6.5206e-06
945.4	6.3074e-06
945.6	6.1012e-06
945.8	5.9017e-06
946.0	5.7087e-06
946.2	5.5221e-06
946.4	5.3415e-06
946.6	5.1669e-06
946.8	4.9979e-06
947.0	4.8345e-06
947.2	4.8556e-06
947.4	4.9131e-06
947.6	4.9713e-06
947.8	5.0301e-06
948.0	5.0897e-06
948.2	5.15e-06
948.4	5.211e-06
948.6	5.2727e-06
948.8	5.3351e-06
949.0	5.4063e-06
949.2	5.6189e-06
949.4	5.8399e-06
949.6	6.0696e-06
949.8	6.3083e-06
950.0	6.5565e-06
950.2	6.8143e-06
950.4	7.0823e-06
950.6	7.3609e-06
950.8	7.6504e-06
951.0	7.9513e-06
951.2	8.2641e-06
951.4	8.5891e-06
951.6	8.9269e-06
951.8	9.4065e-06
952.0	1.0163e-05
952.2	1.098e-05
952.4	1.1863e-05
952.6	1.2816e-05
952.8	1.3847e-05
953.0	1.496e-05
953.2	1.6163e-05
953.4	1.7462e-05
953.6	1.8954e-05
953.8	2.0714e-05
954.0	2.2639e-05
954.2	2.4741e-05
954.4	2.704e-05
954.6	2.9551e-05
954.8	3.2296e-05
955.0	3.5296e-05
955.2	3.8575e-05
955.4	4.0573e-05
955.6	4.0722e-05
955.8	4.0872e-05
956.0	4.1022e-05
956.2	4.1173e-05
956.4	4.1325e-05
956.6	4.1477e-05
956.8	4.1629e-05
957.0	4.1783e-05
957.2	4.0213e-05
957.4	3.7113e-05
957.6	3.4252e-05
957.8	3.1611e-05
958.0	2.9174e-05
958.2	2.6924e-05
958.4	2.4848e-05
958.6	2.2933e-05
958.8	2.1165e-05
959.0	1.9691e-05
959.2	1.8439e-05
959.4	1.7266e-05
959.6	1.6168e-05
959.8	1.514e-05
960.0	1.4177e-05
960.2	1.3276e-05
960.4	1.2432e-05
960.6	1.1641e-05
960.8	1.1069e-05
961.0	1.0628e-05
961.2	1.0205e-05
961.4	9.798e-06
961.6	9.4077e-06
961.8	9.0329e-06
962.0	8.6731e-06
962.2	8.3276e-06
962.4	7.9958e-06
962.6	7.8111e-06
962.8	7.696e-06
963.0	7.5825e-06
963.2	7.4706e-06
963.4	7.3605e-06
963.6	7.2519e-06
963.8	7.145e-06
964.0	7.0396e-06
964.2	6.9358e-06
964.4	6.9038e-06
964.6	6.8981e-06
964.8	6.8923e-06
965.0	6.8866e-06
965.2	6.8809e-06
965.4	6.8751e-06
965.6	6.8694e-06
965.8	6.8637e-06
966.0	6.858e-06
966.2	6.9444e-06
966.4	7.0562e-06
966.6	7.1698e-06
966.8	7.2852e-06
967.0	7.4025e-06
967.2	7.5216e-06
967.4	7.6427e-06
967.6	7.7657e-06
967.8	7.8907e-06
968.0	8.1682e-06
968.2	8.4811e-06
968.4	8.8059e-06
968.6	9.1432e-06
968.8	9.4934e-06
969.0	9.857e-06
969.2	1.0235e-05
969.4	1.0627e-05
969.6	1.1034e-05
969.8	1.17e-05
970.0	1.2427e-05
970.2	1.32e-05
970.4	1.4021e-05
970.6	1.4893e-05
970.8	1.5819e-05
971.0	1.6802e-05
971.2	1.7847e-05
971.4	1.8957e-05
971.6	2.0111e-05
971.8	2.1335e-05
972.0	2.2634e-05
972.2	2.2019e-05
972.4	2.2483e-05
972.6	2.5372e-05
972.8	2.7597e-05
973.0	2.9609e-05
973.2	3.1839e-05
973.4	3.4436e-05
973.6	3.7483e-05
973.8	4.0889e-05
974.0	4.3893e-05
974.2	4.7667e-05
974.4	5.3332e-05
974.6	5.9306e-05
974.8	6.5358e-05
975.0	7.1801e-05
975.2	7.8397e-05
975.4	8.5592e-05
975.6	9.4409e-05
975.8	1.0237e-04
976.0	1.0803e-04
976.2	1.1551e-04
976.4	1.2201e-04
976.6	1.2493e-04
976.8	1.2997e-04
977.0	1.2928e-04
977.2	1.28e-04
977.4	1.2614e-04
977.6	1.2281e-04
977.8	1.1721e-04
978.0	1.1283e-04
978.2	1.074e-04
978.4	1.0251e-04
978.6	9.7946e-05
978.8	9.3448e-05
979.0	8.9865e-05
979.2	8.2276e-05
979.4	7.7609e-05
979.6	7.3612e-05
979.8	6.9246e-05
980.0	6.4963e-05
980.2	6.3295e-05
980.4	6.0265e-05
980.6	5.8697e-05
980.8	5.7338e-05
981.0	5.4982e-05
981.2	5.3152e-05
981.4	5.0551e-05
981.6	4.9772e-05
981.8	4.9272e-05
982.0	4.8128e-05
982.2	4.6345e-05
982.4	4.5394e-05
982.6	4.6358e-05
982.8	4.5607e-05
983.0	4.4794e-05
983.2	4.5356e-05
983.4	4.4559e-05
983.6	4.5403e-05
983.8	4.5623e-05
984.0	4.6208e-05
984.2	4.6471e-05
984.4	4.4921e-05
984.6	4.6629e-05
984.8	4.7495e-05
985.0	4.7288e-05
985.2	4.7574e-05
985.4	4.9401e-05
985.6	5.1541e-05
985.8	5.2856e-05
986.0	5.4697e-05
986.2	5.527e-05
986.4	5.6304e-05
986.6	6.111e-05
986.8	6.0873e-05
987.0	6.4382e-05
987.2	6.7331e-05
987.4	7.0525e-05
987.6	7.4855e-05
987.8	7.8162e-05
988.0	8.4288e-05
988.2	8.7154e-05
988.4	9.1096e-05
988.6	9.7168e-05
988.8	1.038e-04
989.0	1.1244e-04
989.2	1.2092e-04
989.4	1.2862e-04
989.6	1.378e-04
989.8	1.4961e-04
990.0	1.6097e-04
990.2	1.7662e-04
990.4	1.9142e-04
990.6	2.0833e-04
990.8	2.2802e-04
991.0	2.4912e-04
991.2	2.6965e-04
991.4	2.9282e-04
991.6	3.1358e-04
991.8	3.3584e-04
992.0	3.6151e-04
992.2	3.8541e-04
992.4	4.0593e-04
992.6	4.1733e-04
992.8	4.2709e-04
993.0	4.3417e-04
993.2	4.3421e-04
993.4	4.2767e-04
993.6	4.1445e-04
993.8	3.9925e-04
994.0	3.823e-04
994.2	3.6308e-04
994.4	3.4124e-04
994.6	3.2235e-04
994.8	3.0197e-04
995.0	2.8267e-04
995.2	2.6621e-04
995.4	2.5198e-04
995.6	2.3433e-04
995.8	2.2052e-04
996.0	2.0815e-04
996.2	1.9537e-04
996.4	1.8259e-04
996.6	1.7166e-04
996.8	1.6399e-04
997.0	1.5923e-04
997.2	1.539e-04
997.4	1.4794e-04
997.6	1.4171e-04
997.8	1.3457e-04
998.0	1.3045e-04
998.2	1.2637e-04
998.4	1.2176e-04
998.6	1.1762e-04
998.8	1.1532e-04
999.0	1.1311e-04
999.2	1.131e-04
999.4	1.0997e-04
999.6	1.0747e-04
999.8	1.0713e-04
1000.0	1.0445e-04
1000.2	9.6167e-05
1000.4	9.7746e-05
1000.6	9.6916e-05
1000.8	9.6825e-05
1001.0	9.4146e-05
1001.2	9.5342e-05
1001.4	9.2164e-05
1001.6	9.1641e-05
1001.8	9.6226e-05
1002.0	9.1724e-05
1002.2	9.7273e-05
1002.4	9.5509e-05
1002.6	9.9537e-05
1002.8	9.729e-05
1003.0	9.9091e-05
1003.2	1.0168e-04
1003.4	1.0432e-04
1003.6	1.0596e-04
1003.8	1.093e-04
1004.0	1.0833e-04
1004.2	1.1041e-04
1004.4	1.1334e-04
1004.6	1.1628e-04
1004.8	1.2084e-04
1005.0	1.2015e-04
1005.2	1.3077e-04
1005.4	1.2909e-04
1005.6	1.4163e-04
1005.8	1.4972e-04
1006.0	1.5088e-04
1006.2	1.6151e-04
1006.4	1.6877e-04
1006.6	1.8113e-04
1006.8	1.9203e-04
1007.0	1.8647e-04
1007.2	2.0039e-04
1007.4	2.1791e-04
1007.6	2.1699e-04
1007.8	2.4197e-04
1008.0	2.5849e-04
1008.2	2.7444e-04
1008.4	2.9793e-04
1008.6	3.1261e-04
1008.8	3.358e-04
1009.0	3.5787e-04
1009.2	3.9267e-04
1009.4	4.3241e-04
1009.6	4.7312e-04
1009.8	5.0428e-04
1010.0	5.5999e-04
1010.2	6.2141e-04
1010.4	6.7862e-04
1010.6	7.4458e-04
1010.8	8.2784e-04
1011.0	9.1918e-04
1011.2	0.00104
1011.4	0.00115
1011.6	0.0013
1011.8	0.00144
1012.0	0.00165
1012.2	0.00184
1012.4	0.00205
1012.6	0.00228
1012.8	0.00255
1013.0	0.00279
1013.2	0.00308
1013.4	0.0033
1013.6	0.00352
1013.8	0.00371
1014.0	0.00377
1014.2	0.00381
1014.4	0.0038
1014.6	0.00372
1014.8	0.00359
1015.0	0.00342
1015.2	0.00326
1015.4	0.00307
1015.6	0.00293
1015.8	0.0028
1016.0	0.00264
1016.2	0.00247
1016.4	0.00235
1016.6	0.00221
1016.8	0.0021
1017.0	0.00202
1017.2	0.00194
1017.4	0.00184
1017.6	0.00177
1017.8	0.00175
1018.0	0.00169
1018.2	0.00163
1018.4	0.00162
1018.6	0.00158
1018.8	0.00158
1019.0	0.00155
1019.2	0.00154
1019.4	0.00152
1019.6	0.00151
1019.8	0.00152
1020.0	0.00152
1020.2	0.00154
1020.4	0.00155
1020.6	0.00158
1020.8	0.0016
1021.0	0.00163
1021.2	0.00166
1021.4	0.0017
1021.6	0.00174
1021.8	0.00182
1022.0	0.00189
1022.2	0.00194
1022.4	0.00203
1022.6	0.00212
1022.8	0.00224
1023.0	0.00233
1023.2	0.00246
1023.4	0.00263
1023.6	0.0028
1023.8	0.00295
1024.0	0.00316
1024.2	0.00337
1024.4	0.00359
1024.6	0.0039
1024.8	0.0042
1025.0	0.00453
1025.2	0.00487
1025.4	0.0053
1025.6	0.00569
1025.8	0.0062
1026.0	0.00666
1026.2	0.00717
1026.4	0.00777
1026.6	0.00826
1026.8	0.00871
1027.0	0.00913
1027.2	0.00944
1027.4	0.00966
1027.6	0.00971
1027.8	0.00962
1028.0	0.00949
1028.2	0.0092
1028.4	0.00882
1028.6	0.00842
1028.8	0.00794
1029.0	0.00752
1029.2	0.00702
1029.4	0.00654
1029.6	0.00612
1029.8	0.00572
1030.0	0.0054
1030.2	0.00505
1030.4	0.00473
1030.6	0.00448
1030.8	0.00421
1031.0	0.00399
1031.2	0.00378
1031.4	0.00362
1031.6	0.00343
1031.8	0.00329
1032.0	0.00317
1032.2	0.00305
1032.4	0.00296
1032.6	0.00282
1032.8	0.00276
1033.0	0.0027
1033.2	0.00264
1033.4	0.00256
1033.6	0.00254
1033.8	0.00247
1034.0	0.00244
1034.2	0.00244
1034.4	0.0024
1034.6	0.00239
1034.8	0.0024
1035.0	0.0024
1035.2	0.0024
1035.4	0.00243
1035.6	0.00243
1035.8	0.00244
1036.0	0.00249
1036.2	0.00255
1036.4	0.00258
1036.6	0.00264
1036.8	0.00268
1037.0	0.00273
1037.2	0.00281
1037.4	0.00294
1037.6	0.00298
1037.8	0.00309
1038.0	0.00321
1038.2	0.00334
1038.4	0.0035
1038.6	0.00361
1038.8	0.00375
1039.0	0.00393
1039.2	0.00405
1039.4	0.00426
1039.6	0.00446
1039.8	0.00466
1040.0	0.00486
1040.2	0.0051
1040.4	0.00528
1040.6	0.00546
1040.8	0.00561
1041.0	0.00581
1041.2	0.00588
1041.4	0.00597
1041.6	0.00601
1041.8	0.00599
1042.0	0.00596
1042.2	0.00584
1042.4	0.00571
1042.6	0.00551
1042.8	0.00529
1043.0	0.0051
1043.2	0.00487
1043.4	0.00457
1043.6	0.0043
1043.8	0.0041
1044.0	0.00387
1044.2	0.00359
1044.4	0.00337
1044.6	0.00314
1044.8	0.00296
1045.0	0.0027
1045.2	0.00254
1045.4	0.0024
1045.6	0.00226
1045.8	0.00213
1046.0	0.00202
1046.2	0.00191
1046.4	0.00181
1046.6	0.00171
1046.8	0.00163
1047.0	0.00155
1047.2	0.00148
1047.4	0.00141
1047.6	0.00134
1047.8	0.0013
1048.0	0.00125
1048.2	0.0012
1048.4	0.00116
1048.6	0.00112
1048.8	0.00109
1049.0	0.00105
1049.2	0.00102
1049.4	9.8664e-04
1049.6	9.6349e-04
1049.8	9.4089e-04
1050.0	9.1881e-04
1050.2	8.9726e-04
1050.4	8.8118e-04
1050.6	8.6792e-04
1050.8	8.5486e-04
1051.0	8.4199e-04
1051.2	8.3032e-04
1051.4	8.2274e-04
1051.6	8.1524e-04
1051.8	8.0781e-04
1052.0	8.0044e-04
1052.2	7.9497e-04
1052.4	7.9016e-04
1052.6	7.8538e-04
1052.8	7.8062e-04
1053.0	7.78e-04
1053.2	7.8068e-04
1053.4	7.8337e-04
1053.6	7.8606e-04
1053.8	7.8877e-04
1054.0	7.9508e-04
1054.2	8.0219e-04
1054.4	8.0936e-04
1054.6	8.1659e-04
1054.8	8.2609e-04
1055.0	8.395e-04
1055.2	8.5313e-04
1055.4	8.6699e-04
1055.6	8.8106e-04
1055.8	9.0026e-04
1056.0	9.2035e-04
1056.2	9.4088e-04
1056.4	9.6187e-04
1056.6	9.8756e-04
1056.8	0.00102
1057.0	0.00105
1057.2	0.00109
1057.4	0.00112
1057.6	0.00116
1057.8	0.0012
1058.0	0.00124
1058.2	0.00129
1058.4	0.00134
1058.6	0.0014
1058.8	0.00147
1059.0	0.00154
1059.2	0.00161
1059.4	0.00169
1059.6	0.00178
1059.8	0.00188
1060.0	0.00198
1060.2	0.0021
1060.4	0.00223
1060.6	0.00238
1060.8	0.00253
1061.0	0.00269
1061.2	0.00288
1061.4	0.00307
1061.6	0.00328
1061.8	0.00351
1062.0	0.00374
1062.2	0.00399
1062.4	0.00426
1062.6	0.00455
1062.8	0.00484
1063.0	0.0051
1063.2	0.00538
1063.4	0.00568
1063.6	0.00599
1063.8	0.00617
1064.0	0.00633
1064.2	0.0065
1064.4	0.00667
1064.6	0.00673
1064.8	0.00663
1065.0	0.00654
1065.2	0.00625
1065.4	0.00596
1065.6	0.00581
1065.8	0.00552
1066.0	0.00532
1066.2	0.00502
1066.4	0.00475
1066.6	0.00456
1066.8	0.00433
1067.0	0.00405
1067.2	0.00386
1067.4	0.00366
1067.6	0.00341
1067.8	0.00327
1068.0	0.00309
1068.2	0.00293
1068.4	0.00283
1068.6	0.00263
1068.8	0.00253
1069.0	0.00245
1069.2	0.00231
1069.4	0.00227
1069.6	0.00213
1069.8	0.00209
1070.0	0.00203
1070.2	0.00195
1070.4	0.00186
1070.6	0.00187
1070.8	0.0018
1071.0	0.00175
1071.2	0.00171
1071.4	0.00167
1071.6	0.00159
1071.8	0.00162
1072.0	0.00157
1072.2	0.00158
1072.4	0.00152
1072.6	0.00149
1072.8	0.00149
1073.0	0.00148
1073.2	0.00149
1073.4	0.00143
1073.6	0.00143
1073.8	0.00142
1074.0	0.00142
1074.2	0.00146
1074.4	0.00141
1074.6	0.00143
1074.8	0.00147
1075.0	0.00143
1075.2	0.00143
1075.4	0.00146
1075.6	0.0015
1075.8	0.00148
1076.0	0.00156
1076.2	0.00157
1076.4	0.00158
1076.6	0.0016
1076.8	0.00163
1077.0	0.00167
1077.2	0.00169
1077.4	0.00175
1077.6	0.00178
1077.8	0.00186
1078.0	0.00192
1078.2	0.00194
1078.4	0.002
1078.6	0.00209
1078.8	0.00223
1079.0	0.00228
1079.2	0.0023
1079.4	0.00241
1079.6	0.00252
1079.8	0.00264
1080.0	0.00285
1080.2	0.00298
1080.4	0.00313
1080.6	0.00324
1080.8	0.00342
1081.0	0.00366
1081.2	0.00388
1081.4	0.00413
1081.6	0.00438
1081.8	0.00458
1082.0	0.00496
1082.2	0.0052
1082.4	0.00558
1082.6	0.00598
1082.8	0.00644
1083.0	0.00677
1083.2	0.00724
1083.4	0.00748
1083.6	0.00792
1083.8	0.00828
1084.0	0.0087
1084.2	0.00899
1084.4	0.00925
1084.6	0.00948
1084.8	0.00957
1085.0	0.00949
1085.2	0.00941
1085.4	0.00922
1085.6	0.00895
1085.8	0.00859
1086.0	0.00822
1086.2	0.0078
1086.4	0.00725
1086.6	0.00696
1086.8	0.0065
1087.0	0.00613
1087.2	0.0058
1087.4	0.0053
1087.6	0.00492
1087.8	0.00464
1088.0	0.00435
1088.2	0.0041
1088.4	0.00382
1088.6	0.00355
1088.8	0.00336
1089.0	0.0032
1089.2	0.00303
1089.4	0.00281
1089.6	0.00267
1089.8	0.00252
1090.0	0.00229
1090.2	0.0021
1090.4	0.00206
1090.6	0.002
1090.8	0.00183
1091.0	0.00179
1091.2	0.00169
1091.4	0.00166
1091.6	0.00157
1091.8	0.00154
1092.0	0.00146
1092.2	0.00145
1092.4	0.00139
1092.6	0.00137
1092.8	0.00134
1093.0	0.00126
1093.2	0.00121
1093.4	0.00122
1093.6	0.00112
1093.8	0.00116
1094.0	0.00107
1094.2	0.00113
1094.4	0.00108
1094.6	0.00108
1094.8	0.00104
1095.0	0.00101
1095.2	9.6094e-04
1095.4	0.00102
1095.6	9.8732e-04
1095.8	0.00101
1096.0	9.8359e-04
1096.2	9.7328e-04
1096.4	9.9355e-04
1096.6	9.388e-04
1096.8	9.606e-04
1097.0	9.009e-04
1097.2	9.323e-04
1097.4	9.03e-04
1097.6	9.0553e-04
1097.8	8.7787e-04
1098.0	9.1799e-04
1098.2	8.7784e-04
1098.4	8.6984e-04
1098.6	9.1474e-04
1098.8	9.2639e-04
1099.0	9.1424e-04
1099.2	9.1352e-04
1099.4	8.8166e-04
1099.6	9.3057e-04
1099.8	9.4969e-04
1100.0	9.0049e-04
1100.2	8.9967e-04
1100.4	9.4249e-04
1100.6	9.9274e-04
1100.8	9.5745e-04
1101.0	9.4143e-04
1101.2	9.6475e-04
1101.4	9.6623e-04
1101.6	0.00102
1101.8	9.673e-04
1102.0	0.00103
1102.2	0.00102
1102.4	0.00104
1102.6	0.00105
1102.8	0.00107
1103.0	0.00109
1103.2	0.00114
1103.4	0.00114
1103.6	0.00112
1103.8	0.00113
1104.0	0.00119
1104.2	0.0012
1104.4	0.00122
1104.6	0.00128
1104.8	0.00131
1105.0	0.00133
1105.2	0.00134
1105.4	0.0014
1105.6	0.00144
1105.8	0.00141
1106.0	0.00143
1106.2	0.00154
1106.4	0.00153
1106.6	0.00159
1106.8	0.00164
1107.0	0.00165
1107.2	0.00178
1107.4	0.00191
1107.6	0.00192
1107.8	0.00202
1108.0	0.00199
1108.2	0.00199
1108.4	0.00217
1108.6	0.00222
1108.8	0.00234
1109.0	0.00241
1109.2	0.00242
1109.4	0.00256
1109.6	0.00267
1109.8	0.00277
1110.0	0.00288
1110.2	0.00308
1110.4	0.00318
1110.6	0.00327
1110.8	0.00348
1111.0	0.0036
1111.2	0.00371
1111.4	0.00392
1111.6	0.0041
1111.8	0.00439
1112.0	0.00465
1112.2	0.00489
1112.4	0.00516
1112.6	0.00535
1112.8	0.00573
1113.0	0.00599
1113.2	0.00653
1113.4	0.00667
1113.6	0.00736
1113.8	0.00766
1114.0	0.00832
1114.2	0.00883
1114.4	0.00947
1114.6	0.00989
1114.8	0.01055
1115.0	0.0114
1115.2	0.01217
1115.4	0.01316
1115.6	0.01433
1115.8	0.01527
1116.0	0.01653
1116.2	0.0183
1116.4	0.01935
1116.6	0.02122
1116.8	0.02308
1117.0	0.02543
1117.2	0.0277
1117.4	0.03079
1117.6	0.03376
1117.8	0.03741
1118.0	0.04115
1118.2	0.04516
1118.4	0.05099
1118.6	0.05653
1118.8	0.0629
1119.0	0.07106
1119.2	0.07966
1119.4	0.09004
1119.6	0.10133
1119.8	0.11428
1120.0	0.13055
1120.2	0.14963
1120.4	0.17003
1120.6	0.19437
1120.8	0.22506
1121.0	0.22317
1121.2	0.25866
1121.4	0.29979
1121.6	0.34747
1121.8	0.40272
1122.0	0.46635
1122.2	0.51697
1122.4	0.57307
1122.6	0.63527
1122.8	0.70421
1123.0	0.77826
1123.2	0.77908
1123.4	0.7799
1123.6	0.78072
1123.8	0.78155
1124.0	0.78029
1124.2	0.74061
1124.4	0.70295
1124.6	0.6672
1124.8	0.63327
1125.0	0.60109
1125.2	0.57229
1125.4	0.54487
1125.6	0.51877
1125.8	0.49391
1126.0	0.47052
1126.2	0.45668
1126.4	0.44324
1126.6	0.4302
1126.8	0.41754
1127.0	0.4056
1127.2	0.40128
1127.4	0.39701
1127.6	0.39278
1127.8	0.3886
1128.0	0.38457
1128.2	0.38635
1128.4	0.38814
1128.6	0.38994
1128.8	0.39174
1129.0	0.39371
1129.2	0.40061
1129.4	0.40763
1129.6	0.41478
1129.8	0.42205
1130.0	0.42959
1130.2	0.44008
1130.4	0.45083
1130.6	0.46184
1130.8	0.47313
1131.0	0.48468
1131.2	0.49661
1131.4	0.50882
1131.6	0.52134
1131.8	0.53417
1132.0	0.54712
1132.2	0.55512
1132.4	0.56324
1132.6	0.57148
1132.8	0.57984
1133.0	0.58779
1133.2	0.58582
1133.4	0.58385
1133.6	0.58189
1133.8	0.57994
1134.0	0.57773
1134.2	0.56552
1134.4	0.55357
1134.6	0.54187
1134.8	0.53041
1135.0	0.51892
1135.2	0.50104
1135.4	0.48378
1135.6	0.46712
1135.8	0.45103
1136.0	0.43547
1136.2	0.4183
1136.4	0.40181
1136.6	0.38596
1136.8	0.37074
1137.0	0.35613
1137.2	0.34206
1137.4	0.32854
1137.6	0.31556
1137.8	0.30309
1138.0	0.29121
1138.2	0.28158
1138.4	0.27227
1138.6	0.26327
1138.8	0.25457
1139.0	0.24619
1139.2	0.23984
1139.4	0.23366
1139.6	0.22763
1139.8	0.22176
1140.0	0.21609
1140.2	0.21185
1140.4	0.20769
1140.6	0.20361
1140.8	0.19962
1141.0	0.19571
1141.2	0.1931
1141.4	0.19053
1141.6	0.18798
1141.8	0.18547
1142.0	0.18303
1142.2	0.18184
1142.4	0.18065
1142.6	0.17948
1142.8	0.17831
1143.0	0.1772
1143.2	0.17731
1143.4	0.17741
1143.6	0.17752
1143.8	0.17762
1144.0	0.17776
1144.2	0.17927
1144.4	0.18079
1144.6	0.18232
1144.8	0.18387
1145.0	0.18548
1145.2	0.1882
1145.4	0.19095
1145.6	0.19375
1145.8	0.19659
1146.0	0.19948
1146.2	0.20356
1146.4	0.20772
1146.6	0.21197
1146.8	0.2163
1147.0	0.22076
1147.2	0.22644
1147.4	0.23226
1147.6	0.23823
1147.8	0.24436
1148.0	0.25065
1148.2	0.25867
1148.4	0.26694
1148.6	0.27548
1148.8	0.28429
1149.0	0.2934
1149.2	0.30366
1149.4	0.31428
1149.6	0.32527
1149.8	0.33664
1150.0	0.34839
1150.2	0.36003
1150.4	0.37207
1150.6	0.3845
1150.8	0.39735
1151.0	0.4106
1151.2	0.4226
1151.4	0.43496
1151.6	0.44767
1151.8	0.46076
1152.0	0.47393
1152.2	0.48021
1152.4	0.48656
1152.6	0.493
1152.8	0.49953
1153.0	0.50607
1153.2	0.50489
1153.4	0.50372
1153.6	0.50255
1153.8	0.50138
1154.0	0.49994
1154.2	0.49106
1154.4	0.48233
1154.6	0.47376
1154.8	0.46534
1155.0	0.45702
1155.2	0.44363
1155.4	0.43062
1155.6	0.418
1155.8	0.40575
1156.0	0.39381
1156.2	0.38042
1156.4	0.36749
1156.6	0.355
1156.8	0.34293
1157.0	0.33127
1157.2	0.3199
1157.4	0.30892
1157.6	0.29832
1157.8	0.28808
1158.0	0.2782
1158.2	0.26927
1158.4	0.26062
1158.6	0.25225
1158.8	0.24415
1159.0	0.23635
1159.2	0.22982
1159.4	0.22348
1159.6	0.21731
1159.8	0.21131
1160.0	0.20549
1160.2	0.20076
1160.4	0.19614
1160.6	0.19163
1160.8	0.18722
1161.0	0.18295
1161.2	0.17983
1161.4	0.17676
1161.6	0.17375
1161.8	0.17079
1162.0	0.16788
1162.2	0.16562
1162.4	0.16338
1162.6	0.16118
1162.8	0.159
1163.0	0.15688
1163.2	0.15552
1163.4	0.15417
1163.6	0.15283
1163.8	0.15151
1164.0	0.15023
1164.2	0.14968
1164.4	0.14914
1164.6	0.1486
1164.8	0.14806
1165.0	0.14753
1165.2	0.14776
1165.4	0.148
1165.6	0.14823
1165.8	0.14846
1166.0	0.14872
1166.2	0.14955
1166.4	0.1504
1166.6	0.15125
1166.8	0.1521
1167.0	0.15297
1167.2	0.15449
1167.4	0.15604
1167.6	0.1576
1167.8	0.15918
1168.0	0.16078
1168.2	0.16301
1168.4	0.16526
1168.6	0.16754
1168.8	0.16986
1169.0	0.17226
1169.2	0.17555
1169.4	0.17892
1169.6	0.18235
1169.8	0.18584
1170.0	0.18941
1170.2	0.19378
1170.4	0.19825
1170.6	0.20282
1170.8	0.2075
1171.0	0.21231
1171.2	0.21805
1171.4	0.22394
1171.6	0.22999
1171.8	0.2362
1172.0	0.24262
1172.2	0.24979
1172.4	0.25718
1172.6	0.26479
1172.8	0.27262
1173.0	0.28071
1173.2	0.29032
1173.4	0.30025
1173.6	0.31052
1173.8	0.32114
1174.0	0.33215
1174.2	0.34416
1174.4	0.35661
1174.6	0.3695
1174.8	0.38287
1175.0	0.39672
1175.2	0.4111
1175.4	0.426
1175.6	0.44144
1175.8	0.45744
1176.0	0.47401
1176.2	0.49029
1176.4	0.50713
1176.6	0.52455
1176.8	0.54257
1177.0	0.56112
1177.2	0.57756
1177.4	0.59448
1177.6	0.61189
1177.8	0.62982
1178.0	0.64807
1178.2	0.66261
1178.4	0.67747
1178.6	0.69266
1178.8	0.70819
1179.0	0.72396
1179.2	0.73286
1179.4	0.74187
1179.6	0.751
1179.8	0.76023
1180.0	0.76935
1180.2	0.77124
1180.4	0.77314
1180.6	0.77505
1180.8	0.77695
1181.0	0.77862
1181.2	0.7744
1181.4	0.7702
1181.6	0.76602
1181.8	0.76187
1182.0	0.75772
1182.2	0.74968
1182.4	0.74174
1182.6	0.73388
1182.8	0.7261
1183.0	0.71839
1183.2	0.70949
1183.4	0.7007
1183.6	0.69202
1183.8	0.68344
1184.0	0.67498
1184.2	0.66691
1184.4	0.65893
1184.6	0.65105
1184.8	0.64326
1185.0	0.6356
1185.2	0.62905
1185.4	0.62258
1185.6	0.61617
1185.8	0.60983
1186.0	0.60359
1186.2	0.59863
1186.4	0.59371
1186.6	0.58883
1186.8	0.58399
1187.0	0.57927
1187.2	0.57631
1187.4	0.57336
1187.6	0.57043
1187.8	0.56752
1188.0	0.56464
1188.2	0.56403
1188.4	0.56342
1188.6	0.56281
1188.8	0.5622
1189.0	0.56163
1189.2	0.56253
1189.4	0.56344
1189.6	0.56435
1189.8	0.56526
1190.0	0.5662
1190.2	0.5682
1190.4	0.57021
1190.6	0.57222
1190.8	0.57424
1191.0	0.5763
1191.2	0.5799
1191.4	0.58353
1191.6	0.58718
1191.8	0.59085
1192.0	0.59458
1192.2	0.59957
1192.4	0.6046
1192.6	0.60967
1192.8	0.61478
1193.0	0.61994
1193.2	0.62494
1193.4	0.62999
1193.6	0.63508
1193.8	0.64022
1194.0	0.64538
1194.2	0.65041
1194.4	0.65548
1194.6	0.66059
1194.8	0.66574
1195.0	0.6709
1195.2	0.6754
1195.4	0.67993
1195.6	0.68448
1195.8	0.68907
1196.0	0.69363
1196.2	0.69648
1196.4	0.69935
1196.6	0.70222
1196.8	0.70511
1197.0	0.70794
1197.2	0.70846
1197.4	0.70898
1197.6	0.70951
1197.8	0.71003
1198.0	0.71047
1198.2	0.70871
1198.4	0.70695
1198.6	0.7052
1198.8	0.70346
1199.0	0.70164
1199.2	0.69766
1199.4	0.69371
1199.6	0.68978
1199.8	0.68587
1200.0	0.68198
