Typical Measured Spectrum of Semrock FF01-514/30 Optical Filter	
For wavelengths between 320 and 1120 nm, values near or below 3e-7 (Optical Density 6.5) are measurement noise limited.
For wavelengths < 320 nm and > 1120 nm, values near or below 3e-6 (Optical Density 5.5) are measurement noise limited. 
Data format:  Wavelength (nm) <tab> Transmission (0 to 1)
270.0	8.0142e-06
270.2	6.9092e-06
270.4	5.9565e-06
270.6	5.1352e-06
270.8	4.4272e-06
271.0	3.8168e-06
271.2	3.2905e-06
271.4	2.8368e-06
271.6	2.4457e-06
271.8	2.1085e-06
272.0	2.0846e-06
272.2	2.0653e-06
272.4	2.0462e-06
272.6	2.0272e-06
272.8	2.0085e-06
273.0	1.9899e-06
273.2	1.9714e-06
273.4	1.9532e-06
273.6	1.9351e-06
273.8	1.9172e-06
274.0	1.8874e-06
274.2	1.8549e-06
274.4	1.8228e-06
274.6	1.7914e-06
274.8	1.7605e-06
275.0	1.7301e-06
275.2	1.7002e-06
275.4	1.6708e-06
275.6	1.642e-06
275.8	1.6137e-06
276.0	1.5905e-06
276.2	1.5712e-06
276.4	1.5521e-06
276.6	1.5333e-06
276.8	1.5147e-06
277.0	1.4963e-06
277.2	1.4781e-06
277.4	1.4601e-06
277.6	1.4424e-06
277.8	1.4249e-06
278.0	1.4855e-06
278.2	1.694e-06
278.4	1.9318e-06
278.6	2.203e-06
278.8	2.5123e-06
279.0	2.865e-06
279.2	3.2672e-06
279.4	3.7258e-06
279.6	4.2489e-06
279.8	4.8454e-06
280.0	5.5009e-06
280.2	5.969e-06
280.4	6.4769e-06
280.6	7.0281e-06
280.8	7.6261e-06
281.0	8.2751e-06
281.2	8.9792e-06
281.4	9.7433e-06
281.6	1.0572e-05
281.8	1.1472e-05
282.0	8.9674e-06
282.2	6.9509e-06
282.4	5.3879e-06
282.6	4.1763e-06
282.8	3.2372e-06
283.0	2.5092e-06
283.2	1.945e-06
283.4	1.5076e-06
283.6	1.1686e-06
283.8	9.0582e-07
284.0	8.8681e-07
284.2	9.2911e-07
284.4	9.7342e-07
284.6	1.0198e-06
284.8	1.0685e-06
285.0	1.1194e-06
285.2	1.1728e-06
285.4	1.2288e-06
285.6	1.2874e-06
285.8	1.3488e-06
286.0	1.4642e-06
286.2	1.6308e-06
286.4	1.8164e-06
286.6	2.0232e-06
286.8	2.2534e-06
287.0	2.5099e-06
287.2	2.7956e-06
287.4	3.1137e-06
287.6	3.4681e-06
287.8	3.8628e-06
288.0	4.2179e-06
288.2	4.4618e-06
288.4	4.7197e-06
288.6	4.9926e-06
288.8	5.2813e-06
289.0	5.5866e-06
289.2	5.9096e-06
289.4	6.2513e-06
289.6	6.6127e-06
289.8	6.9951e-06
290.0	7.1856e-06
290.2	5.582e-06
290.4	4.3362e-06
290.6	3.3685e-06
290.8	2.6167e-06
291.0	2.0327e-06
291.2	1.5791e-06
291.4	1.2267e-06
291.6	9.5291e-07
291.8	7.4024e-07
292.0	8.6367e-07
292.2	1.0227e-06
292.4	1.2109e-06
292.6	1.4338e-06
292.8	1.6978e-06
293.0	2.0103e-06
293.2	2.3803e-06
293.4	2.8185e-06
293.6	3.3373e-06
293.8	3.9517e-06
294.0	3.5025e-06
294.2	2.847e-06
294.4	2.3143e-06
294.6	1.8812e-06
294.8	1.5291e-06
295.0	1.243e-06
295.2	1.0104e-06
295.4	8.213e-07
295.6	6.6761e-07
295.8	5.4267e-07
296.0	4.9437e-07
296.2	4.8911e-07
296.4	4.8391e-07
296.6	4.7876e-07
296.8	4.7367e-07
297.0	4.6863e-07
297.2	4.6364e-07
297.4	4.5871e-07
297.6	4.5383e-07
297.8	4.49e-07
298.0	4.6424e-07
298.2	5.1424e-07
298.4	5.6963e-07
298.6	6.3098e-07
298.8	6.9894e-07
299.0	7.7422e-07
299.2	8.5761e-07
299.4	9.4998e-07
299.6	1.0523e-06
299.8	1.1656e-06
300.0	1.2749e-06
300.2	1.2514e-06
300.4	1.2283e-06
300.6	1.2056e-06
300.8	1.1834e-06
301.0	1.1615e-06
301.2	1.1401e-06
301.4	1.1191e-06
301.6	1.0984e-06
301.8	1.0781e-06
302.0	8.9853e-07
302.2	7.4176e-07
302.4	6.1233e-07
302.6	5.0549e-07
302.8	4.1729e-07
303.0	3.4448e-07
303.2	2.8438e-07
303.4	2.3476e-07
303.6	1.938e-07
303.8	1.5998e-07
304.0	1.5147e-07
304.2	1.4976e-07
304.4	1.4806e-07
304.6	1.4639e-07
304.8	1.4473e-07
305.0	1.431e-07
305.2	1.4148e-07
305.4	1.3988e-07
305.6	1.3829e-07
305.8	1.3673e-07
306.0	1.3549e-07
306.2	1.3449e-07
306.4	1.3349e-07
306.6	1.3251e-07
306.8	1.3153e-07
307.0	1.3056e-07
307.2	1.2959e-07
307.4	1.2863e-07
307.6	1.2768e-07
307.8	1.2674e-07
308.0	1.3377e-07
308.2	1.5542e-07
308.4	1.8058e-07
308.6	2.0981e-07
308.8	2.4377e-07
309.0	2.8323e-07
309.2	3.2907e-07
309.4	3.8234e-07
309.6	4.4423e-07
309.8	5.1614e-07
310.0	5.8016e-07
310.2	4.9182e-07
310.4	4.1693e-07
310.6	3.5344e-07
310.8	2.9962e-07
311.0	2.54e-07
311.2	2.1532e-07
311.4	1.8254e-07
311.6	1.5474e-07
311.8	1.3118e-07
312.0	1.2867e-07
312.2	1.2719e-07
312.4	1.2572e-07
312.6	1.2427e-07
312.8	1.2284e-07
313.0	1.2142e-07
313.2	1.2002e-07
313.4	1.1863e-07
313.6	1.1726e-07
313.8	1.1591e-07
314.0	1.1542e-07
314.2	1.1519e-07
314.4	1.1496e-07
314.6	1.1474e-07
314.8	1.1451e-07
315.0	1.1429e-07
315.2	1.1406e-07
315.4	1.1383e-07
315.6	1.1361e-07
315.8	1.1339e-07
316.0	1.1298e-07
316.2	1.1245e-07
316.4	1.1193e-07
316.6	1.1141e-07
316.8	1.1089e-07
317.0	1.1037e-07
317.2	1.0986e-07
317.4	1.0934e-07
317.6	1.0883e-07
317.8	1.0833e-07
318.0	1.1633e-07
318.2	1.3935e-07
318.4	1.6694e-07
318.6	1.9998e-07
318.8	2.3956e-07
319.0	2.8698e-07
319.2	3.4378e-07
319.4	4.1182e-07
319.6	4.9333e-07
319.8	5.9097e-07
320.0	6.9634e-07
320.2	7.2686e-07
320.4	7.5872e-07
320.6	7.9197e-07
320.8	8.2668e-07
321.0	8.6292e-07
321.2	9.0074e-07
321.4	9.4021e-07
321.6	9.8142e-07
321.8	1.0244e-06
322.0	1.0537e-06
322.2	1.0824e-06
322.4	1.1119e-06
322.6	1.1423e-06
322.8	1.1734e-06
323.0	1.2054e-06
323.2	1.2383e-06
323.4	1.2721e-06
323.6	1.3068e-06
323.8	1.3425e-06
324.0	1.3232e-06
324.2	1.2863e-06
324.4	1.2504e-06
324.6	1.2156e-06
324.8	1.1817e-06
325.0	1.1487e-06
325.2	1.1167e-06
325.4	1.0856e-06
325.6	1.0553e-06
325.8	1.0259e-06
326.0	8.7535e-07
326.2	6.7828e-07
326.4	5.2558e-07
326.6	4.0726e-07
326.8	3.1557e-07
327.0	2.4453e-07
327.2	1.8948e-07
327.4	1.4682e-07
327.6	1.1377e-07
327.8	8.8156e-08
328.0	8.3411e-08
328.2	1.0584e-07
328.4	1.3429e-07
328.6	1.7039e-07
328.8	2.162e-07
329.0	2.7433e-07
329.2	3.4808e-07
329.4	4.4166e-07
329.6	5.6039e-07
329.8	7.1105e-07
330.0	8.7924e-07
330.2	8.9977e-07
330.4	9.2078e-07
330.6	9.4228e-07
330.8	9.6429e-07
331.0	9.8681e-07
331.2	1.0098e-06
331.4	1.0334e-06
331.6	1.0576e-06
331.8	1.0823e-06
332.0	8.2645e-07
332.2	6.1309e-07
332.4	4.5481e-07
332.6	3.374e-07
332.8	2.5029e-07
333.0	1.8568e-07
333.2	1.3774e-07
333.4	1.0218e-07
333.6	7.5802e-08
333.8	5.6233e-08
334.0	5.8895e-08
334.2	6.963e-08
334.4	8.2322e-08
334.6	9.7327e-08
334.8	1.1507e-07
335.0	1.3604e-07
335.2	1.6084e-07
335.4	1.9015e-07
335.6	2.2481e-07
335.8	2.6579e-07
336.0	2.9851e-07
336.2	3.2278e-07
336.4	3.4902e-07
336.6	3.774e-07
336.8	4.0809e-07
337.0	4.4127e-07
337.2	4.7714e-07
337.4	5.1594e-07
337.6	5.5789e-07
337.8	6.0324e-07
338.0	5.7281e-07
338.2	4.5116e-07
338.4	3.5535e-07
338.6	2.7988e-07
338.8	2.2044e-07
339.0	1.7362e-07
339.2	1.3675e-07
339.4	1.0771e-07
339.6	8.4833e-08
339.8	6.6816e-08
340.0	5.552e-08
340.2	6.7101e-08
340.4	8.1097e-08
340.6	9.8013e-08
340.8	1.1846e-07
341.0	1.4317e-07
341.2	1.7303e-07
341.4	2.0912e-07
341.6	2.5274e-07
341.8	3.0546e-07
342.0	2.5343e-07
342.2	2.0259e-07
342.4	1.6194e-07
342.6	1.2945e-07
342.8	1.0348e-07
343.0	8.2717e-08
343.2	6.6122e-08
343.4	5.2856e-08
343.6	4.2251e-08
343.8	3.3774e-08
344.0	3.1754e-08
344.2	3.1561e-08
344.4	3.1368e-08
344.6	3.1177e-08
344.8	3.0986e-08
345.0	3.0797e-08
345.2	3.0609e-08
345.4	3.0423e-08
345.6	3.0237e-08
345.8	3.0053e-08
346.0	3.3203e-08
346.2	3.9543e-08
346.4	4.7093e-08
346.6	5.6086e-08
346.8	6.6795e-08
347.0	7.955e-08
347.2	9.4739e-08
347.4	1.1283e-07
347.6	1.3437e-07
347.8	1.6003e-07
348.0	1.8105e-07
348.2	1.9109e-07
348.4	2.0167e-07
348.6	2.1285e-07
348.8	2.2465e-07
349.0	2.371e-07
349.2	2.5024e-07
349.4	2.641e-07
349.6	2.7874e-07
349.8	2.9419e-07
350.0	3.1091e-07
350.2	3.3145e-07
350.4	3.5334e-07
350.6	3.7667e-07
350.8	4.0155e-07
351.0	4.2807e-07
351.2	4.5634e-07
351.4	4.8647e-07
351.6	5.186e-07
351.8	5.5285e-07
352.0	4.3739e-07
352.2	3.316e-07
352.4	2.514e-07
352.6	1.906e-07
352.8	1.445e-07
353.0	1.0955e-07
353.2	8.3056e-08
353.4	6.2969e-08
353.6	4.7739e-08
353.8	3.6193e-08
354.0	4.0106e-08
354.2	5.151e-08
354.4	6.6157e-08
354.6	8.4968e-08
354.8	1.0913e-07
355.0	1.4016e-07
355.2	1.8001e-07
355.4	2.312e-07
355.6	2.9694e-07
355.8	3.8137e-07
356.0	4.522e-07
356.2	5.0419e-07
356.4	5.6215e-07
356.6	6.2678e-07
356.8	6.9884e-07
357.0	7.7919e-07
357.2	8.6877e-07
357.4	9.6865e-07
357.6	1.08e-06
357.8	1.2042e-06
358.0	1.2434e-06
358.2	1.1522e-06
358.4	1.0677e-06
358.6	9.8939e-07
358.8	9.1683e-07
359.0	8.4958e-07
359.2	7.8727e-07
359.4	7.2953e-07
359.6	6.7602e-07
359.8	6.2644e-07
360.0	5.9563e-07
360.2	6.7281e-07
360.4	7.5999e-07
360.6	8.5847e-07
360.8	9.6971e-07
361.0	1.0954e-06
361.2	1.2373e-06
361.4	1.3976e-06
361.6	1.5787e-06
361.8	1.7833e-06
362.0	1.8434e-06
362.2	1.8857e-06
362.4	1.9291e-06
362.6	1.9734e-06
362.8	2.0188e-06
363.0	2.0652e-06
363.2	2.1126e-06
363.4	2.1612e-06
363.6	2.2108e-06
363.8	2.2617e-06
364.0	2.2311e-06
364.2	2.1737e-06
364.4	2.1178e-06
364.6	2.0634e-06
364.8	2.0103e-06
365.0	1.9586e-06
365.2	1.9083e-06
365.4	1.8592e-06
365.6	1.8114e-06
365.8	1.7648e-06
366.0	1.6948e-06
366.2	1.6117e-06
366.4	1.5326e-06
366.6	1.4575e-06
366.8	1.386e-06
367.0	1.318e-06
367.2	1.2533e-06
367.4	1.1919e-06
367.6	1.1334e-06
367.8	1.0778e-06
368.0	1.0775e-06
368.2	1.145e-06
368.4	1.2168e-06
368.6	1.293e-06
368.8	1.3741e-06
369.0	1.4602e-06
369.2	1.5517e-06
369.4	1.649e-06
369.6	1.7524e-06
369.8	1.8622e-06
370.0	1.9934e-06
370.2	2.2206e-06
370.4	2.4737e-06
370.6	2.7557e-06
370.8	3.0698e-06
371.0	3.4197e-06
371.2	3.8095e-06
371.4	4.2437e-06
371.6	4.7274e-06
371.8	5.2662e-06
372.0	5.1792e-06
372.2	4.9955e-06
372.4	4.8183e-06
372.6	4.6475e-06
372.8	4.4827e-06
373.0	4.3237e-06
373.2	4.1703e-06
373.4	4.0224e-06
373.6	3.8798e-06
373.8	3.7422e-06
374.0	3.7315e-06
374.2	3.768e-06
374.4	3.8049e-06
374.6	3.8421e-06
374.8	3.8797e-06
375.0	3.9176e-06
375.2	3.956e-06
375.4	3.9947e-06
375.6	4.0338e-06
375.8	4.0732e-06
376.0	3.7217e-06
376.2	3.1629e-06
376.4	2.6881e-06
376.6	2.2845e-06
376.8	1.9415e-06
377.0	1.65e-06
377.2	1.4023e-06
377.4	1.1918e-06
377.6	1.0128e-06
377.8	8.6077e-07
378.0	8.1808e-07
378.2	8.964e-07
378.4	9.8222e-07
378.6	1.0763e-06
378.8	1.1793e-06
379.0	1.2922e-06
379.2	1.4159e-06
379.4	1.5515e-06
379.6	1.7e-06
379.8	1.8628e-06
380.0	2.0029e-06
380.2	1.9349e-06
380.4	1.8692e-06
380.6	1.8057e-06
380.8	1.7444e-06
381.0	1.6851e-06
381.2	1.6279e-06
381.4	1.5726e-06
381.6	1.5192e-06
381.8	1.4676e-06
382.0	1.4377e-06
382.2	1.4116e-06
382.4	1.386e-06
382.6	1.3608e-06
382.8	1.3361e-06
383.0	1.3119e-06
383.2	1.2881e-06
383.4	1.2647e-06
383.6	1.2417e-06
383.8	1.2192e-06
384.0	1.2247e-06
384.2	1.2411e-06
384.4	1.2578e-06
384.6	1.2747e-06
384.8	1.2918e-06
385.0	1.3091e-06
385.2	1.3267e-06
385.4	1.3445e-06
385.6	1.3626e-06
385.8	1.3809e-06
386.0	1.4057e-06
386.2	1.4354e-06
386.4	1.4658e-06
386.6	1.4968e-06
386.8	1.5285e-06
387.0	1.5609e-06
387.2	1.5939e-06
387.4	1.6276e-06
387.6	1.6621e-06
387.8	1.6973e-06
388.0	1.7487e-06
388.2	1.821e-06
388.4	1.8963e-06
388.6	1.9747e-06
388.8	2.0563e-06
389.0	2.1414e-06
389.2	2.2299e-06
389.4	2.3221e-06
389.6	2.4181e-06
389.8	2.5181e-06
390.0	2.6153e-06
390.2	2.6787e-06
390.4	2.7436e-06
390.6	2.8101e-06
390.8	2.8783e-06
391.0	2.948e-06
391.2	3.0195e-06
391.4	3.0927e-06
391.6	3.1676e-06
391.8	3.2444e-06
392.0	3.2349e-06
392.2	3.2095e-06
392.4	3.1843e-06
392.6	3.1592e-06
392.8	3.1344e-06
393.0	3.1098e-06
393.2	3.0854e-06
393.4	3.0612e-06
393.6	3.0371e-06
393.8	3.0133e-06
394.0	3.0461e-06
394.2	3.1029e-06
394.4	3.1609e-06
394.6	3.2198e-06
394.8	3.2799e-06
395.0	3.3412e-06
395.2	3.4035e-06
395.4	3.467e-06
395.6	3.5317e-06
395.8	3.5976e-06
396.0	3.5606e-06
396.2	3.4526e-06
396.4	3.3479e-06
396.6	3.2464e-06
396.8	3.148e-06
397.0	3.0525e-06
397.2	2.9599e-06
397.4	2.8702e-06
397.6	2.7831e-06
397.8	2.6987e-06
398.0	2.615e-06
398.2	2.5319e-06
398.4	2.4513e-06
398.6	2.3734e-06
398.8	2.2979e-06
399.0	2.2248e-06
399.2	2.154e-06
399.4	2.0855e-06
399.6	2.0191e-06
399.8	1.9549e-06
400.0	1.9281e-06
400.2	2.0884e-06
400.4	2.262e-06
400.6	2.45e-06
400.8	2.6536e-06
401.0	2.8742e-06
401.2	3.1131e-06
401.4	3.3719e-06
401.6	3.6521e-06
401.8	3.9557e-06
402.0	4.0221e-06
402.2	4.0407e-06
402.4	4.0593e-06
402.6	4.0781e-06
402.8	4.0969e-06
403.0	4.1158e-06
403.2	4.1348e-06
403.4	4.1539e-06
403.6	4.1731e-06
403.8	4.1924e-06
404.0	4.1935e-06
404.2	4.1873e-06
404.4	4.1811e-06
404.6	4.1749e-06
404.8	4.1688e-06
405.0	4.1626e-06
405.2	4.1565e-06
405.4	4.1503e-06
405.6	4.1442e-06
405.8	4.1381e-06
406.0	4.1407e-06
406.2	4.1495e-06
406.4	4.1583e-06
406.6	4.1672e-06
406.8	4.176e-06
407.0	4.1849e-06
407.2	4.1938e-06
407.4	4.2027e-06
407.6	4.2116e-06
407.8	4.2205e-06
408.0	4.1978e-06
408.2	4.1398e-06
408.4	4.0827e-06
408.6	4.0263e-06
408.8	3.9708e-06
409.0	3.9159e-06
409.2	3.8619e-06
409.4	3.8086e-06
409.6	3.756e-06
409.8	3.7042e-06
410.0	3.6761e-06
410.2	3.7583e-06
410.4	3.8422e-06
410.6	3.9281e-06
410.8	4.0159e-06
411.0	4.1056e-06
411.2	4.1973e-06
411.4	4.2911e-06
411.6	4.3869e-06
411.8	4.485e-06
412.0	4.5965e-06
412.2	4.7132e-06
412.4	4.8327e-06
412.6	4.9554e-06
412.8	5.0811e-06
413.0	5.21e-06
413.2	5.3422e-06
413.4	5.4778e-06
413.6	5.6168e-06
413.8	5.7593e-06
414.0	5.8243e-06
414.2	5.8575e-06
414.4	5.891e-06
414.6	5.9246e-06
414.8	5.9584e-06
415.0	5.9925e-06
415.2	6.0267e-06
415.4	6.0611e-06
415.6	6.0957e-06
415.8	6.1305e-06
416.0	6.1748e-06
416.2	6.2259e-06
416.4	6.2774e-06
416.6	6.3293e-06
416.8	6.3817e-06
417.0	6.4344e-06
417.2	6.4877e-06
417.4	6.5413e-06
417.6	6.5954e-06
417.8	6.65e-06
418.0	6.699e-06
418.2	6.7418e-06
418.4	6.7849e-06
418.6	6.8282e-06
418.8	6.8719e-06
419.0	6.9158e-06
419.2	6.96e-06
419.4	7.0045e-06
419.6	7.0493e-06
419.8	7.0943e-06
420.0	1.1957e-06
420.2	1.073e-06
420.4	9.6298e-07
420.6	1.0091e-06
420.8	1.06e-06
421.0	1.1281e-06
421.2	1.2194e-06
421.4	1.3181e-06
421.6	1.4791e-06
421.8	1.655e-06
422.0	1.3942e-06
422.2	1.1745e-06
422.4	1.2265e-06
422.6	1.6167e-06
422.8	2.1309e-06
423.0	1.5852e-06
423.2	1.1792e-06
423.4	1.4559e-06
423.6	1.8162e-06
423.8	2.0056e-06
424.0	1.9081e-06
424.2	1.8154e-06
424.4	1.4518e-06
424.6	1.1611e-06
424.8	1.2873e-06
425.0	1.4273e-06
425.2	1.5219e-06
425.4	1.5529e-06
425.6	1.5845e-06
425.8	1.6355e-06
426.0	1.69e-06
426.2	1.8414e-06
426.4	2.0063e-06
426.6	1.9761e-06
426.8	1.7522e-06
427.0	1.5537e-06
427.2	1.5012e-06
427.4	1.4505e-06
427.6	1.4958e-06
427.8	1.5429e-06
428.0	1.6691e-06
428.2	1.9051e-06
428.4	2.1743e-06
428.6	2.0775e-06
428.8	1.9874e-06
429.0	2.0551e-06
429.2	2.1252e-06
429.4	2.0851e-06
429.6	1.9369e-06
429.8	1.7993e-06
430.0	1.5721e-06
430.2	1.3736e-06
430.4	1.5931e-06
430.6	1.8529e-06
430.8	2.0434e-06
431.0	2.1198e-06
431.2	2.199e-06
431.4	2.4558e-06
431.6	2.7362e-06
431.8	2.6206e-06
432.0	2.5099e-06
432.2	2.356e-06
432.4	2.1657e-06
432.6	1.9908e-06
432.8	2.0578e-06
433.0	2.127e-06
433.2	2.1374e-06
433.4	2.1475e-06
433.6	2.1697e-06
433.8	2.232e-06
434.0	2.2961e-06
434.2	2.2117e-06
434.4	2.1297e-06
434.6	1.4398e-06
434.8	6.427e-07
435.0	2.8688e-07
435.2	1.6185e-07
435.4	1.0447e-07
435.6	6.7445e-08
435.8	4.359e-08
436.0	2.8172e-08
436.2	3.8489e-08
436.4	9.0418e-08
436.6	1.4026e-07
436.8	1.4003e-07
437.0	1.398e-07
437.2	7.0677e-08
437.4	3.4733e-08
437.6	2.3157e-08
437.8	2.3135e-08
438.0	2.3107e-08
438.2	2.3066e-08
438.4	2.3026e-08
438.6	3.7392e-08
438.8	7.0515e-08
439.0	1.1169e-07
439.2	1.0024e-07
439.4	9.4344e-08
439.6	1.1752e-07
439.8	1.4639e-07
440.0	1.4634e-07
440.2	1.2785e-07
440.4	1.1393e-07
440.6	1.2413e-07
440.8	1.3524e-07
441.0	1.2566e-07
441.2	1.1667e-07
441.4	9.4521e-08
441.6	6.5674e-08
441.8	4.563e-08
442.0	9.5831e-08
442.2	2.1598e-07
442.4	2.1022e-07
442.6	1.754e-07
442.8	1.5975e-07
443.0	1.7607e-07
443.2	1.9406e-07
443.4	8.6576e-08
443.6	3.0371e-08
443.8	4.3211e-08
444.0	1.1533e-07
444.2	2.6551e-07
444.4	2.8938e-07
444.6	3.1539e-07
444.8	2.8751e-07
445.0	2.3653e-07
445.2	1.8614e-07
445.4	1.4116e-07
445.6	1.0779e-07
445.8	1.2949e-07
446.0	1.5556e-07
446.2	1.7545e-07
446.4	1.853e-07
446.6	1.9454e-07
446.8	2.0236e-07
447.0	2.1049e-07
447.2	1.5423e-07
447.4	1.0699e-07
447.6	6.6776e-08
447.8	3.3941e-08
448.0	2.6438e-08
448.2	6.0096e-08
448.4	1.3661e-07
448.6	1.7757e-07
448.8	1.9348e-07
449.0	2.125e-07
449.2	2.3975e-07
449.4	2.6567e-07
449.6	2.4796e-07
449.8	2.3144e-07
450.0	2.088e-07
450.2	1.8352e-07
450.4	1.6282e-07
450.6	1.8113e-07
450.8	2.015e-07
451.0	2.1598e-07
451.2	2.3138e-07
451.4	1.864e-07
451.6	1.0747e-07
451.8	6.1966e-08
452.0	1.0048e-07
452.2	1.761e-07
452.4	2.036e-07
452.6	2.1075e-07
452.8	2.1149e-07
453.0	1.9474e-07
453.2	1.7931e-07
453.4	1.8205e-07
453.6	1.9129e-07
453.8	1.8254e-07
454.0	1.6665e-07
454.2	1.5298e-07
454.4	1.4474e-07
454.6	1.3695e-07
454.8	9.279e-08
455.0	5.1676e-08
455.2	4.9811e-08
455.4	8.5967e-08
455.6	1.4837e-07
455.8	1.5116e-07
456.0	1.5067e-07
456.2	1.4611e-07
456.4	1.3672e-07
456.6	1.47e-07
456.8	1.9822e-07
457.0	2.673e-07
457.2	2.5817e-07
457.4	2.3563e-07
457.6	1.986e-07
457.8	1.424e-07
458.0	1.0848e-07
458.2	1.0062e-07
458.4	9.3331e-08
458.6	1.0752e-07
458.8	1.3534e-07
459.0	1.632e-07
459.2	1.6291e-07
459.4	1.5774e-07
459.6	6.5884e-08
459.8	2.7518e-08
460.0	2.2369e-08
460.2	3.4477e-08
460.4	5.3138e-08
460.6	8.5355e-08
460.8	1.3719e-07
461.0	1.4175e-07
461.2	1.413e-07
461.4	1.4596e-07
461.6	1.5906e-07
461.8	1.7333e-07
462.0	1.8875e-07
462.2	2.0552e-07
462.4	2.2832e-07
462.6	2.5513e-07
462.8	2.6173e-07
463.0	2.0777e-07
463.2	1.6494e-07
463.4	7.2427e-08
463.6	2.5406e-08
463.8	1.7119e-08
464.0	1.7064e-08
464.2	1.8557e-08
464.4	4.4172e-08
464.6	1.0515e-07
464.8	1.2164e-07
465.0	8.2542e-08
465.2	5.1801e-08
465.4	2.9818e-08
465.6	1.7164e-08
465.8	4.3774e-08
466.0	1.2074e-07
466.2	1.6914e-07
466.4	9.6536e-08
466.6	7.649e-08
466.8	1.217e-07
467.0	1.9364e-07
467.2	1.7419e-07
467.4	1.3588e-07
467.6	1.1542e-07
467.8	1.2275e-07
468.0	1.3268e-07
468.2	1.5529e-07
468.4	1.8174e-07
468.6	1.0106e-07
468.8	3.7647e-08
469.0	1.6934e-08
469.2	2.8516e-08
469.4	4.7109e-08
469.6	3.0404e-08
469.8	1.9623e-08
470.0	2.5557e-08
470.2	6.8129e-08
470.4	1.8162e-07
470.6	9.7134e-08
470.8	4.9433e-08
471.0	4.0056e-08
471.2	3.3986e-08
471.4	3.2685e-08
471.6	3.8238e-08
471.8	4.4734e-08
472.0	5.6784e-08
472.2	7.3004e-08
472.4	1.118e-07
472.6	1.7658e-07
472.8	2.2296e-07
473.0	1.7683e-07
473.2	1.4025e-07
473.4	1.6741e-07
473.6	2.2063e-07
473.8	2.1173e-07
474.0	1.8177e-07
474.2	1.5685e-07
474.4	1.3782e-07
474.6	1.211e-07
474.8	1.2093e-07
475.0	1.2774e-07
475.2	1.3672e-07
475.4	1.4748e-07
475.6	1.5552e-07
475.8	1.3656e-07
476.0	1.1991e-07
476.2	9.9271e-08
476.4	7.8817e-08
476.6	7.0489e-08
476.8	7.021e-08
477.0	6.9932e-08
477.2	8.3939e-08
477.4	1.0075e-07
477.6	6.8233e-08
477.8	2.4859e-08
478.0	1.7273e-08
478.2	2.9823e-08
478.4	5.149e-08
478.6	6.6275e-08
478.8	8.2417e-08
479.0	1.1201e-07
479.2	1.7649e-07
479.4	2.3177e-07
479.6	2.0285e-07
479.8	1.7755e-07
480.0	1.3512e-07
480.2	9.9073e-08
480.4	8.8843e-08
480.6	1.3924e-07
480.8	1.9568e-07
481.0	1.9474e-07
481.2	1.9381e-07
481.4	1.7673e-07
481.6	1.5563e-07
481.8	1.4456e-07
482.0	1.6742e-07
482.2	1.9145e-07
482.4	2.0038e-07
482.6	2.0973e-07
482.8	2.1296e-07
483.0	2.12e-07
483.2	2.1107e-07
483.4	2.1038e-07
483.6	2.0989e-07
483.8	2.2292e-07
484.0	2.3677e-07
484.2	2.0861e-07
484.4	1.5132e-07
484.6	1.0976e-07
484.8	1.3843e-07
485.0	1.776e-07
485.2	2.1716e-07
485.4	2.6479e-07
485.6	2.8529e-07
485.8	2.6001e-07
486.0	2.3697e-07
486.2	2.4897e-07
486.4	2.6551e-07
486.6	2.8185e-07
486.8	2.9893e-07
487.0	3.0468e-07
487.2	2.848e-07
487.4	2.6622e-07
487.6	2.7432e-07
487.8	2.9009e-07
488.0	3.1158e-07
488.2	3.3669e-07
488.4	3.5209e-07
488.6	3.2298e-07
488.8	2.9627e-07
489.0	2.7225e-07
489.2	2.5037e-07
489.4	2.7588e-07
489.6	3.4123e-07
489.8	4.1826e-07
490.0	4.6797e-07
490.2	5.2358e-07
490.4	5.6573e-07
490.6	5.9541e-07
490.8	6.8396e-07
491.0	8.4779e-07
491.2	1.0536e-06
491.4	1.5552e-06
491.6	2.2956e-06
491.8	3.5325e-06
492.0	5.6715e-06
492.2	9.2313e-06
492.4	1.5319e-05
492.6	2.5422e-05
492.8	4.4804e-05
493.0	7.9521e-05
493.2	1.4859e-04
493.4	3.0246e-04
493.6	5.5895e-04
493.8	0.00102
494.0	0.00198
494.2	0.00405
494.4	0.00855
494.6	0.0189
494.8	0.04368
495.0	0.09243
495.2	0.20726
495.4	0.41538
495.6	0.668
495.8	0.84884
496.0	0.93137
496.2	0.95746
496.4	0.97158
496.6	0.97645
496.8	0.98006
497.0	0.98149
497.2	0.9819
497.4	0.98037
497.6	0.97815
497.8	0.97604
498.0	0.97397
498.2	0.97161
498.4	0.96974
498.6	0.96873
498.8	0.96723
499.0	0.96642
499.2	0.96548
499.4	0.96443
499.6	0.96398
499.8	0.96386
500.0	0.96452
500.2	0.96628
500.4	0.96921
500.6	0.97317
500.8	0.97787
501.0	0.98228
501.2	0.98696
501.4	0.99099
501.6	0.99431
501.8	0.99585
502.0	0.99625
502.2	0.99548
502.4	0.99264
502.6	0.98769
502.8	0.98292
503.0	0.97651
503.2	0.9702
503.4	0.96351
503.6	0.95749
503.8	0.95287
504.0	0.94885
504.2	0.94671
504.4	0.94557
504.6	0.94589
504.8	0.94729
505.0	0.95005
505.2	0.95395
505.4	0.95761
505.6	0.96222
505.8	0.9666
506.0	0.9703
506.2	0.97472
506.4	0.97799
506.6	0.98027
506.8	0.98109
507.0	0.98181
507.2	0.98159
507.4	0.9809
507.6	0.97958
507.8	0.97807
508.0	0.97612
508.2	0.97403
508.4	0.97237
508.6	0.97087
508.8	0.97007
509.0	0.9701
509.2	0.97024
509.4	0.97116
509.6	0.97295
509.8	0.9751
510.0	0.97742
510.2	0.97993
510.4	0.98248
510.6	0.98641
510.8	0.98841
511.0	0.98996
511.2	0.9911
511.4	0.99212
511.6	0.99171
511.8	0.99009
512.0	0.98858
512.2	0.98618
512.4	0.98333
512.6	0.97983
512.8	0.97631
513.0	0.97279
513.2	0.96993
513.4	0.96709
513.6	0.96503
513.8	0.96347
514.0	0.96264
514.2	0.9629
514.4	0.9635
514.6	0.9649
514.8	0.96791
515.0	0.97018
515.2	0.97289
515.4	0.97526
515.6	0.97732
515.8	0.97857
516.0	0.9803
516.2	0.98037
516.4	0.97905
516.6	0.97687
516.8	0.9744
517.0	0.97086
517.2	0.9668
517.4	0.96183
517.6	0.95688
517.8	0.95228
518.0	0.94883
518.2	0.946
518.4	0.94391
518.6	0.94333
518.8	0.94376
519.0	0.94472
519.2	0.9471
519.4	0.9508
519.6	0.95509
519.8	0.95954
520.0	0.9645
520.2	0.96852
520.4	0.9713
520.6	0.97393
520.8	0.97585
521.0	0.97611
521.2	0.97406
521.4	0.97318
521.6	0.96886
521.8	0.96561
522.0	0.96111
522.2	0.95725
522.4	0.95377
522.6	0.95129
522.8	0.95004
523.0	0.95
523.2	0.95226
523.4	0.95544
523.6	0.95995
523.8	0.96536
524.0	0.9719
524.2	0.97836
524.4	0.98397
524.6	0.98911
524.8	0.99221
525.0	0.99358
525.2	0.99312
525.4	0.99086
525.6	0.98703
525.8	0.98342
526.0	0.97967
526.2	0.97665
526.4	0.97457
526.6	0.97423
526.8	0.97581
527.0	0.979
527.2	0.98256
527.4	0.98515
527.6	0.98485
527.8	0.9798
528.0	0.96802
528.2	0.94802
528.4	0.92092
528.6	0.88921
528.8	0.85543
529.0	0.82341
529.2	0.80027
529.4	0.78988
529.6	0.79425
529.8	0.81493
530.0	0.84605
530.2	0.86336
530.4	0.81461
530.6	0.6711
530.8	0.46567
531.0	0.28627
531.2	0.16698
531.4	0.09728
531.6	0.05799
531.8	0.03557
532.0	0.02224
532.2	0.01433
532.4	0.00948
532.6	0.00644
532.8	0.00446
533.0	0.00314
533.2	0.00237
533.4	0.00171
533.6	0.00126
533.8	9.3842e-04
534.0	7.0639e-04
534.2	5.3726e-04
534.4	4.128e-04
534.6	3.3836e-04
534.8	2.6377e-04
535.0	2.0705e-04
535.2	1.6517e-04
535.4	1.3084e-04
535.6	1.0674e-04
535.8	8.654e-05
536.0	6.9889e-05
536.2	5.7597e-05
536.4	4.7467e-05
536.6	3.9579e-05
536.8	3.3131e-05
537.0	2.7777e-05
537.2	2.3408e-05
537.4	1.9787e-05
537.6	1.695e-05
537.8	1.4519e-05
538.0	1.2551e-05
538.2	1.0899e-05
538.4	9.4908e-06
538.6	8.3853e-06
538.8	7.4289e-06
539.0	6.5894e-06
539.2	5.8507e-06
539.4	5.2173e-06
539.6	4.6525e-06
539.8	4.3051e-06
540.0	4.0553e-06
540.2	3.82e-06
540.4	3.5984e-06
540.6	3.3896e-06
540.8	3.1929e-06
541.0	3.0076e-06
541.2	2.8331e-06
541.4	2.6687e-06
541.6	2.5139e-06
541.8	2.368e-06
542.0	2.2306e-06
542.2	2.1038e-06
542.4	1.9844e-06
542.6	1.8718e-06
542.8	1.7656e-06
543.0	1.6654e-06
543.2	1.5709e-06
543.4	1.4818e-06
543.6	1.3977e-06
543.8	1.3184e-06
544.0	1.2436e-06
544.2	1.2041e-06
544.4	1.1714e-06
544.6	1.1395e-06
544.8	1.1085e-06
545.0	1.0783e-06
545.2	1.0489e-06
545.4	1.0204e-06
545.6	9.9262e-07
545.8	9.656e-07
546.0	9.3932e-07
546.2	9.3684e-07
546.4	9.4002e-07
546.6	9.4322e-07
546.8	9.4642e-07
547.0	9.4964e-07
547.2	9.5287e-07
547.4	9.5611e-07
547.6	9.5936e-07
547.8	9.6262e-07
548.0	9.6589e-07
548.2	9.9837e-07
548.4	1.0416e-06
548.6	1.0868e-06
548.8	1.1339e-06
549.0	1.1831e-06
549.2	1.2344e-06
549.4	1.2879e-06
549.6	1.3437e-06
549.8	1.402e-06
550.0	1.4627e-06
550.2	1.5698e-06
550.4	1.6859e-06
550.6	1.8107e-06
550.8	1.9446e-06
551.0	2.0885e-06
551.2	2.243e-06
551.4	2.4089e-06
551.6	2.5871e-06
551.8	2.7785e-06
552.0	2.984e-06
552.2	2.8878e-06
552.4	2.7642e-06
552.6	2.6459e-06
552.8	2.5327e-06
553.0	2.4243e-06
553.2	2.3206e-06
553.4	2.2213e-06
553.6	2.1262e-06
553.8	2.0352e-06
554.0	1.9481e-06
554.2	1.804e-06
554.4	1.6616e-06
554.6	1.5304e-06
554.8	1.4096e-06
555.0	1.2983e-06
555.2	1.1958e-06
555.4	1.1014e-06
555.6	1.0145e-06
555.8	9.3439e-07
556.0	8.6062e-07
556.2	8.3069e-07
556.4	8.1008e-07
556.6	7.8999e-07
556.8	7.7039e-07
557.0	7.5128e-07
557.2	7.3264e-07
557.4	7.1447e-07
557.6	6.9674e-07
557.8	6.7946e-07
558.0	6.626e-07
558.2	6.5458e-07
558.4	6.4903e-07
558.6	6.4352e-07
558.8	6.3805e-07
559.0	6.3264e-07
559.2	6.2727e-07
559.4	6.2194e-07
559.6	6.1667e-07
559.8	6.1143e-07
560.0	6.0624e-07
560.2	6.1273e-07
560.4	6.1992e-07
560.6	6.2719e-07
560.8	6.3455e-07
561.0	6.4199e-07
561.2	6.4952e-07
561.4	6.5714e-07
561.6	6.6485e-07
561.8	6.7265e-07
562.0	6.8054e-07
562.2	6.6552e-07
562.4	6.4723e-07
562.6	6.2945e-07
562.8	6.1216e-07
563.0	5.9534e-07
563.2	5.7898e-07
563.4	5.6307e-07
563.6	5.476e-07
563.8	5.3256e-07
564.0	5.1793e-07
564.2	5.051e-07
564.4	4.9289e-07
564.6	4.8097e-07
564.8	4.6934e-07
565.0	4.5799e-07
565.2	4.4691e-07
565.4	4.361e-07
565.6	4.2556e-07
565.8	4.1527e-07
566.0	4.0522e-07
566.2	3.9289e-07
566.4	3.8028e-07
566.6	3.6807e-07
566.8	3.5625e-07
567.0	3.4482e-07
567.2	3.3375e-07
567.4	3.2303e-07
567.6	3.1266e-07
567.8	3.0263e-07
568.0	2.9291e-07
568.2	2.9492e-07
568.4	3.0076e-07
568.6	3.0672e-07
568.8	3.128e-07
569.0	3.1899e-07
569.2	3.2531e-07
569.4	3.3176e-07
569.6	3.3833e-07
569.8	3.4504e-07
570.0	3.5187e-07
570.2	3.7385e-07
570.4	3.9805e-07
570.6	4.2382e-07
570.8	4.5125e-07
571.0	4.8047e-07
571.2	5.1157e-07
571.4	5.4469e-07
571.6	5.7995e-07
571.8	6.1749e-07
572.0	6.5747e-07
572.2	6.9585e-07
572.4	7.3579e-07
572.6	7.7803e-07
572.8	8.2268e-07
573.0	8.699e-07
573.2	9.1983e-07
573.4	9.7263e-07
573.6	1.0285e-06
573.8	1.0875e-06
574.0	1.1499e-06
574.2	1.0946e-06
574.4	1.0205e-06
574.6	9.5138e-07
574.8	8.8697e-07
575.0	8.2692e-07
575.2	7.7094e-07
575.4	7.1875e-07
575.6	6.7009e-07
575.8	6.2473e-07
576.0	5.8243e-07
576.2	5.4427e-07
576.4	5.0889e-07
576.6	4.7581e-07
576.8	4.4489e-07
577.0	4.1597e-07
577.2	3.8893e-07
577.4	3.6365e-07
577.6	3.4001e-07
577.8	3.1791e-07
578.0	2.9725e-07
578.2	2.7995e-07
578.4	2.6419e-07
578.6	2.4932e-07
578.8	2.3529e-07
579.0	2.2204e-07
579.2	2.0955e-07
579.4	1.9775e-07
579.6	1.8662e-07
579.8	1.7612e-07
580.0	1.6621e-07
580.2	1.6709e-07
580.4	1.6872e-07
580.6	1.7037e-07
580.8	1.7203e-07
581.0	1.7371e-07
581.2	1.7541e-07
581.4	1.7712e-07
581.6	1.7885e-07
581.8	1.806e-07
582.0	1.8236e-07
582.2	1.8085e-07
582.4	1.7875e-07
582.6	1.7668e-07
582.8	1.7464e-07
583.0	1.7262e-07
583.2	1.7062e-07
583.4	1.6864e-07
583.6	1.6669e-07
583.8	1.6476e-07
584.0	1.6285e-07
584.2	1.629e-07
584.4	1.6337e-07
584.6	1.6384e-07
584.8	1.6432e-07
585.0	1.6479e-07
585.2	1.6527e-07
585.4	1.6575e-07
585.6	1.6623e-07
585.8	1.6671e-07
586.0	1.672e-07
586.2	1.6597e-07
586.4	1.6432e-07
586.6	1.6268e-07
586.8	1.6107e-07
587.0	1.5946e-07
587.2	1.5788e-07
587.4	1.5631e-07
587.6	1.5475e-07
587.8	1.5321e-07
588.0	1.5169e-07
588.2	1.4875e-07
588.4	1.4547e-07
588.6	1.4226e-07
588.8	1.3912e-07
589.0	1.3605e-07
589.2	1.3305e-07
589.4	1.3012e-07
589.6	1.2725e-07
589.8	1.2444e-07
590.0	1.2169e-07
590.2	1.2406e-07
590.4	1.2687e-07
590.6	1.2974e-07
590.8	1.3267e-07
591.0	1.3567e-07
591.2	1.3874e-07
591.4	1.4188e-07
591.6	1.4509e-07
591.8	1.4838e-07
592.0	1.5173e-07
592.2	1.5089e-07
592.4	1.4923e-07
592.6	1.4758e-07
592.8	1.4596e-07
593.0	1.4435e-07
593.2	1.4275e-07
593.4	1.4118e-07
593.6	1.3962e-07
593.8	1.3808e-07
594.0	1.3656e-07
594.2	1.333e-07
594.4	1.2974e-07
594.6	1.2627e-07
594.8	1.2289e-07
595.0	1.1961e-07
595.2	1.1641e-07
595.4	1.1329e-07
595.6	1.1026e-07
595.8	1.0731e-07
596.0	1.0444e-07
596.2	1.0807e-07
596.4	1.1354e-07
596.6	1.1929e-07
596.8	1.2533e-07
597.0	1.3168e-07
597.2	1.3835e-07
597.4	1.4535e-07
597.6	1.5271e-07
597.8	1.6044e-07
598.0	1.6857e-07
598.2	1.7514e-07
598.4	1.8142e-07
598.6	1.8792e-07
598.8	1.9466e-07
599.0	2.0163e-07
599.2	2.0886e-07
599.4	2.1634e-07
599.6	2.241e-07
599.8	2.3213e-07
600.0	2.4044e-07
600.2	2.4111e-07
600.4	2.4128e-07
600.6	2.4145e-07
600.8	2.4162e-07
601.0	2.4179e-07
601.2	2.4196e-07
601.4	2.4213e-07
601.6	2.4231e-07
601.8	2.4248e-07
602.0	2.4265e-07
602.2	2.4042e-07
602.4	2.3782e-07
602.6	2.3525e-07
602.8	2.3271e-07
603.0	2.302e-07
603.2	2.2771e-07
603.4	2.2525e-07
603.6	2.2282e-07
603.8	2.2041e-07
604.0	2.1803e-07
604.2	2.1385e-07
604.4	2.0943e-07
604.6	2.051e-07
604.8	2.0086e-07
605.0	1.9671e-07
605.2	1.9264e-07
605.4	1.8866e-07
605.6	1.8476e-07
605.8	1.8094e-07
606.0	1.772e-07
606.2	1.8092e-07
606.4	1.8624e-07
606.6	1.9172e-07
606.8	1.9736e-07
607.0	2.0317e-07
607.2	2.0914e-07
607.4	2.153e-07
607.6	2.2163e-07
607.8	2.2815e-07
608.0	2.3486e-07
608.2	2.6223e-07
608.4	2.9771e-07
608.6	3.3798e-07
608.8	3.8371e-07
609.0	4.3562e-07
609.2	4.9455e-07
609.4	5.6146e-07
609.6	6.3742e-07
609.8	7.2365e-07
610.0	8.2155e-07
610.2	9.149e-07
610.4	1.017e-06
610.6	1.1306e-06
610.8	1.2568e-06
611.0	1.3971e-06
611.2	1.5531e-06
611.4	1.7264e-06
611.6	1.9192e-06
611.8	2.1334e-06
612.0	2.3716e-06
612.2	2.0668e-06
612.4	1.7105e-06
612.6	1.4156e-06
612.8	1.1716e-06
613.0	9.6961e-07
613.2	8.0246e-07
613.4	6.6413e-07
613.6	5.4964e-07
613.8	4.5489e-07
614.0	3.7647e-07
614.2	3.3784e-07
614.4	3.0879e-07
614.6	2.8224e-07
614.8	2.5798e-07
615.0	2.358e-07
615.2	2.1553e-07
615.4	1.97e-07
615.6	1.8006e-07
615.8	1.6458e-07
616.0	1.5043e-07
616.2	1.4507e-07
616.4	1.4167e-07
616.6	1.3835e-07
616.8	1.3511e-07
617.0	1.3195e-07
617.2	1.2886e-07
617.4	1.2584e-07
617.6	1.229e-07
617.8	1.2002e-07
618.0	1.1721e-07
618.2	1.1421e-07
618.4	1.1124e-07
618.6	1.0835e-07
618.8	1.0553e-07
619.0	1.0278e-07
619.2	1.0011e-07
619.4	9.7503e-08
619.6	9.4966e-08
619.8	9.2495e-08
620.0	9.0088e-08
620.2	9.102e-08
620.4	9.2316e-08
620.6	9.3631e-08
620.8	9.4964e-08
621.0	9.6316e-08
621.2	9.7688e-08
621.4	9.9079e-08
621.6	1.0049e-07
621.8	1.0192e-07
622.0	1.0337e-07
622.2	1.0665e-07
622.4	1.1049e-07
622.6	1.1448e-07
622.8	1.1861e-07
623.0	1.2289e-07
623.2	1.2732e-07
623.4	1.3191e-07
623.6	1.3667e-07
623.8	1.416e-07
624.0	1.4671e-07
624.2	1.5138e-07
624.4	1.5604e-07
624.6	1.6085e-07
624.8	1.658e-07
625.0	1.7091e-07
625.2	1.7617e-07
625.4	1.816e-07
625.6	1.8719e-07
625.8	1.9295e-07
626.0	1.989e-07
626.2	1.9389e-07
626.4	1.8646e-07
626.6	1.7933e-07
626.8	1.7246e-07
627.0	1.6586e-07
627.2	1.5951e-07
627.4	1.534e-07
627.6	1.4753e-07
627.8	1.4188e-07
628.0	1.3645e-07
628.2	1.357e-07
628.4	1.3603e-07
628.6	1.3636e-07
628.8	1.3669e-07
629.0	1.3701e-07
629.2	1.3734e-07
629.4	1.3768e-07
629.6	1.3801e-07
629.8	1.3834e-07
630.0	1.3867e-07
630.2	1.3962e-07
630.4	1.4062e-07
630.6	1.4164e-07
630.8	1.4267e-07
631.0	1.437e-07
631.2	1.4474e-07
631.4	1.4578e-07
631.6	1.4684e-07
631.8	1.479e-07
632.0	1.4897e-07
632.2	1.5799e-07
632.4	1.6941e-07
632.6	1.8165e-07
632.8	1.9478e-07
633.0	2.0886e-07
633.2	2.2395e-07
633.4	2.4013e-07
633.6	2.5749e-07
633.8	2.7609e-07
634.0	2.9604e-07
634.2	3.131e-07
634.4	3.3021e-07
634.6	3.4825e-07
634.8	3.6728e-07
635.0	3.8734e-07
635.2	4.0851e-07
635.4	4.3083e-07
635.6	4.5437e-07
635.8	4.7919e-07
636.0	5.0538e-07
636.2	5.2778e-07
636.4	5.5015e-07
636.6	5.7347e-07
636.8	5.9778e-07
637.0	6.2312e-07
637.2	6.4953e-07
637.4	6.7706e-07
637.6	7.0575e-07
637.8	7.3567e-07
638.0	7.6685e-07
638.2	7.4291e-07
638.4	7.1048e-07
638.6	6.7947e-07
638.8	6.498e-07
639.0	6.2144e-07
639.2	5.9431e-07
639.4	5.6837e-07
639.6	5.4356e-07
639.8	5.1983e-07
640.0	4.9714e-07
640.2	4.9965e-07
640.4	5.0543e-07
640.6	5.1128e-07
640.8	5.172e-07
641.0	5.2318e-07
641.2	5.2924e-07
641.4	5.3536e-07
641.6	5.4156e-07
641.8	5.4782e-07
642.0	5.5416e-07
642.2	5.5732e-07
642.4	5.5958e-07
642.6	5.6186e-07
642.8	5.6414e-07
643.0	5.6642e-07
643.2	5.6872e-07
643.4	5.7103e-07
643.6	5.7335e-07
643.8	5.7568e-07
644.0	5.7801e-07
644.2	5.5863e-07
644.4	5.3444e-07
644.6	5.113e-07
644.8	4.8917e-07
645.0	4.6799e-07
645.2	4.4773e-07
645.4	4.2835e-07
645.6	4.098e-07
645.8	3.9206e-07
646.0	3.7509e-07
646.2	3.5132e-07
646.4	3.2737e-07
646.6	3.0505e-07
646.8	2.8425e-07
647.0	2.6487e-07
647.2	2.4681e-07
647.4	2.2999e-07
647.6	2.1431e-07
647.8	1.997e-07
648.0	1.8608e-07
648.2	1.7089e-07
648.4	1.5646e-07
648.6	1.4324e-07
648.8	1.3115e-07
649.0	1.2007e-07
649.2	1.0993e-07
649.4	1.0065e-07
649.6	9.2146e-08
649.8	8.4364e-08
650.0	7.7239e-08
650.2	7.0158e-08
650.4	6.3665e-08
650.6	5.7773e-08
650.8	5.2426e-08
651.0	4.7573e-08
651.2	4.317e-08
651.4	3.9175e-08
651.6	3.5549e-08
651.8	3.2259e-08
652.0	2.9273e-08
652.2	3.0725e-08
652.4	3.3482e-08
652.6	3.6485e-08
652.8	3.9759e-08
653.0	4.3326e-08
653.2	4.7213e-08
653.4	5.1449e-08
653.6	5.6065e-08
653.8	6.1095e-08
654.0	6.6577e-08
654.2	6.6216e-08
654.4	6.4506e-08
654.6	6.2841e-08
654.8	6.1218e-08
655.0	5.9637e-08
655.2	5.8097e-08
655.4	5.6597e-08
655.6	5.5135e-08
655.8	5.3711e-08
656.0	5.2324e-08
656.2	5.1818e-08
656.4	5.1483e-08
656.6	5.1151e-08
656.8	5.082e-08
657.0	5.0492e-08
657.2	5.0166e-08
657.4	4.9842e-08
657.6	4.952e-08
657.8	4.92e-08
658.0	4.8882e-08
658.2	4.9712e-08
658.4	5.0747e-08
658.6	5.1805e-08
658.8	5.2884e-08
659.0	5.3986e-08
659.2	5.511e-08
659.4	5.6259e-08
659.6	5.7431e-08
659.8	5.8627e-08
660.0	5.9849e-08
660.2	6.2046e-08
660.4	6.4473e-08
660.6	6.6995e-08
660.8	6.9615e-08
661.0	7.2338e-08
661.2	7.5168e-08
661.4	7.8108e-08
661.6	8.1163e-08
661.8	8.4338e-08
662.0	8.7637e-08
662.2	8.8751e-08
662.4	8.9171e-08
662.6	8.9593e-08
662.8	9.0018e-08
663.0	9.0444e-08
663.2	9.0873e-08
663.4	9.1303e-08
663.6	9.1736e-08
663.8	9.217e-08
664.0	9.2607e-08
664.2	8.2031e-08
664.4	7.027e-08
664.6	6.0195e-08
664.8	5.1564e-08
665.0	4.4171e-08
665.2	3.7838e-08
665.4	3.2413e-08
665.6	2.7766e-08
665.8	2.3785e-08
666.0	2.0375e-08
666.2	2.2385e-08
666.4	2.6023e-08
666.6	3.0252e-08
666.8	3.5168e-08
667.0	4.0883e-08
667.2	4.7527e-08
667.4	5.5251e-08
667.6	6.423e-08
667.8	7.4668e-08
668.0	8.6802e-08
668.2	8.9939e-08
668.4	9.1243e-08
668.6	9.2566e-08
668.8	9.3908e-08
669.0	9.5269e-08
669.2	9.6651e-08
669.4	9.8052e-08
669.6	9.9474e-08
669.8	1.0092e-07
670.0	1.0238e-07
670.2	1.1033e-07
670.4	1.1993e-07
670.6	1.3036e-07
670.8	1.417e-07
671.0	1.5403e-07
671.2	1.6742e-07
671.4	1.8199e-07
671.6	1.9782e-07
671.8	2.1503e-07
672.0	2.3374e-07
672.2	2.5938e-07
672.4	2.8958e-07
672.6	3.2329e-07
672.8	3.6093e-07
673.0	4.0295e-07
673.2	4.4986e-07
673.4	5.0223e-07
673.6	5.607e-07
673.8	6.2598e-07
674.0	6.9886e-07
674.2	7.7445e-07
674.4	8.5673e-07
674.6	9.4775e-07
674.8	1.0484e-06
675.0	1.1598e-06
675.2	1.283e-06
675.4	1.4194e-06
675.6	1.5702e-06
675.8	1.737e-06
676.0	1.9215e-06
676.2	1.8343e-06
676.4	1.7043e-06
676.6	1.5836e-06
676.8	1.4714e-06
677.0	1.3671e-06
677.2	1.2703e-06
677.4	1.1803e-06
677.6	1.0967e-06
677.8	1.019e-06
678.0	9.4676e-07
678.2	8.5655e-07
678.4	7.7212e-07
678.6	6.9601e-07
678.8	6.274e-07
679.0	5.6556e-07
679.2	5.0981e-07
679.4	4.5956e-07
679.6	4.1426e-07
679.8	3.7342e-07
680.0	3.3661e-07
680.2	3.2561e-07
680.4	3.1876e-07
680.6	3.1205e-07
680.8	3.0548e-07
681.0	2.9905e-07
681.2	2.9276e-07
681.4	2.8659e-07
681.6	2.8056e-07
681.8	2.7466e-07
682.0	2.6887e-07
682.2	2.6673e-07
682.4	2.658e-07
682.6	2.6487e-07
682.8	2.6395e-07
683.0	2.6303e-07
683.2	2.6212e-07
683.4	2.6121e-07
683.6	2.603e-07
683.8	2.5939e-07
684.0	2.5849e-07
684.2	2.6805e-07
684.4	2.811e-07
684.6	2.9479e-07
684.8	3.0915e-07
685.0	3.242e-07
685.2	3.3999e-07
685.4	3.5655e-07
685.6	3.7391e-07
685.8	3.9212e-07
686.0	4.1122e-07
686.2	4.2852e-07
686.4	4.4594e-07
686.6	4.6408e-07
686.8	4.8295e-07
687.0	5.026e-07
687.2	5.2304e-07
687.4	5.4431e-07
687.6	5.6644e-07
687.8	5.8948e-07
688.0	6.1346e-07
688.2	6.5996e-07
688.4	7.1368e-07
688.6	7.7178e-07
688.8	8.346e-07
689.0	9.0254e-07
689.2	9.7601e-07
689.4	1.0555e-06
689.6	1.1414e-06
689.8	1.2343e-06
690.0	1.3347e-06
690.2	1.4162e-06
690.4	1.4978e-06
690.6	1.5842e-06
690.8	1.6755e-06
691.0	1.772e-06
691.2	1.8741e-06
691.4	1.9821e-06
691.6	2.0963e-06
691.8	2.2172e-06
692.0	2.3449e-06
692.2	2.3456e-06
692.4	2.3031e-06
692.6	2.2613e-06
692.8	2.2204e-06
693.0	2.1801e-06
693.2	2.1406e-06
693.4	2.1018e-06
693.6	2.0637e-06
693.8	2.0263e-06
694.0	1.9896e-06
694.2	1.9298e-06
694.4	1.8659e-06
694.6	1.8041e-06
694.8	1.7444e-06
695.0	1.6866e-06
695.2	1.6308e-06
695.4	1.5768e-06
695.6	1.5246e-06
695.8	1.4741e-06
696.0	1.4253e-06
696.2	1.402e-06
696.4	1.3833e-06
696.6	1.3649e-06
696.8	1.3468e-06
697.0	1.3289e-06
697.2	1.3112e-06
697.4	1.2938e-06
697.6	1.2766e-06
697.8	1.2596e-06
698.0	1.2428e-06
698.2	1.2528e-06
698.4	1.2659e-06
698.6	1.2792e-06
698.8	1.2926e-06
699.0	1.3062e-06
699.2	1.3199e-06
699.4	1.3338e-06
699.6	1.3478e-06
699.8	1.362e-06
700.0	1.3763e-06
700.2	1.45e-06
700.4	1.5386e-06
700.6	1.6326e-06
700.8	1.7323e-06
701.0	1.8381e-06
701.2	1.9504e-06
701.4	2.0695e-06
701.6	2.1959e-06
701.8	2.33e-06
702.0	2.4723e-06
702.2	2.6429e-06
702.4	2.8321e-06
702.6	3.0349e-06
702.8	3.2521e-06
703.0	3.485e-06
703.2	3.7344e-06
703.4	4.0018e-06
703.6	4.2883e-06
703.8	4.5953e-06
704.0	4.9243e-06
704.2	5.321e-06
704.4	5.7614e-06
704.6	6.2383e-06
704.8	6.7546e-06
705.0	7.3137e-06
705.2	7.919e-06
705.4	8.5745e-06
705.6	9.2841e-06
705.8	1.0053e-05
706.0	1.0885e-05
706.2	1.1327e-05
706.4	1.1712e-05
706.6	1.211e-05
706.8	1.2522e-05
707.0	1.2947e-05
707.2	1.3387e-05
707.4	1.3842e-05
707.6	1.4312e-05
707.8	1.4798e-05
708.0	1.5301e-05
708.2	1.51e-05
708.4	1.4842e-05
708.6	1.4588e-05
708.8	1.4339e-05
709.0	1.4093e-05
709.2	1.3852e-05
709.4	1.3615e-05
709.6	1.3382e-05
709.8	1.3154e-05
710.0	1.2929e-05
710.2	1.2912e-05
710.4	1.2932e-05
710.6	1.2951e-05
710.8	1.2971e-05
711.0	1.2991e-05
711.2	1.3011e-05
711.4	1.3031e-05
711.6	1.3051e-05
711.8	1.3071e-05
712.0	1.3091e-05
712.2	1.3092e-05
712.4	1.3087e-05
712.6	1.3082e-05
712.8	1.3077e-05
713.0	1.3072e-05
713.2	1.3068e-05
713.4	1.3063e-05
713.6	1.3058e-05
713.8	1.3053e-05
714.0	1.3048e-05
714.2	1.2888e-05
714.4	1.2695e-05
714.6	1.2505e-05
714.8	1.2317e-05
715.0	1.2132e-05
715.2	1.1951e-05
715.4	1.1771e-05
715.6	1.1595e-05
715.8	1.1421e-05
716.0	1.125e-05
716.2	1.0894e-05
716.4	1.0522e-05
716.6	1.0162e-05
716.8	9.8154e-06
717.0	9.4803e-06
717.2	9.1566e-06
717.4	8.844e-06
717.6	8.542e-06
717.8	8.2504e-06
718.0	7.9687e-06
718.2	7.645e-06
718.4	7.3308e-06
718.6	7.0295e-06
718.8	6.7405e-06
719.0	6.4635e-06
719.2	6.1978e-06
719.4	5.9431e-06
719.6	5.6988e-06
719.8	5.4645e-06
720.0	5.2399e-06
720.2	5.1475e-06
720.4	5.0827e-06
720.6	5.0187e-06
720.8	4.9555e-06
721.0	4.8931e-06
721.2	4.8315e-06
721.4	4.7707e-06
721.6	4.7107e-06
721.8	4.6514e-06
722.0	4.5928e-06
722.2	4.5709e-06
722.4	4.5638e-06
722.6	4.5567e-06
722.8	4.5497e-06
723.0	4.5426e-06
723.2	4.5355e-06
723.4	4.5285e-06
723.6	4.5215e-06
723.8	4.5144e-06
724.0	4.5074e-06
724.2	4.5593e-06
724.4	4.6292e-06
724.6	4.7001e-06
724.8	4.7722e-06
725.0	4.8453e-06
725.2	4.9196e-06
725.4	4.995e-06
725.6	5.0715e-06
725.8	5.1492e-06
726.0	5.2282e-06
726.2	5.3538e-06
726.4	5.4914e-06
726.6	5.6325e-06
726.8	5.7772e-06
727.0	5.9256e-06
727.2	6.0779e-06
727.4	6.2341e-06
727.6	6.3943e-06
727.8	6.5586e-06
728.0	6.7271e-06
728.2	6.8789e-06
728.4	7.0319e-06
728.6	7.1884e-06
728.8	7.3483e-06
729.0	7.5118e-06
729.2	7.679e-06
729.4	7.8498e-06
729.6	8.0245e-06
729.8	8.203e-06
730.0	8.3855e-06
730.2	8.6272e-06
730.4	8.8883e-06
730.6	9.1574e-06
730.8	9.4346e-06
731.0	9.7202e-06
731.2	1.0014e-05
731.4	1.0318e-05
731.6	1.063e-05
731.8	1.0952e-05
732.0	1.1283e-05
732.2	1.1349e-05
732.4	1.1304e-05
732.6	1.1259e-05
732.8	1.1214e-05
733.0	1.1169e-05
733.2	1.1125e-05
733.4	1.1081e-05
733.6	1.1036e-05
733.8	1.0993e-05
734.0	1.0949e-05
734.2	1.0892e-05
734.4	1.0831e-05
734.6	1.0771e-05
734.8	1.0711e-05
735.0	1.0652e-05
735.2	1.0593e-05
735.4	1.0534e-05
735.6	1.0475e-05
735.8	1.0417e-05
736.0	1.0359e-05
736.2	1.0354e-05
736.4	1.0358e-05
736.6	1.0362e-05
736.8	1.0366e-05
737.0	1.037e-05
737.2	1.0374e-05
737.4	1.0378e-05
737.6	1.0382e-05
737.8	1.0386e-05
738.0	1.039e-05
738.2	1.0357e-05
738.4	1.0321e-05
738.6	1.0286e-05
738.8	1.0251e-05
739.0	1.0216e-05
739.2	1.0181e-05
739.4	1.0146e-05
739.6	1.0111e-05
739.8	1.0076e-05
740.0	1.0042e-05
740.2	1.017e-05
740.4	1.0339e-05
740.6	1.0511e-05
740.8	1.0686e-05
741.0	1.0864e-05
741.2	1.1045e-05
741.4	1.1228e-05
741.6	1.1415e-05
741.8	1.1605e-05
742.0	1.1798e-05
742.2	1.1769e-05
742.4	1.1638e-05
742.6	1.1509e-05
742.8	1.1381e-05
743.0	1.1255e-05
743.2	1.113e-05
743.4	1.1007e-05
743.6	1.0884e-05
743.8	1.0764e-05
744.0	1.0644e-05
744.2	1.0386e-05
744.4	1.0092e-05
744.6	9.806e-06
744.8	9.5284e-06
745.0	9.2587e-06
745.2	8.9966e-06
745.4	8.7419e-06
745.6	8.4944e-06
745.8	8.254e-06
746.0	8.0203e-06
746.2	7.7836e-06
746.4	7.5521e-06
746.6	7.3275e-06
746.8	7.1096e-06
747.0	6.8982e-06
747.2	6.6931e-06
747.4	6.494e-06
747.6	6.3009e-06
747.8	6.1135e-06
748.0	5.9317e-06
748.2	5.7301e-06
748.4	5.5334e-06
748.6	5.3434e-06
748.8	5.16e-06
749.0	4.9828e-06
749.2	4.8118e-06
749.4	4.6466e-06
749.6	4.4871e-06
749.8	4.333e-06
750.0	4.1843e-06
750.2	4.1452e-06
750.4	4.1297e-06
750.6	4.1142e-06
750.8	4.0988e-06
751.0	4.0834e-06
751.2	4.0681e-06
751.4	4.0529e-06
751.6	4.0377e-06
751.8	4.0226e-06
752.0	4.0075e-06
752.2	4.0194e-06
752.4	4.0425e-06
752.6	4.0657e-06
752.8	4.0891e-06
753.0	4.1126e-06
753.2	4.1362e-06
753.4	4.1599e-06
753.6	4.1838e-06
753.8	4.2078e-06
754.0	4.232e-06
754.2	4.2603e-06
754.4	4.2898e-06
754.6	4.3195e-06
754.8	4.3494e-06
755.0	4.3795e-06
755.2	4.4099e-06
755.4	4.4404e-06
755.6	4.4712e-06
755.8	4.5021e-06
756.0	4.5333e-06
756.2	4.6372e-06
756.4	4.7536e-06
756.6	4.873e-06
756.8	4.9953e-06
757.0	5.1207e-06
757.2	5.2493e-06
757.4	5.3811e-06
757.6	5.5162e-06
757.8	5.6547e-06
758.0	5.7967e-06
758.2	5.8866e-06
758.4	5.9762e-06
758.6	6.0671e-06
758.8	6.1595e-06
759.0	6.2532e-06
759.2	6.3483e-06
759.4	6.4449e-06
759.6	6.543e-06
759.8	6.6426e-06
760.0	6.7436e-06
760.2	6.9624e-06
760.4	7.214e-06
760.6	7.4747e-06
760.8	7.7447e-06
761.0	8.0246e-06
761.2	8.3145e-06
761.4	8.615e-06
761.6	8.9262e-06
761.8	9.2488e-06
762.0	9.5829e-06
762.2	9.7537e-06
762.4	9.8407e-06
762.6	9.9284e-06
762.8	1.0017e-05
763.0	1.0106e-05
763.2	1.0196e-05
763.4	1.0287e-05
763.6	1.0379e-05
763.8	1.0472e-05
764.0	1.0565e-05
764.2	1.0576e-05
764.4	1.0561e-05
764.6	1.0546e-05
764.8	1.0531e-05
765.0	1.0516e-05
765.2	1.0501e-05
765.4	1.0487e-05
765.6	1.0472e-05
765.8	1.0457e-05
766.0	1.0442e-05
766.2	1.032e-05
766.4	1.0182e-05
766.6	1.0046e-05
766.8	9.9111e-06
767.0	9.7783e-06
767.2	9.6474e-06
767.4	9.5182e-06
767.6	9.3907e-06
767.8	9.2649e-06
768.0	9.1408e-06
768.2	8.9931e-06
768.4	8.8465e-06
768.6	8.7022e-06
768.8	8.5603e-06
769.0	8.4207e-06
769.2	8.2834e-06
769.4	8.1483e-06
769.6	8.0154e-06
769.8	7.8847e-06
770.0	7.7562e-06
770.2	7.7758e-06
770.4	7.828e-06
770.6	7.8806e-06
770.8	7.9335e-06
771.0	7.9867e-06
771.2	8.0404e-06
771.4	8.0943e-06
771.6	8.1487e-06
771.8	8.2034e-06
772.0	8.2585e-06
772.2	8.2771e-06
772.4	8.2789e-06
772.6	8.2806e-06
772.8	8.2824e-06
773.0	8.2841e-06
773.2	8.2859e-06
773.4	8.2877e-06
773.6	8.2894e-06
773.8	8.2912e-06
774.0	8.2929e-06
774.2	8.3198e-06
774.4	8.3536e-06
774.6	8.3876e-06
774.8	8.4217e-06
775.0	8.456e-06
775.2	8.4904e-06
775.4	8.5249e-06
775.6	8.5596e-06
775.8	8.5944e-06
776.0	8.6294e-06
776.2	8.6503e-06
776.4	8.6693e-06
776.6	8.6884e-06
776.8	8.7076e-06
777.0	8.7268e-06
777.2	8.746e-06
777.4	8.7653e-06
777.6	8.7846e-06
777.8	8.804e-06
778.0	8.8234e-06
778.2	8.7297e-06
778.4	8.6354e-06
778.6	8.5421e-06
778.8	8.4498e-06
779.0	8.3585e-06
779.2	8.2682e-06
779.4	8.1789e-06
779.6	8.0905e-06
779.8	8.0031e-06
780.0	7.9166e-06
780.2	7.8482e-06
780.4	7.7839e-06
780.6	7.7201e-06
780.8	7.6568e-06
781.0	7.5941e-06
781.2	7.5318e-06
781.4	7.4701e-06
781.6	7.4089e-06
781.8	7.3482e-06
782.0	7.288e-06
782.2	7.1071e-06
782.4	6.8721e-06
782.6	6.6448e-06
782.8	6.425e-06
783.0	6.2125e-06
783.2	6.007e-06
783.4	5.8084e-06
783.6	5.6163e-06
783.8	5.4305e-06
784.0	5.2509e-06
784.2	5.0772e-06
784.4	4.9093e-06
784.6	4.7519e-06
784.8	4.6258e-06
785.0	4.5031e-06
785.2	4.3836e-06
785.4	4.2673e-06
785.6	4.154e-06
785.8	4.0438e-06
786.0	3.9365e-06
786.2	3.832e-06
786.4	3.7304e-06
786.6	3.6284e-06
786.8	3.521e-06
787.0	3.4168e-06
787.2	3.3157e-06
787.4	3.2176e-06
787.6	3.1223e-06
787.8	3.0299e-06
788.0	2.9403e-06
788.2	2.8532e-06
788.4	2.7688e-06
788.6	2.6872e-06
788.8	2.6088e-06
789.0	2.5326e-06
789.2	2.4586e-06
789.4	2.3868e-06
789.6	2.3171e-06
789.8	2.2494e-06
790.0	2.1837e-06
790.2	2.1199e-06
790.4	2.058e-06
790.6	2.0133e-06
790.8	1.9861e-06
791.0	1.9592e-06
791.2	1.9327e-06
791.4	1.9066e-06
791.6	1.8808e-06
791.8	1.8553e-06
792.0	1.8302e-06
792.2	1.8054e-06
792.4	1.781e-06
792.6	1.7569e-06
792.8	1.7331e-06
793.0	1.7097e-06
793.2	1.6906e-06
793.4	1.6718e-06
793.6	1.6533e-06
793.8	1.6349e-06
794.0	1.6168e-06
794.2	1.5989e-06
794.4	1.5811e-06
794.6	1.5636e-06
794.8	1.5462e-06
795.0	1.4307e-06
795.2	6.7615e-07
795.4	3.1954e-07
795.6	1.5101e-07
795.8	7.1367e-08
796.0	3.3727e-08
796.2	1.5939e-08
796.4	7.5327e-09
796.6	3.939e-09
796.8	3.9396e-09
797.0	3.9401e-09
797.2	3.9406e-09
797.4	3.9411e-09
797.6	3.9416e-09
797.8	3.9421e-09
798.0	3.9426e-09
798.2	3.9432e-09
798.4	3.9437e-09
798.6	3.9447e-09
798.8	3.946e-09
799.0	3.9474e-09
799.2	3.9487e-09
799.4	3.95e-09
799.6	3.9513e-09
799.8	3.9526e-09
800.0	3.9539e-09
800.2	3.9553e-09
800.4	3.9566e-09
800.6	3.9579e-09
800.8	3.9592e-09
801.0	3.9606e-09
801.2	3.9619e-09
801.4	3.9632e-09
801.6	3.9645e-09
801.8	3.9658e-09
802.0	3.9672e-09
802.2	3.9685e-09
802.4	3.9696e-09
802.6	3.9706e-09
802.8	3.9715e-09
803.0	3.9725e-09
803.2	3.9735e-09
803.4	3.9745e-09
803.6	3.9755e-09
803.8	3.9765e-09
804.0	3.9774e-09
804.2	4.5934e-09
804.4	7.9858e-09
804.6	1.3884e-08
804.8	2.4137e-08
805.0	4.1963e-08
805.2	7.2955e-08
805.4	1.2684e-07
805.6	2.2051e-07
805.8	3.8336e-07
806.0	6.6649e-07
806.2	9.3327e-07
806.4	8.8953e-07
806.6	8.4784e-07
806.8	8.081e-07
807.0	7.7022e-07
807.2	7.3412e-07
807.4	6.9972e-07
807.6	6.6692e-07
807.8	6.3566e-07
808.0	6.0587e-07
808.2	5.6472e-07
808.4	5.1403e-07
808.6	4.6789e-07
808.8	4.2589e-07
809.0	3.8766e-07
809.2	3.5286e-07
809.4	3.2119e-07
809.6	2.9236e-07
809.8	2.6612e-07
810.0	2.4223e-07
810.2	2.2161e-07
810.4	2.0341e-07
810.6	1.867e-07
810.8	1.7136e-07
811.0	1.5728e-07
811.2	1.4436e-07
811.4	1.325e-07
811.6	1.2162e-07
811.8	1.1163e-07
812.0	1.0246e-07
812.2	1.0409e-07
812.4	1.0969e-07
812.6	1.156e-07
812.8	1.2182e-07
813.0	1.2837e-07
813.2	1.3528e-07
813.4	1.4256e-07
813.6	1.5023e-07
813.8	1.5831e-07
814.0	1.6683e-07
814.2	1.5744e-07
814.4	1.4603e-07
814.6	1.3545e-07
814.8	1.2564e-07
815.0	1.1654e-07
815.2	1.081e-07
815.4	1.0027e-07
815.6	9.3005e-08
815.8	8.6268e-08
816.0	8.0019e-08
816.2	6.8321e-08
816.4	5.0012e-08
816.6	3.661e-08
816.8	2.6799e-08
817.0	1.9618e-08
817.2	1.4361e-08
817.4	1.0512e-08
817.6	7.6953e-09
817.8	5.6331e-09
818.0	4.1236e-09
818.2	3.5031e-09
818.4	3.5082e-09
818.6	3.5133e-09
818.8	3.5184e-09
819.0	3.5235e-09
819.2	3.5287e-09
819.4	3.5338e-09
819.6	3.539e-09
819.8	3.5441e-09
820.0	3.5493e-09
820.2	4.5322e-09
820.4	6.76e-09
820.6	1.0083e-08
820.8	1.5039e-08
821.0	2.2431e-08
821.2	3.3457e-08
821.4	4.9903e-08
821.6	7.4432e-08
821.8	1.1102e-07
822.0	1.6559e-07
822.2	1.7487e-07
822.4	1.6408e-07
822.6	1.5396e-07
822.8	1.4446e-07
823.0	1.3555e-07
823.2	1.2719e-07
823.4	1.1934e-07
823.6	1.1198e-07
823.8	1.0507e-07
824.0	9.859e-08
824.2	1.0793e-07
824.4	1.2066e-07
824.6	1.3489e-07
824.8	1.508e-07
825.0	1.6859e-07
825.2	1.8848e-07
825.4	2.1072e-07
825.6	2.3557e-07
825.8	2.6336e-07
826.0	2.9443e-07
826.2	3.1923e-07
826.4	3.2737e-07
826.6	3.3572e-07
826.8	3.4429e-07
827.0	3.5307e-07
827.2	3.6208e-07
827.4	3.7132e-07
827.6	3.8079e-07
827.8	3.9051e-07
828.0	4.0047e-07
828.2	4.1577e-07
828.4	4.3723e-07
828.6	4.5979e-07
828.8	4.8352e-07
829.0	5.0847e-07
829.2	5.347e-07
829.4	5.623e-07
829.6	5.9131e-07
829.8	6.2182e-07
830.0	6.5391e-07
830.2	6.9291e-07
830.4	7.3754e-07
830.6	7.8503e-07
830.8	8.3559e-07
831.0	8.894e-07
831.2	9.4667e-07
831.4	1.0076e-06
831.6	1.0725e-06
831.8	1.1416e-06
832.0	1.2151e-06
832.2	1.2812e-06
832.4	1.3471e-06
832.6	1.4163e-06
832.8	1.4891e-06
833.0	1.5657e-06
833.2	1.6462e-06
833.4	1.7308e-06
833.6	1.8198e-06
833.8	1.9133e-06
834.0	2.0117e-06
834.2	2.0998e-06
834.4	2.1902e-06
834.6	2.2845e-06
834.8	2.3828e-06
835.0	2.4855e-06
835.2	2.5925e-06
835.4	2.7041e-06
835.6	2.8205e-06
835.8	2.942e-06
836.0	3.0687e-06
836.2	3.1995e-06
836.4	3.333e-06
836.6	3.4721e-06
836.8	3.617e-06
837.0	3.768e-06
837.2	3.9252e-06
837.4	4.0891e-06
837.6	4.2597e-06
837.8	4.4375e-06
838.0	4.6227e-06
838.2	4.7577e-06
838.4	4.8303e-06
838.6	4.904e-06
838.8	4.9788e-06
839.0	5.0547e-06
839.2	5.1318e-06
839.4	5.2101e-06
839.6	5.2896e-06
839.8	5.3703e-06
840.0	5.4522e-06
840.2	5.4911e-06
840.4	5.5026e-06
840.6	5.5141e-06
840.8	5.5256e-06
841.0	5.5372e-06
841.2	5.5488e-06
841.4	5.5604e-06
841.6	5.572e-06
841.8	5.5836e-06
842.0	5.5953e-06
842.2	5.6261e-06
842.4	5.6631e-06
842.6	5.7003e-06
842.8	5.7378e-06
843.0	5.7756e-06
843.2	5.8135e-06
843.4	5.8518e-06
843.6	5.8903e-06
843.8	5.929e-06
844.0	5.968e-06
844.2	5.9466e-06
844.4	5.9194e-06
844.6	5.8923e-06
844.8	5.8654e-06
845.0	5.8385e-06
845.2	5.8118e-06
845.4	5.7852e-06
845.6	5.7587e-06
845.8	5.7323e-06
846.0	5.7061e-06
846.2	5.7374e-06
846.4	5.8852e-06
846.6	6.0368e-06
846.8	6.1923e-06
847.0	6.3517e-06
847.2	6.5154e-06
847.4	6.6832e-06
847.6	6.8553e-06
847.8	7.0319e-06
848.0	7.213e-06
848.2	7.362e-06
848.4	7.4742e-06
848.6	7.5883e-06
848.8	7.704e-06
849.0	7.8215e-06
849.2	7.9408e-06
849.4	8.0619e-06
849.6	8.1849e-06
849.8	8.3098e-06
850.0	8.4365e-06
850.2	8.4954e-06
850.4	8.5144e-06
850.6	8.5335e-06
850.8	8.5527e-06
851.0	8.5718e-06
851.2	8.5911e-06
851.4	8.6104e-06
851.6	8.6297e-06
851.8	8.649e-06
852.0	8.6684e-06
852.2	8.6177e-06
852.4	8.5487e-06
852.6	8.4804e-06
852.8	8.4126e-06
853.0	8.3453e-06
853.2	8.2785e-06
853.4	8.2123e-06
853.6	8.1466e-06
853.8	8.0815e-06
854.0	8.0168e-06
854.2	7.7683e-06
854.4	7.5181e-06
854.6	7.276e-06
854.8	7.0417e-06
855.0	6.8149e-06
855.2	6.5955e-06
855.4	6.3831e-06
855.6	6.1775e-06
855.8	5.9786e-06
856.0	5.786e-06
856.2	5.6424e-06
856.4	5.6108e-06
856.6	5.5794e-06
856.8	5.5481e-06
857.0	5.5171e-06
857.2	5.4862e-06
857.4	5.4554e-06
857.6	5.4249e-06
857.8	5.3945e-06
858.0	5.3643e-06
858.2	5.3034e-06
858.4	5.2039e-06
858.6	5.1062e-06
858.8	5.0104e-06
859.0	4.9163e-06
859.2	4.8241e-06
859.4	4.7335e-06
859.6	4.6447e-06
859.8	4.5575e-06
860.0	4.472e-06
860.2	4.438e-06
860.4	4.4383e-06
860.6	4.4386e-06
860.8	4.4389e-06
861.0	4.4392e-06
861.2	4.4395e-06
861.4	4.4398e-06
861.6	4.4402e-06
861.8	4.4405e-06
862.0	4.4408e-06
862.2	4.427e-06
862.4	4.4087e-06
862.6	4.3905e-06
862.8	4.3723e-06
863.0	4.3543e-06
863.2	4.3363e-06
863.4	4.3183e-06
863.6	4.3005e-06
863.8	4.2827e-06
864.0	4.265e-06
864.2	4.2743e-06
864.4	4.286e-06
864.6	4.2977e-06
864.8	4.3094e-06
865.0	4.3212e-06
865.2	4.333e-06
865.4	4.3448e-06
865.6	4.3567e-06
865.8	4.3686e-06
866.0	4.3805e-06
866.2	4.4248e-06
866.4	4.5548e-06
866.6	4.6887e-06
866.8	4.8264e-06
867.0	4.9682e-06
867.2	5.1142e-06
867.4	5.2644e-06
867.6	5.4191e-06
867.8	5.5783e-06
868.0	5.7422e-06
868.2	5.8958e-06
868.4	6.0341e-06
868.6	6.1757e-06
868.8	6.3206e-06
869.0	6.469e-06
869.2	6.6208e-06
869.4	6.7761e-06
869.6	6.9351e-06
869.8	7.0979e-06
870.0	7.2644e-06
870.2	7.4139e-06
870.4	7.5527e-06
870.6	7.6942e-06
870.8	7.8383e-06
871.0	7.9851e-06
871.2	8.1346e-06
871.4	8.2869e-06
871.6	8.4421e-06
871.8	8.6002e-06
872.0	8.7613e-06
872.2	8.819e-06
872.4	8.8461e-06
872.6	8.8734e-06
872.8	8.9007e-06
873.0	8.9281e-06
873.2	8.9556e-06
873.4	8.9832e-06
873.6	9.0109e-06
873.8	9.0386e-06
874.0	9.0665e-06
874.2	8.8433e-06
874.4	8.6116e-06
874.6	8.386e-06
874.8	8.1663e-06
875.0	7.9523e-06
875.2	7.744e-06
875.4	7.5411e-06
875.6	7.3435e-06
875.8	7.1511e-06
876.0	6.9638e-06
876.2	6.8021e-06
876.4	6.6995e-06
876.6	6.5985e-06
876.8	6.499e-06
877.0	6.401e-06
877.2	6.3044e-06
877.4	6.2093e-06
877.6	6.1157e-06
877.8	6.0234e-06
878.0	5.9326e-06
878.2	5.816e-06
878.4	5.6681e-06
878.6	5.5239e-06
878.8	5.3835e-06
879.0	5.2466e-06
879.2	5.1131e-06
879.4	4.9831e-06
879.6	4.8564e-06
879.8	4.7329e-06
880.0	4.6125e-06
880.2	4.5092e-06
880.4	4.4167e-06
880.6	4.3261e-06
880.8	4.2373e-06
881.0	4.1504e-06
881.2	4.0653e-06
881.4	3.9819e-06
881.6	3.9002e-06
881.8	3.8202e-06
882.0	3.7419e-06
882.2	3.6881e-06
882.4	3.641e-06
882.6	3.5946e-06
882.8	3.5488e-06
883.0	3.5036e-06
883.2	3.4589e-06
883.4	3.4148e-06
883.6	3.3713e-06
883.8	3.3283e-06
884.0	3.2859e-06
884.2	3.2489e-06
884.4	3.2124e-06
884.6	3.1764e-06
884.8	3.1408e-06
885.0	3.1056e-06
885.2	3.0708e-06
885.4	3.0364e-06
885.6	3.0024e-06
885.8	2.9687e-06
886.0	2.9354e-06
886.2	2.92e-06
886.4	2.952e-06
886.6	2.9844e-06
886.8	3.0172e-06
887.0	3.0503e-06
887.2	3.0838e-06
887.4	3.1176e-06
887.6	3.1518e-06
887.8	3.1864e-06
888.0	3.2214e-06
888.2	3.2576e-06
888.4	3.2953e-06
888.6	3.3335e-06
888.8	3.3721e-06
889.0	3.4112e-06
889.2	3.4507e-06
889.4	3.4907e-06
889.6	3.5312e-06
889.8	3.5721e-06
890.0	3.6135e-06
890.2	3.6677e-06
890.4	3.7302e-06
890.6	3.7937e-06
890.8	3.8584e-06
891.0	3.9242e-06
891.2	3.991e-06
891.4	4.0591e-06
891.6	4.1282e-06
891.8	4.1986e-06
892.0	4.2701e-06
892.2	4.3768e-06
892.4	4.4946e-06
892.6	4.6155e-06
892.8	4.7397e-06
893.0	4.8673e-06
893.2	4.9983e-06
893.4	5.1328e-06
893.6	5.2709e-06
893.8	5.4127e-06
894.0	5.5584e-06
894.2	5.6687e-06
894.4	5.7808e-06
894.6	5.8951e-06
894.8	6.0117e-06
895.0	6.1305e-06
895.2	6.2518e-06
895.4	6.3754e-06
895.6	6.5014e-06
895.8	6.63e-06
896.0	6.7611e-06
896.2	6.8953e-06
896.4	7.0338e-06
896.6	7.175e-06
896.8	7.319e-06
897.0	7.466e-06
897.2	7.6159e-06
897.4	7.7688e-06
897.6	7.9247e-06
897.8	8.0838e-06
898.0	8.2461e-06
898.2	8.3121e-06
898.4	8.2524e-06
898.6	8.1932e-06
898.8	8.1344e-06
899.0	8.076e-06
899.2	8.0181e-06
899.4	7.9605e-06
899.6	7.9034e-06
899.8	7.8467e-06
900.0	7.7904e-06
900.2	7.6367e-06
900.4	7.4291e-06
900.6	7.2272e-06
900.8	7.0308e-06
901.0	6.8397e-06
901.2	6.6538e-06
901.4	6.473e-06
901.6	6.2971e-06
901.8	6.1259e-06
902.0	5.9594e-06
902.2	5.768e-06
902.4	5.5763e-06
902.6	5.391e-06
902.8	5.2118e-06
903.0	5.0386e-06
903.2	4.8712e-06
903.4	4.7093e-06
903.6	4.5528e-06
903.8	4.4015e-06
904.0	4.2551e-06
904.2	4.0849e-06
904.4	3.9215e-06
904.6	3.7646e-06
904.8	3.614e-06
905.0	3.4695e-06
905.2	3.3307e-06
905.4	3.1975e-06
905.6	3.0696e-06
905.8	2.9468e-06
906.0	2.829e-06
906.2	2.7309e-06
906.4	2.6816e-06
906.6	2.6332e-06
906.8	2.5857e-06
907.0	2.539e-06
907.2	2.4932e-06
907.4	2.4482e-06
907.6	2.404e-06
907.8	2.3606e-06
908.0	2.318e-06
908.2	2.2758e-06
908.4	2.2338e-06
908.6	2.1926e-06
908.8	2.1521e-06
909.0	2.1124e-06
909.2	2.0734e-06
909.4	2.0352e-06
909.6	1.9976e-06
909.8	1.9608e-06
910.0	1.9246e-06
910.2	1.8918e-06
910.4	1.8612e-06
910.6	1.8311e-06
910.8	1.8014e-06
911.0	1.7723e-06
911.2	1.7436e-06
911.4	1.7154e-06
911.6	1.6876e-06
911.8	1.6603e-06
912.0	1.6334e-06
912.2	1.6184e-06
912.4	1.606e-06
912.6	1.5936e-06
912.8	1.5813e-06
913.0	1.5692e-06
913.2	1.5571e-06
913.4	1.5451e-06
913.6	1.5332e-06
913.8	1.5214e-06
914.0	1.5096e-06
914.2	1.4925e-06
914.4	1.4756e-06
914.6	1.4588e-06
914.8	1.4423e-06
915.0	1.4259e-06
915.2	1.4097e-06
915.4	1.3937e-06
915.6	1.3779e-06
915.8	1.3623e-06
916.0	1.3469e-06
916.2	1.3376e-06
916.4	1.3476e-06
916.6	1.3576e-06
916.8	1.3677e-06
917.0	1.3779e-06
917.2	1.3881e-06
917.4	1.3984e-06
917.6	1.4088e-06
917.8	1.4193e-06
918.0	1.4299e-06
918.2	1.4368e-06
918.4	1.4388e-06
918.6	1.4409e-06
918.8	1.443e-06
919.0	1.445e-06
919.2	1.4471e-06
919.4	1.4492e-06
919.6	1.4513e-06
919.8	1.4533e-06
920.0	1.4554e-06
920.2	1.4722e-06
920.4	1.4979e-06
920.6	1.524e-06
920.8	1.5505e-06
921.0	1.5775e-06
921.2	1.605e-06
921.4	1.6329e-06
921.6	1.6614e-06
921.8	1.6903e-06
922.0	1.7197e-06
922.2	1.7459e-06
922.4	1.7718e-06
922.6	1.7981e-06
922.8	1.8248e-06
923.0	1.8518e-06
923.2	1.8793e-06
923.4	1.9071e-06
923.6	1.9354e-06
923.8	1.9641e-06
924.0	1.9938e-06
924.2	2.037e-06
924.4	2.0812e-06
924.6	2.1264e-06
924.8	2.1725e-06
925.0	2.2196e-06
925.2	2.2678e-06
925.4	2.317e-06
925.6	2.3672e-06
925.8	2.4186e-06
926.0	2.4711e-06
926.2	2.5282e-06
926.4	2.5993e-06
926.6	2.6725e-06
926.8	2.7477e-06
927.0	2.8251e-06
927.2	2.9046e-06
927.4	2.9864e-06
927.6	3.0704e-06
927.8	3.1568e-06
928.0	3.2457e-06
928.2	3.3414e-06
928.4	3.4463e-06
928.6	3.5544e-06
928.8	3.6659e-06
929.0	3.7809e-06
929.2	3.8995e-06
929.4	4.0218e-06
929.6	4.148e-06
929.8	4.2781e-06
930.0	4.4123e-06
930.2	4.5784e-06
930.4	4.7681e-06
930.6	4.9656e-06
930.8	5.1714e-06
931.0	5.3856e-06
931.2	5.6088e-06
931.4	5.8412e-06
931.6	6.0832e-06
931.8	6.3352e-06
932.0	6.5977e-06
932.2	6.8854e-06
932.4	7.1887e-06
932.6	7.5052e-06
932.8	7.8358e-06
933.0	8.1809e-06
933.2	8.5412e-06
933.4	8.9173e-06
933.6	9.31e-06
933.8	9.72e-06
934.0	1.0152e-05
934.2	1.0688e-05
934.4	1.1252e-05
934.6	1.1845e-05
934.8	1.247e-05
935.0	1.3128e-05
935.2	1.382e-05
935.4	1.4549e-05
935.6	1.5317e-05
935.8	1.65e-05
936.0	1.7179e-05
936.2	1.8276e-05
936.4	1.9319e-05
936.6	2.1082e-05
936.8	2.2753e-05
937.0	2.4166e-05
937.2	2.6013e-05
937.4	2.8428e-05
937.6	2.9972e-05
937.8	3.1689e-05
938.0	3.5146e-05
938.2	3.7313e-05
938.4	4.0776e-05
938.6	4.4651e-05
938.8	4.8832e-05
939.0	5.3368e-05
939.2	5.8458e-05
939.4	6.3907e-05
939.6	6.9798e-05
939.8	7.9534e-05
940.0	8.7144e-05
940.2	9.8311e-05
940.4	1.1001e-04
940.6	1.2372e-04
940.8	1.3996e-04
941.0	1.5824e-04
941.2	1.8323e-04
941.4	2.111e-04
941.6	2.4572e-04
941.8	2.8349e-04
942.0	3.3777e-04
942.2	4.0248e-04
942.4	4.8343e-04
942.6	5.8976e-04
942.8	7.2234e-04
943.0	8.9556e-04
943.2	0.00111
943.4	0.00138
943.6	0.00171
943.8	0.00204
944.0	0.00234
944.2	0.00252
944.4	0.00251
944.6	0.00235
944.8	0.00208
945.0	0.0018
945.2	0.00154
945.4	0.00131
945.6	0.00112
945.8	9.5806e-04
946.0	8.2322e-04
946.2	7.204e-04
946.4	6.3409e-04
946.6	5.6357e-04
946.8	5.0549e-04
947.0	4.5533e-04
947.2	4.1387e-04
947.4	3.7872e-04
947.6	3.491e-04
947.8	3.2465e-04
948.0	3.028e-04
948.2	2.8384e-04
948.4	2.6696e-04
948.6	2.5168e-04
948.8	2.393e-04
949.0	2.2764e-04
949.2	2.1657e-04
949.4	2.0764e-04
949.6	1.9973e-04
949.8	1.9191e-04
950.0	1.8514e-04
950.2	1.7954e-04
950.4	1.7472e-04
950.6	1.7015e-04
950.8	1.6562e-04
951.0	1.6164e-04
951.2	1.5811e-04
951.4	1.5549e-04
951.6	1.5262e-04
951.8	1.4897e-04
952.0	1.4758e-04
952.2	1.4721e-04
952.4	1.446e-04
952.6	1.4257e-04
952.8	1.4136e-04
953.0	1.4129e-04
953.2	1.4148e-04
953.4	1.4118e-04
953.6	1.4063e-04
953.8	1.3983e-04
954.0	1.393e-04
954.2	1.392e-04
954.4	1.4022e-04
954.6	1.4082e-04
954.8	1.4117e-04
955.0	1.4416e-04
955.2	1.4546e-04
955.4	1.4678e-04
955.6	1.4811e-04
955.8	1.4945e-04
956.0	1.5083e-04
956.2	1.5224e-04
956.4	1.5367e-04
956.6	1.5568e-04
956.8	1.5791e-04
957.0	1.6017e-04
957.2	1.6302e-04
957.4	1.6599e-04
957.6	1.6904e-04
957.8	1.73e-04
958.0	1.7704e-04
958.2	1.8122e-04
958.4	1.8566e-04
958.6	1.9019e-04
958.8	1.9488e-04
959.0	1.9973e-04
959.2	2.047e-04
959.4	2.1006e-04
959.6	2.1583e-04
959.8	2.2175e-04
960.0	2.2884e-04
960.2	2.3672e-04
960.4	2.4487e-04
960.6	2.5281e-04
960.8	2.6089e-04
961.0	2.6922e-04
961.2	2.7872e-04
961.4	2.886e-04
961.6	2.989e-04
961.8	3.1015e-04
962.0	3.2183e-04
962.2	3.3391e-04
962.4	3.4635e-04
962.6	3.5926e-04
962.8	3.7253e-04
963.0	3.8609e-04
963.2	4.0016e-04
963.4	4.1571e-04
963.6	4.327e-04
963.8	4.5038e-04
964.0	4.6842e-04
964.2	4.87e-04
964.4	5.0633e-04
964.6	5.2512e-04
964.8	5.4438e-04
965.0	5.6434e-04
965.2	5.8392e-04
965.4	6.0417e-04
965.6	6.2513e-04
965.8	6.4682e-04
966.0	6.6837e-04
966.2	6.8927e-04
966.4	7.1082e-04
966.6	7.2929e-04
966.8	7.4805e-04
967.0	7.6626e-04
967.2	7.8389e-04
967.4	8.0165e-04
967.6	8.1624e-04
967.8	8.311e-04
968.0	8.424e-04
968.2	8.5158e-04
968.4	8.6006e-04
968.6	8.6514e-04
968.8	8.7026e-04
969.0	8.7431e-04
969.2	8.7801e-04
969.4	8.8043e-04
969.6	8.799e-04
969.8	8.7936e-04
970.0	8.7459e-04
970.2	8.6919e-04
970.4	8.6265e-04
970.6	8.546e-04
970.8	8.4662e-04
971.0	8.3949e-04
971.2	8.3244e-04
971.4	8.2337e-04
971.6	8.1265e-04
971.8	8.0192e-04
972.0	7.8985e-04
972.2	7.7797e-04
972.4	7.6747e-04
972.6	7.5773e-04
972.8	7.4832e-04
973.0	7.3976e-04
973.2	7.3129e-04
973.4	7.2184e-04
973.6	7.122e-04
973.8	7.0286e-04
974.0	6.9393e-04
974.2	6.8512e-04
974.4	6.778e-04
974.6	6.7072e-04
974.8	6.6312e-04
975.0	6.5494e-04
975.2	6.5017e-04
975.4	6.4544e-04
975.6	6.4075e-04
975.8	6.3609e-04
976.0	6.3118e-04
976.2	6.2609e-04
976.4	6.2105e-04
976.6	6.1856e-04
976.8	6.17e-04
977.0	6.1545e-04
977.2	6.1399e-04
977.4	6.1255e-04
977.6	6.1111e-04
977.8	6.0976e-04
978.0	6.084e-04
978.2	6.0736e-04
978.4	6.0766e-04
978.6	6.0796e-04
978.8	6.089e-04
979.0	6.1105e-04
979.2	6.1321e-04
979.4	6.1589e-04
979.6	6.1912e-04
979.8	6.2237e-04
980.0	6.2626e-04
980.2	6.3051e-04
980.4	6.3479e-04
980.6	6.3984e-04
980.8	6.451e-04
981.0	6.504e-04
981.2	6.5745e-04
981.4	6.6464e-04
981.6	6.721e-04
981.8	6.8114e-04
982.0	6.9031e-04
982.2	7.0005e-04
982.4	7.1112e-04
982.6	7.2237e-04
982.8	7.3396e-04
983.0	7.4595e-04
983.2	7.5813e-04
983.4	7.7106e-04
983.6	7.8462e-04
983.8	7.9842e-04
984.0	8.1575e-04
984.2	8.3466e-04
984.4	8.5402e-04
984.6	8.7318e-04
984.8	8.927e-04
985.0	9.1225e-04
985.2	9.164e-04
985.4	9.2056e-04
985.6	9.2475e-04
985.8	9.3989e-04
986.0	9.6275e-04
986.2	9.8057e-04
986.4	0.00101
986.6	0.00104
986.8	0.00108
987.0	0.00112
987.2	0.00115
987.4	0.00119
987.6	0.00123
987.8	0.00128
988.0	0.00133
988.2	0.00137
988.4	0.00143
988.6	0.00148
988.8	0.00154
989.0	0.00159
989.2	0.00167
989.4	0.00174
989.6	0.00181
989.8	0.0019
990.0	0.00199
990.2	0.00208
990.4	0.00216
990.6	0.00228
990.8	0.00238
991.0	0.00247
991.2	0.00262
991.4	0.00276
991.6	0.00292
991.8	0.00307
992.0	0.00323
992.2	0.00341
992.4	0.00362
992.6	0.00384
992.8	0.00408
993.0	0.0043
993.2	0.00452
993.4	0.00482
993.6	0.00516
993.8	0.00549
994.0	0.00582
994.2	0.0062
994.4	0.00662
994.6	0.00704
994.8	0.00754
995.0	0.00804
995.2	0.00852
995.4	0.00903
995.6	0.00957
995.8	0.01004
996.0	0.01068
996.2	0.01133
996.4	0.01203
996.6	0.01273
996.8	0.01343
997.0	0.01406
997.2	0.01471
997.4	0.0154
997.6	0.01607
997.8	0.01645
998.0	0.01681
998.2	0.01734
998.4	0.01768
998.6	0.01778
998.8	0.01794
999.0	0.01807
999.2	0.01807
999.4	0.01795
999.6	0.01785
999.8	0.01766
1000.0	0.01727
1000.2	0.01691
1000.4	0.01659
1000.6	0.01623
1000.8	0.01572
1001.0	0.01534
1001.2	0.01494
1001.4	0.01449
1001.6	0.01409
1001.8	0.01372
1002.0	0.01335
1002.2	0.01296
1002.4	0.01254
1002.6	0.01223
1002.8	0.0119
1003.0	0.01158
1003.2	0.01123
1003.4	0.01099
1003.6	0.0107
1003.8	0.01048
1004.0	0.01019
1004.2	0.00995
1004.4	0.00986
1004.6	0.00965
1004.8	0.00945
1005.0	0.00929
1005.2	0.00957
1005.4	0.00939
1005.6	0.00923
1005.8	0.00911
1006.0	0.00897
1006.2	0.00885
1006.4	0.00874
1006.6	0.00864
1006.8	0.00856
1007.0	0.00845
1007.2	0.00836
1007.4	0.00831
1007.6	0.00826
1007.8	0.00822
1008.0	0.00815
1008.2	0.00816
1008.4	0.00814
1008.6	0.0081
1008.8	0.00807
1009.0	0.0081
1009.2	0.00806
1009.4	0.00809
1009.6	0.00809
1009.8	0.00816
1010.0	0.00814
1010.2	0.00814
1010.4	0.00824
1010.6	0.00825
1010.8	0.00838
1011.0	0.00842
1011.2	0.00848
1011.4	0.00854
1011.6	0.00864
1011.8	0.00869
1012.0	0.00883
1012.2	0.00892
1012.4	0.00901
1012.6	0.00915
1012.8	0.00929
1013.0	0.00941
1013.2	0.00957
1013.4	0.00974
1013.6	0.0099
1013.8	0.0101
1014.0	0.01029
1014.2	0.01043
1014.4	0.01074
1014.6	0.01093
1014.8	0.01117
1015.0	0.01148
1015.2	0.01172
1015.4	0.01205
1015.6	0.01228
1015.8	0.01258
1016.0	0.01293
1016.2	0.01327
1016.4	0.01364
1016.6	0.01404
1016.8	0.01448
1017.0	0.01493
1017.2	0.01537
1017.4	0.01588
1017.6	0.01645
1017.8	0.01703
1018.0	0.01759
1018.2	0.01822
1018.4	0.01885
1018.6	0.01956
1018.8	0.02035
1019.0	0.02116
1019.2	0.02196
1019.4	0.02287
1019.6	0.02384
1019.8	0.02493
1020.0	0.02595
1020.2	0.02711
1020.4	0.02835
1020.6	0.02969
1020.8	0.03115
1021.0	0.03269
1021.2	0.03425
1021.4	0.03602
1021.6	0.03785
1021.8	0.04002
1022.0	0.04221
1022.2	0.04433
1022.4	0.04694
1022.6	0.04965
1022.8	0.05291
1023.0	0.05587
1023.2	0.05924
1023.4	0.06313
1023.6	0.06716
1023.8	0.07163
1024.0	0.0761
1024.2	0.08144
1024.4	0.08737
1024.6	0.09355
1024.8	0.10024
1025.0	0.10489
1025.2	0.10968
1025.4	0.11822
1025.6	0.12736
1025.8	0.13676
1026.0	0.147
1026.2	0.15974
1026.4	0.17299
1026.6	0.18641
1026.8	0.20157
1027.0	0.21794
1027.2	0.23648
1027.4	0.25579
1027.6	0.27627
1027.8	0.299
1028.0	0.32262
1028.2	0.34816
1028.4	0.37464
1028.6	0.40234
1028.8	0.42967
1029.0	0.45685
1029.2	0.48548
1029.4	0.51278
1029.6	0.53771
1029.8	0.56132
1030.0	0.58141
1030.2	0.60039
1030.4	0.61437
1030.6	0.62475
1030.8	0.6322
1031.0	0.63571
1031.2	0.63685
1031.4	0.63247
1031.6	0.62679
1031.8	0.61893
1032.0	0.60882
1032.2	0.59759
1032.4	0.58402
1032.6	0.5718
1032.8	0.55857
1033.0	0.5443
1033.2	0.53208
1033.4	0.51827
1033.6	0.50469
1033.8	0.49212
1034.0	0.48141
1034.2	0.47121
1034.4	0.45935
1034.6	0.4499
1034.8	0.44032
1035.0	0.43188
1035.2	0.42409
1035.4	0.41656
1035.6	0.41042
1035.8	0.40379
1036.0	0.39778
1036.2	0.39402
1036.4	0.38935
1036.6	0.38493
1036.8	0.38173
1037.0	0.37908
1037.2	0.37699
1037.4	0.37481
1037.6	0.37425
1037.8	0.37263
1038.0	0.3717
1038.2	0.37193
1038.4	0.37201
1038.6	0.37274
1038.8	0.37316
1039.0	0.37476
1039.2	0.37646
1039.4	0.37784
1039.6	0.38123
1039.8	0.38427
1040.0	0.38683
1040.2	0.39073
1040.4	0.39399
1040.6	0.39811
1040.8	0.40269
1041.0	0.40736
1041.2	0.41255
1041.4	0.41769
1041.6	0.42406
1041.8	0.42969
1042.0	0.4361
1042.2	0.44285
1042.4	0.44942
1042.6	0.45681
1042.8	0.46354
1043.0	0.47108
1043.2	0.47921
1043.4	0.48648
1043.6	0.49506
1043.8	0.5024
1044.0	0.5103
1044.2	0.51879
1044.4	0.52659
1044.6	0.5351
1044.8	0.54334
1045.0	0.55166
1045.2	0.55967
1045.4	0.56712
1045.6	0.57524
1045.8	0.58271
1046.0	0.58925
1046.2	0.59501
1046.4	0.60102
1046.6	0.60673
1046.8	0.61102
1047.0	0.61691
1047.2	0.62095
1047.4	0.6233
1047.6	0.62638
1047.8	0.62837
1048.0	0.63111
1048.2	0.63215
1048.4	0.63367
1048.6	0.63289
1048.8	0.63159
1049.0	0.63133
1049.2	0.63009
1049.4	0.62777
1049.6	0.62606
1049.8	0.62337
1050.0	0.61914
1050.2	0.61495
1050.4	0.61183
1050.6	0.60687
1050.8	0.60493
1051.0	0.60039
1051.2	0.59466
1051.4	0.58964
1051.6	0.58463
1051.8	0.58009
1052.0	0.57545
1052.2	0.57227
1052.4	0.56626
1052.6	0.56107
1052.8	0.55662
1053.0	0.55086
1053.2	0.54712
1053.4	0.54321
1053.6	0.53928
1053.8	0.53435
1054.0	0.53137
1054.2	0.52766
1054.4	0.52314
1054.6	0.52121
1054.8	0.51778
1055.0	0.51521
1055.2	0.51305
1055.4	0.5105
1055.6	0.5077
1055.8	0.50541
1056.0	0.50458
1056.2	0.50337
1056.4	0.50257
1056.6	0.50217
1056.8	0.50048
1057.0	0.50012
1057.2	0.49975
1057.4	0.49973
1057.6	0.50073
1057.8	0.50149
1058.0	0.50325
1058.2	0.50376
1058.4	0.5055
1058.6	0.50639
1058.8	0.50874
1059.0	0.51092
1059.2	0.51296
1059.4	0.51691
1059.6	0.51929
1059.8	0.52255
1060.0	0.52605
1060.2	0.5294
1060.4	0.53354
1060.6	0.538
1060.8	0.54346
1061.0	0.54786
1061.2	0.55441
1061.4	0.55857
1061.6	0.56359
1061.8	0.56929
1062.0	0.5743
1062.2	0.58202
1062.4	0.5876
1062.6	0.5954
1062.8	0.601
1063.0	0.608
1063.2	0.61474
1063.4	0.62139
1063.6	0.63016
1063.8	0.63592
1064.0	0.64513
1064.2	0.65202
1064.4	0.65909
1064.6	0.66529
1064.8	0.67278
1065.0	0.68208
1065.2	0.69225
1065.4	0.69697
1065.6	0.70505
1065.8	0.70918
1066.0	0.71503
1066.2	0.72161
1066.4	0.72785
1066.6	0.73086
1066.8	0.73558
1067.0	0.7387
1067.2	0.74199
1067.4	0.74448
1067.6	0.74679
1067.8	0.74784
1068.0	0.74912
1068.2	0.75068
1068.4	0.74838
1068.6	0.74745
1068.8	0.74627
1069.0	0.74263
1069.2	0.73934
1069.4	0.73543
1069.6	0.7311
1069.8	0.72732
1070.0	0.7218
1070.2	0.715
1070.4	0.70966
1070.6	0.70083
1070.8	0.69442
1071.0	0.68647
1071.2	0.6777
1071.4	0.67112
1071.6	0.66192
1071.8	0.65399
1072.0	0.64471
1072.2	0.63604
1072.4	0.62546
1072.6	0.61723
1072.8	0.60669
1073.0	0.59782
1073.2	0.58938
1073.4	0.57966
1073.6	0.57111
1073.8	0.56248
1074.0	0.5537
1074.2	0.54497
1074.4	0.53632
1074.6	0.52649
1074.8	0.51905
1075.0	0.51146
1075.2	0.50349
1075.4	0.49627
1075.6	0.48868
1075.8	0.48286
1076.0	0.47507
1076.2	0.46858
1076.4	0.46267
1076.6	0.45543
1076.8	0.44927
1077.0	0.4424
1077.2	0.43799
1077.4	0.43237
1077.6	0.42738
1077.8	0.42173
1078.0	0.41721
1078.2	0.41283
1078.4	0.40892
1078.6	0.40508
1078.8	0.39961
1079.0	0.39616
1079.2	0.3934
1079.4	0.39061
1079.6	0.38709
1079.8	0.38441
1080.0	0.38119
1080.2	0.37881
1080.4	0.37697
1080.6	0.37367
1080.8	0.37297
1081.0	0.37027
1081.2	0.36822
1081.4	0.36769
1081.6	0.36508
1081.8	0.36404
1082.0	0.36362
1082.2	0.36345
1082.4	0.36237
1082.6	0.36154
1082.8	0.36088
1083.0	0.36122
1083.2	0.36091
1083.4	0.36149
1083.6	0.36174
1083.8	0.36136
1084.0	0.36242
1084.2	0.36316
1084.4	0.3639
1084.6	0.36532
1084.8	0.36634
1085.0	0.36778
1085.2	0.36941
1085.4	0.37034
1085.6	0.37341
1085.8	0.37528
1086.0	0.37682
1086.2	0.38006
1086.4	0.38251
1086.6	0.38559
1086.8	0.38801
1087.0	0.39046
1087.2	0.39506
1087.4	0.39763
1087.6	0.40154
1087.8	0.40482
1088.0	0.40862
1088.2	0.41343
1088.4	0.41642
1088.6	0.42109
1088.8	0.42634
1089.0	0.43175
1089.2	0.43672
1089.4	0.44152
1089.6	0.44708
1089.8	0.45395
1090.0	0.45918
1090.2	0.46481
1090.4	0.47427
1090.6	0.47855
1090.8	0.48638
1091.0	0.49257
1091.2	0.50043
1091.4	0.50804
1091.6	0.51482
1091.8	0.52158
1092.0	0.52858
1092.2	0.53591
1092.4	0.54538
1092.6	0.55017
1092.8	0.558
1093.0	0.56636
1093.2	0.57344
1093.4	0.58269
1093.6	0.58925
1093.8	0.59925
1094.0	0.60529
1094.2	0.61599
1094.4	0.62492
1094.6	0.63229
1094.8	0.64145
1095.0	0.64822
1095.2	0.65503
1095.4	0.66374
1095.6	0.67071
1095.8	0.67684
1096.0	0.68341
1096.2	0.6886
1096.4	0.69672
1096.6	0.70113
1096.8	0.7075
1097.0	0.71111
1097.2	0.71646
1097.4	0.71978
1097.6	0.72486
1097.8	0.72668
1098.0	0.73112
1098.2	0.73248
1098.4	0.7348
1098.6	0.73771
1098.8	0.73779
1099.0	0.73828
1099.2	0.73937
1099.4	0.73844
1099.6	0.73653
1099.8	0.73943
1100.0	0.73309
1100.2	0.73494
1100.4	0.73121
1100.6	0.72674
1100.8	0.72508
1101.0	0.72
1101.2	0.71843
1101.4	0.7092
1101.6	0.70695
1101.8	0.70089
1102.0	0.69764
1102.2	0.69317
1102.4	0.68583
1102.6	0.67984
1102.8	0.67396
1103.0	0.66795
1103.2	0.65994
1103.4	0.65807
1103.6	0.64826
1103.8	0.6447
1104.0	0.63737
1104.2	0.63336
1104.4	0.62778
1104.6	0.62229
1104.8	0.61508
1105.0	0.60918
1105.2	0.60474
1105.4	0.59613
1105.6	0.59398
1105.8	0.58906
1106.0	0.57975
1106.2	0.57639
1106.4	0.57102
1106.6	0.56409
1106.8	0.55807
1107.0	0.5554
1107.2	0.54919
1107.4	0.545
1107.6	0.53952
1107.8	0.53562
1108.0	0.53101
1108.2	0.52532
1108.4	0.52343
1108.6	0.51861
1108.8	0.5155
1109.0	0.5111
1109.2	0.50961
1109.4	0.50536
1109.6	0.50206
1109.8	0.49892
1110.0	0.49561
1110.2	0.49246
1110.4	0.49177
1110.6	0.4883
1110.8	0.48721
1111.0	0.4844
1111.2	0.48104
1111.4	0.48189
1111.6	0.4784
1111.8	0.47548
1112.0	0.47634
1112.2	0.47424
1112.4	0.47371
1112.6	0.47219
1112.8	0.46824
1113.0	0.46939
1113.2	0.46815
1113.4	0.46732
1113.6	0.46845
1113.8	0.46582
1114.0	0.46598
1114.2	0.46494
1114.4	0.46539
1114.6	0.46485
1114.8	0.46279
1115.0	0.4649
1115.2	0.4632
1115.4	0.46538
1115.6	0.4636
1115.8	0.46429
1116.0	0.4644
1116.2	0.46345
1116.4	0.46496
1116.6	0.46586
1116.8	0.46675
1117.0	0.46779
1117.2	0.46807
1117.4	0.46819
1117.6	0.46967
1117.8	0.46929
1118.0	0.46925
1118.2	0.47187
1118.4	0.47144
1118.6	0.4729
1118.8	0.47411
1119.0	0.4748
1119.2	0.4748
1119.4	0.47605
1119.6	0.47737
1119.8	0.477
1120.0	0.47758
1120.2	0.4792
1120.4	0.48013
1120.6	0.48131
1120.8	0.48029
1121.0	0.47999
1121.2	0.4808
1121.4	0.4816
1121.6	0.48241
1121.8	0.48321
1122.0	0.48401
1122.2	0.48438
1122.4	0.48475
1122.6	0.48512
1122.8	0.48549
1123.0	0.48584
1123.2	0.48548
1123.4	0.48511
1123.6	0.48475
1123.8	0.48439
1124.0	0.484
1124.2	0.48313
1124.4	0.48226
1124.6	0.4814
1124.8	0.48054
1125.0	0.47967
1125.2	0.47834
1125.4	0.47702
1125.6	0.4757
1125.8	0.47438
1126.0	0.47306
1126.2	0.47154
1126.4	0.47001
1126.6	0.46849
1126.8	0.46698
1127.0	0.46544
1127.2	0.46331
1127.4	0.46118
1127.6	0.45907
1127.8	0.45697
1128.0	0.45487
1128.2	0.45232
1128.4	0.4498
1128.6	0.44729
1128.8	0.44479
1129.0	0.44229
1129.2	0.43953
1129.4	0.43679
1129.6	0.43406
1129.8	0.43135
1130.0	0.42864
1130.2	0.42577
1130.4	0.42291
1130.6	0.42008
1130.8	0.41726
1131.0	0.41446
1131.2	0.4115
1131.4	0.40855
1131.6	0.40563
1131.8	0.40272
1132.0	0.39984
1132.2	0.39696
1132.4	0.3941
1132.6	0.39127
1132.8	0.38845
1133.0	0.38566
1133.2	0.38289
1133.4	0.38015
1133.6	0.37742
1133.8	0.37472
1134.0	0.37205
1134.2	0.36994
1134.4	0.36784
1134.6	0.36575
1134.8	0.36367
1135.0	0.3616
1135.2	0.35942
1135.4	0.35724
1135.6	0.35509
1135.8	0.35294
1136.0	0.35081
1136.2	0.34865
1136.4	0.34651
1136.6	0.34438
1136.8	0.34226
1137.0	0.34018
1137.2	0.33885
1137.4	0.33753
1137.6	0.33621
1137.8	0.3349
1138.0	0.33359
1138.2	0.33223
1138.4	0.33088
1138.6	0.32953
1138.8	0.32819
1139.0	0.32686
1139.2	0.32612
1139.4	0.32539
1139.6	0.32465
1139.8	0.32392
1140.0	0.32319
1140.2	0.32266
1140.4	0.32213
1140.6	0.32159
1140.8	0.32106
1141.0	0.32054
1141.2	0.32112
1141.4	0.32169
1141.6	0.32227
1141.8	0.32285
1142.0	0.32342
1142.2	0.32386
1142.4	0.3243
1142.6	0.32475
1142.8	0.32519
1143.0	0.32565
1143.2	0.32649
1143.4	0.32735
1143.6	0.3282
1143.8	0.32905
1144.0	0.3299
1144.2	0.33022
1144.4	0.33054
1144.6	0.33086
1144.8	0.33118
1145.0	0.33155
1145.2	0.33305
1145.4	0.33455
1145.6	0.33606
1145.8	0.33758
1146.0	0.33912
1146.2	0.34165
1146.4	0.34419
1146.6	0.34676
1146.8	0.34934
1147.0	0.35195
1147.2	0.35479
1147.4	0.35766
1147.6	0.36055
1147.8	0.36346
1148.0	0.36639
1148.2	0.36958
1148.4	0.3728
1148.6	0.37604
1148.8	0.37932
1149.0	0.38262
1149.2	0.38607
1149.4	0.38954
1149.6	0.39305
1149.8	0.39658
1150.0	0.40017
1150.2	0.40409
1150.4	0.40804
1150.6	0.41204
1150.8	0.41607
1151.0	0.42017
1151.2	0.42558
1151.4	0.43106
1151.6	0.4366
1151.8	0.44222
1152.0	0.44791
1152.2	0.45372
1152.4	0.45961
1152.6	0.46558
1152.8	0.47162
1153.0	0.47774
1153.2	0.48387
1153.4	0.49009
1153.6	0.49638
1153.8	0.50275
1154.0	0.50922
1154.2	0.51616
1154.4	0.52318
1154.6	0.53031
1154.8	0.53753
1155.0	0.54485
1155.2	0.55299
1155.4	0.56124
1155.6	0.56962
1155.8	0.57812
1156.0	0.58676
1156.2	0.59568
1156.4	0.60473
1156.6	0.61392
1156.8	0.62325
1157.0	0.63266
1157.2	0.64105
1157.4	0.64956
1157.6	0.65817
1157.8	0.6669
1158.0	0.67575
1158.2	0.68504
1158.4	0.69446
1158.6	0.70401
1158.8	0.71369
1159.0	0.72348
1159.2	0.73294
1159.4	0.74252
1159.6	0.75222
1159.8	0.76205
1160.0	0.77198
1160.2	0.78093
1160.4	0.78999
1160.6	0.79915
1160.8	0.80842
1161.0	0.81773
1161.2	0.82523
1161.4	0.83279
1161.6	0.84043
1161.8	0.84813
1162.0	0.8559
1162.2	0.86306
1162.4	0.87027
1162.6	0.87755
1162.8	0.88488
1163.0	0.89222
1163.2	0.89737
1163.4	0.90254
1163.6	0.90775
1163.8	0.91298
1164.0	0.91816
1164.2	0.92142
1164.4	0.9247
1164.6	0.92799
1164.8	0.93128
1165.0	0.93457
1165.2	0.93612
1165.4	0.93768
1165.6	0.93924
1165.8	0.9408
1166.0	0.9423
1166.2	0.94191
1166.4	0.94153
1166.6	0.94114
1166.8	0.94076
1167.0	0.94036
1167.2	0.93874
1167.4	0.93713
1167.6	0.93551
1167.8	0.9339
1168.0	0.93226
1168.2	0.9291
1168.4	0.92595
1168.6	0.92281
1168.8	0.91968
1169.0	0.91652
1169.2	0.91257
1169.4	0.90863
1169.6	0.90471
1169.8	0.90081
1170.0	0.89692
1170.2	0.89265
1170.4	0.88841
1170.6	0.88419
1170.8	0.87998
1171.0	0.87578
1171.2	0.87113
1171.4	0.8665
1171.6	0.86189
1171.8	0.85731
1172.0	0.85277
1172.2	0.8486
1172.4	0.84444
1172.6	0.84031
1172.8	0.8362
1173.0	0.8321
1173.2	0.82763
1173.4	0.82318
1173.6	0.81875
1173.8	0.81435
1174.0	0.81
1174.2	0.80663
1174.4	0.80327
1174.6	0.79993
1174.8	0.7966
1175.0	0.79328
1175.2	0.78973
1175.4	0.78621
1175.6	0.7827
1175.8	0.77921
1176.0	0.77574
1176.2	0.7733
1176.4	0.77086
1176.6	0.76844
1176.8	0.76602
1177.0	0.7636
1177.2	0.76123
1177.4	0.75887
1177.6	0.75651
1177.8	0.75416
1178.0	0.75185
1178.2	0.75018
1178.4	0.74851
1178.6	0.74685
1178.8	0.74519
1179.0	0.74354
1179.2	0.7427
1179.4	0.74186
1179.6	0.74103
1179.8	0.74019
1180.0	0.73936
1180.2	0.73862
1180.4	0.73787
1180.6	0.73713
1180.8	0.73639
1181.0	0.73569
1181.2	0.73601
1181.4	0.73632
1181.6	0.73664
1181.8	0.73696
1182.0	0.73728
1182.2	0.73731
1182.4	0.73735
1182.6	0.73739
1182.8	0.73743
1183.0	0.73748
1183.2	0.73868
1183.4	0.73988
1183.6	0.74108
1183.8	0.74228
1184.0	0.74349
1184.2	0.74447
1184.4	0.74546
1184.6	0.74645
1184.8	0.74744
1185.0	0.74845
1185.2	0.75016
1185.4	0.75188
1185.6	0.7536
1185.8	0.75533
1186.0	0.75705
1186.2	0.75871
1186.4	0.76038
1186.6	0.76205
1186.8	0.76372
1187.0	0.7654
1187.2	0.76724
1187.4	0.76908
1187.6	0.77093
1187.8	0.77278
1188.0	0.77463
1188.2	0.77659
1188.4	0.77856
1188.6	0.78053
1188.8	0.7825
1189.0	0.78448
1189.2	0.7863
1189.4	0.78813
1189.6	0.78997
1189.8	0.79181
1190.0	0.79365
1190.2	0.79564
1190.4	0.79764
1190.6	0.79964
1190.8	0.80164
1191.0	0.80363
1191.2	0.80495
1191.4	0.80627
1191.6	0.80759
1191.8	0.80892
1192.0	0.81025
1192.2	0.81166
1192.4	0.81306
1192.6	0.81447
1192.8	0.81589
1193.0	0.81729
1193.2	0.81824
1193.4	0.81919
1193.6	0.82014
1193.8	0.82109
1194.0	0.82204
1194.2	0.82269
1194.4	0.82334
1194.6	0.824
1194.8	0.82465
1195.0	0.82529
1195.2	0.82538
1195.4	0.82546
1195.6	0.82555
1195.8	0.82564
1196.0	0.82573
1196.2	0.82589
1196.4	0.82606
1196.6	0.82622
1196.8	0.82639
1197.0	0.82653
1197.2	0.82574
1197.4	0.82495
1197.6	0.82416
1197.8	0.82338
1198.0	0.82258
1198.2	0.82157
1198.4	0.82056
1198.6	0.81955
1198.8	0.81854
1199.0	0.81754
1199.2	0.81684
1199.4	0.81614
1199.6	0.81544
1199.8	0.81474
1200.0	0.81404
