Typical Measured Spectrum of Semrock FF01-446/523/600/677 Optical Filter	
For wavelengths between 320 and 1120 nm, values near or below 3e-7 (Optical Density 6.5) are measurement noise limited.
For wavelengths < 320 nm and > 1120 nm, values near or below 3e-6 (Optical Density 5.5) are measurement noise limited. 
Data format:  Wavelength (nm) <tab> Transmission (0 to 1)
270.0	1.0923e-05
270.2	9.0759e-06
270.4	7.5412e-06
270.6	6.2659e-06
270.8	5.2063e-06
271.0	4.3259e-06
271.2	3.5944e-06
271.4	2.9865e-06
271.6	2.4815e-06
271.8	2.0619e-06
272.0	1.7132e-06
272.2	1.4235e-06
272.4	1.1828e-06
272.6	9.8276e-07
272.8	8.1657e-07
273.0	6.7848e-07
273.2	5.6375e-07
273.4	4.6841e-07
273.6	3.892e-07
273.8	3.2339e-07
274.0	2.687e-07
274.2	5.1293e-07
274.4	1.0685e-06
274.6	2.2258e-06
274.8	4.6366e-06
275.0	9.6585e-06
275.2	7.9609e-06
275.4	6.5618e-06
275.6	5.4085e-06
275.8	4.4579e-06
276.0	3.6744e-06
276.2	3.0286e-06
276.4	2.4963e-06
276.6	2.0575e-06
276.8	1.6959e-06
277.0	1.3978e-06
277.2	1.1522e-06
277.4	9.4967e-07
277.6	7.8275e-07
277.8	6.4518e-07
278.0	6.1249e-07
278.2	6.0439e-07
278.4	5.9641e-07
278.6	5.8852e-07
278.8	5.8075e-07
279.0	5.7307e-07
279.2	5.655e-07
279.4	5.5802e-07
279.6	5.5065e-07
279.8	5.4337e-07
280.0	5.3619e-07
280.2	5.291e-07
280.4	5.2211e-07
280.6	5.1521e-07
280.8	5.084e-07
281.0	5.0168e-07
281.2	4.9505e-07
281.4	4.8851e-07
281.6	4.8205e-07
281.8	4.7568e-07
282.0	4.694e-07
282.2	4.6319e-07
282.4	4.5707e-07
282.6	4.3418e-07
282.8	3.9406e-07
283.0	3.5764e-07
283.2	3.2458e-07
283.4	2.9459e-07
283.6	2.6736e-07
283.8	2.4265e-07
284.0	2.2023e-07
284.2	1.9987e-07
284.4	1.814e-07
284.6	1.6463e-07
284.8	1.4942e-07
285.0	1.3561e-07
285.2	1.3355e-07
285.4	1.3152e-07
285.6	1.2952e-07
285.8	1.2756e-07
286.0	1.2562e-07
286.2	1.2371e-07
286.4	1.2183e-07
286.6	1.1998e-07
286.8	1.1816e-07
287.0	1.1636e-07
287.2	1.146e-07
287.4	1.1285e-07
287.6	1.1114e-07
287.8	1.0945e-07
288.0	1.2581e-07
288.2	1.4726e-07
288.4	1.7237e-07
288.6	2.0176e-07
288.8	2.3616e-07
289.0	2.7642e-07
289.2	3.2355e-07
289.4	3.7871e-07
289.6	4.4328e-07
289.8	5.1886e-07
290.0	6.0732e-07
290.2	7.1087e-07
290.4	8.3207e-07
290.6	9.7393e-07
290.8	1.14e-06
291.0	1.3344e-06
291.2	1.5619e-06
291.4	1.8281e-06
291.6	2.1398e-06
291.8	2.5047e-06
292.0	2.9317e-06
292.2	3.4316e-06
292.4	4.0166e-06
292.6	3.8969e-06
292.8	3.2911e-06
293.0	2.7794e-06
293.2	2.3473e-06
293.4	1.9824e-06
293.6	1.6742e-06
293.8	1.4139e-06
294.0	1.1941e-06
294.2	1.0085e-06
294.4	8.5168e-07
294.6	7.1927e-07
294.8	6.0745e-07
295.0	5.1301e-07
295.2	5.4429e-07
295.4	5.7749e-07
295.6	6.1271e-07
295.8	6.3634e-07
296.0	6.5704e-07
296.2	6.7841e-07
296.4	7.0047e-07
296.6	7.2325e-07
296.8	7.4678e-07
297.0	7.7106e-07
297.2	7.9614e-07
297.4	8.2203e-07
297.6	8.4877e-07
297.8	8.7637e-07
298.0	9.0487e-07
298.2	9.343e-07
298.4	9.6469e-07
298.6	9.9606e-07
298.8	1.0285e-06
299.0	1.0619e-06
299.2	1.0964e-06
299.4	1.1321e-06
299.6	1.1689e-06
299.8	1.2069e-06
300.0	1.2462e-06
300.2	1.2867e-06
300.4	1.2352e-06
300.6	1.0921e-06
300.8	9.6568e-07
301.0	8.5386e-07
301.2	7.5498e-07
301.4	6.6756e-07
301.6	5.9026e-07
301.8	5.2191e-07
302.0	4.6147e-07
302.2	4.0804e-07
302.4	3.6079e-07
302.6	3.1901e-07
302.8	2.8207e-07
303.0	2.4941e-07
303.2	2.2053e-07
303.4	1.9499e-07
303.6	1.7241e-07
303.8	1.5245e-07
304.0	1.3479e-07
304.2	1.1919e-07
304.4	1.0538e-07
304.6	9.3181e-08
304.8	8.2391e-08
305.0	7.3429e-08
305.2	7.1255e-08
305.4	6.9145e-08
305.6	6.7097e-08
305.8	6.5111e-08
306.0	6.3183e-08
306.2	6.1312e-08
306.4	5.9496e-08
306.6	5.7734e-08
306.8	5.6025e-08
307.0	5.5518e-08
307.2	5.9396e-08
307.4	6.3545e-08
307.6	6.7983e-08
307.8	7.2731e-08
308.0	7.7811e-08
308.2	8.3246e-08
308.4	8.9061e-08
308.6	9.5281e-08
308.8	1.0194e-07
309.0	1.0906e-07
309.2	1.1667e-07
309.4	1.2482e-07
309.6	1.3354e-07
309.8	1.4287e-07
310.0	1.5285e-07
310.2	1.6352e-07
310.4	1.7494e-07
310.6	1.8716e-07
310.8	2.0023e-07
311.0	2.1422e-07
311.2	2.2918e-07
311.4	2.4519e-07
311.6	2.6232e-07
311.8	2.474e-07
312.0	2.2973e-07
312.2	2.1332e-07
312.4	1.9809e-07
312.6	1.8394e-07
312.8	1.708e-07
313.0	1.586e-07
313.2	1.4727e-07
313.4	1.3676e-07
313.6	1.2699e-07
313.8	1.1792e-07
314.0	1.095e-07
314.2	1.0168e-07
314.4	9.4413e-08
314.6	8.767e-08
314.8	8.1408e-08
315.0	7.5594e-08
315.2	7.0194e-08
315.4	6.5181e-08
315.6	6.0525e-08
315.8	5.6202e-08
316.0	5.2188e-08
316.2	4.8461e-08
316.4	4.9736e-08
316.6	5.4963e-08
316.8	6.074e-08
317.0	6.7124e-08
317.2	7.418e-08
317.4	8.1976e-08
317.6	9.0592e-08
317.8	1.0011e-07
318.0	1.1064e-07
318.2	1.2227e-07
318.4	1.3512e-07
318.6	1.4932e-07
318.8	1.6501e-07
319.0	1.8236e-07
319.2	2.0152e-07
319.4	2.227e-07
319.6	2.4611e-07
319.8	2.7198e-07
320.0	3.0056e-07
320.2	3.3216e-07
320.4	3.6707e-07
320.6	4.0565e-07
320.8	4.4828e-07
321.0	4.6767e-07
321.2	4.1914e-07
321.4	3.7565e-07
321.6	3.3667e-07
321.8	3.0173e-07
322.0	2.7042e-07
322.2	2.4236e-07
322.4	2.1721e-07
322.6	1.9467e-07
322.8	1.7447e-07
323.0	1.5637e-07
323.2	1.4014e-07
323.4	1.256e-07
323.6	1.1257e-07
323.8	1.0089e-07
324.0	9.0417e-08
324.2	8.1035e-08
324.4	7.2626e-08
324.6	6.509e-08
324.8	5.8336e-08
325.0	5.2283e-08
325.2	4.6857e-08
325.4	4.1995e-08
325.6	3.7638e-08
325.8	3.7153e-08
326.0	3.6728e-08
326.2	3.6308e-08
326.4	3.5893e-08
326.6	3.5483e-08
326.8	3.5078e-08
327.0	3.4677e-08
327.2	3.4281e-08
327.4	3.3889e-08
327.6	3.3501e-08
327.8	3.3119e-08
328.0	3.274e-08
328.2	3.2366e-08
328.4	3.1996e-08
328.6	3.163e-08
328.8	3.1269e-08
329.0	3.0912e-08
329.2	3.0558e-08
329.4	3.0209e-08
329.6	2.9864e-08
329.8	2.9523e-08
330.0	2.9185e-08
330.2	2.8852e-08
330.4	3.0371e-08
330.6	3.2802e-08
330.8	3.5428e-08
331.0	3.8264e-08
331.2	4.1326e-08
331.4	4.4634e-08
331.6	4.8207e-08
331.8	5.2065e-08
332.0	5.6233e-08
332.2	6.0734e-08
332.4	6.5595e-08
332.6	7.0845e-08
332.8	7.6516e-08
333.0	8.264e-08
333.2	8.9255e-08
333.4	9.6399e-08
333.6	1.0411e-07
333.8	1.1245e-07
334.0	1.2145e-07
334.2	1.3117e-07
334.4	1.4167e-07
334.6	1.5301e-07
334.8	1.6526e-07
335.0	1.6742e-07
335.2	1.3518e-07
335.4	1.0915e-07
335.6	8.8129e-08
335.8	7.1158e-08
336.0	5.7456e-08
336.2	4.6391e-08
336.4	3.7458e-08
336.6	3.0245e-08
336.8	2.4421e-08
337.0	2.0911e-08
337.2	2.0747e-08
337.4	2.0585e-08
337.6	2.0425e-08
337.8	2.0265e-08
338.0	2.0107e-08
338.2	1.995e-08
338.4	1.9795e-08
338.6	1.964e-08
338.8	1.9487e-08
339.0	1.9335e-08
339.2	1.9184e-08
339.4	1.9034e-08
339.6	1.8886e-08
339.8	1.8738e-08
340.0	1.8592e-08
340.2	1.8447e-08
340.4	1.8303e-08
340.6	1.816e-08
340.8	1.8018e-08
341.0	1.7878e-08
341.2	1.7738e-08
341.4	1.76e-08
341.6	1.7462e-08
341.8	1.7388e-08
342.0	1.7314e-08
342.2	1.7241e-08
342.4	1.7167e-08
342.6	1.7094e-08
342.8	1.7022e-08
343.0	1.6949e-08
343.2	1.6877e-08
343.4	1.6806e-08
343.6	1.6734e-08
343.8	1.6663e-08
344.0	1.6592e-08
344.2	1.6522e-08
344.4	1.6452e-08
344.6	1.6382e-08
344.8	1.6312e-08
345.0	1.6243e-08
345.2	1.6174e-08
345.4	1.6105e-08
345.6	1.6037e-08
345.8	1.5968e-08
346.0	1.5901e-08
346.2	1.5833e-08
346.4	1.6361e-08
346.6	1.7153e-08
346.8	1.7982e-08
347.0	1.8852e-08
347.2	1.9764e-08
347.4	2.072e-08
347.6	2.1722e-08
347.8	2.2773e-08
348.0	2.3874e-08
348.2	2.5029e-08
348.4	2.6239e-08
348.6	2.7509e-08
348.8	2.8839e-08
349.0	3.0234e-08
349.2	3.1696e-08
349.4	3.3229e-08
349.6	3.4837e-08
349.8	3.6522e-08
350.0	3.8288e-08
350.2	4.0371e-08
350.4	4.2635e-08
350.6	4.5027e-08
350.8	4.7552e-08
351.0	5.022e-08
351.2	5.3037e-08
351.4	5.6012e-08
351.6	5.9154e-08
351.8	6.2472e-08
352.0	6.5976e-08
352.2	6.9677e-08
352.4	7.3585e-08
352.6	7.7713e-08
352.8	7.9998e-08
353.0	7.559e-08
353.2	7.1424e-08
353.4	6.7489e-08
353.6	6.3769e-08
353.8	6.0255e-08
354.0	5.6935e-08
354.2	5.3797e-08
354.4	5.0833e-08
354.6	4.8032e-08
354.8	4.5385e-08
355.0	4.2884e-08
355.2	4.052e-08
355.4	3.8288e-08
355.6	3.9211e-08
355.8	4.1671e-08
356.0	4.4285e-08
356.2	4.7063e-08
356.4	5.0016e-08
356.6	5.3154e-08
356.8	5.6488e-08
357.0	6.0032e-08
357.2	6.3798e-08
357.4	6.7801e-08
357.6	7.2055e-08
357.8	7.6575e-08
358.0	8.1379e-08
358.2	8.6485e-08
358.4	9.191e-08
358.6	9.7677e-08
358.8	1.038e-07
359.0	1.1032e-07
359.2	1.1077e-07
359.4	1.0349e-07
359.6	9.6682e-08
359.8	9.0322e-08
360.0	8.4382e-08
360.2	7.8832e-08
360.4	7.3647e-08
360.6	6.8803e-08
360.8	6.4277e-08
361.0	6.0049e-08
361.2	5.61e-08
361.4	5.241e-08
361.6	4.8963e-08
361.8	4.5742e-08
362.0	4.2734e-08
362.2	3.9923e-08
362.4	3.7297e-08
362.6	3.4844e-08
362.8	3.2991e-08
363.0	3.3014e-08
363.2	3.3038e-08
363.4	3.3061e-08
363.6	3.3084e-08
363.8	3.3107e-08
364.0	3.3131e-08
364.2	3.3154e-08
364.4	3.3177e-08
364.6	3.3201e-08
364.8	3.3224e-08
365.0	3.3247e-08
365.2	3.3271e-08
365.4	3.3294e-08
365.6	3.3238e-08
365.8	3.3141e-08
366.0	3.3045e-08
366.2	3.2949e-08
366.4	3.2853e-08
366.6	3.2757e-08
366.8	3.2662e-08
367.0	3.2567e-08
367.2	3.2472e-08
367.4	3.2378e-08
367.6	3.2283e-08
367.8	3.2189e-08
368.0	3.2096e-08
368.2	3.2002e-08
368.4	3.1909e-08
368.6	3.1816e-08
368.8	3.1724e-08
369.0	3.1632e-08
369.2	3.3944e-08
369.4	4.015e-08
369.6	4.7491e-08
369.8	5.6175e-08
370.0	6.6447e-08
370.2	7.8596e-08
370.4	9.2967e-08
370.6	1.0997e-07
370.8	1.3007e-07
371.0	1.5386e-07
371.2	1.8199e-07
371.4	2.1527e-07
371.6	2.5463e-07
371.8	3.0118e-07
372.0	3.5625e-07
372.2	4.2139e-07
372.4	4.9845e-07
372.6	5.8958e-07
372.8	6.4339e-07
373.0	5.0863e-07
373.2	4.021e-07
373.4	3.1788e-07
373.6	2.513e-07
373.8	1.9867e-07
374.0	1.5706e-07
374.2	1.2416e-07
374.4	9.8157e-08
374.6	7.7598e-08
374.8	6.1346e-08
375.0	4.8497e-08
375.2	3.8339e-08
375.4	3.0309e-08
375.6	2.846e-08
375.8	2.9086e-08
376.0	2.9726e-08
376.2	3.0381e-08
376.4	3.1049e-08
376.6	3.1733e-08
376.8	3.2431e-08
377.0	3.3145e-08
377.2	3.3875e-08
377.4	3.462e-08
377.6	3.5382e-08
377.8	3.6161e-08
378.0	3.6957e-08
378.2	3.777e-08
378.4	3.8602e-08
378.6	3.9451e-08
378.8	4.032e-08
379.0	4.1207e-08
379.2	4.2034e-08
379.4	4.277e-08
379.6	4.3518e-08
379.8	4.4279e-08
380.0	4.5054e-08
380.2	4.5842e-08
380.4	4.6644e-08
380.6	4.746e-08
380.8	4.829e-08
381.0	4.9135e-08
381.2	4.9995e-08
381.4	5.0869e-08
381.6	5.1759e-08
381.8	5.2665e-08
382.0	5.3586e-08
382.2	5.4524e-08
382.4	5.5477e-08
382.6	5.6448e-08
382.8	5.6584e-08
383.0	5.6342e-08
383.2	5.6101e-08
383.4	5.586e-08
383.6	5.5621e-08
383.8	5.5383e-08
384.0	5.5146e-08
384.2	5.491e-08
384.4	5.4674e-08
384.6	5.444e-08
384.8	5.4207e-08
385.0	5.3975e-08
385.2	5.3744e-08
385.4	5.5015e-08
385.6	6.4782e-08
385.8	7.6283e-08
386.0	8.9826e-08
386.2	1.0577e-07
386.4	1.2455e-07
386.6	1.4666e-07
386.8	1.727e-07
387.0	2.0336e-07
387.2	2.3947e-07
387.4	2.8198e-07
387.6	3.3204e-07
387.8	3.9099e-07
388.0	4.6041e-07
388.2	4.8882e-07
388.4	4.9023e-07
388.6	4.9165e-07
388.8	4.9307e-07
389.0	4.945e-07
389.2	4.9593e-07
389.4	4.9736e-07
389.6	4.988e-07
389.8	5.0024e-07
390.0	5.0169e-07
390.2	5.0314e-07
390.4	5.0459e-07
390.6	5.0605e-07
390.8	4.7606e-07
391.0	4.3099e-07
391.2	3.9019e-07
391.4	3.5324e-07
391.6	3.198e-07
391.8	2.8952e-07
392.0	2.6211e-07
392.2	2.3729e-07
392.4	2.1483e-07
392.6	1.9449e-07
392.8	1.7607e-07
393.0	1.594e-07
393.2	1.4431e-07
393.4	1.3065e-07
393.6	1.213e-07
393.8	1.1274e-07
394.0	1.0479e-07
394.2	9.7393e-08
394.4	9.052e-08
394.6	8.4133e-08
394.8	7.8196e-08
395.0	7.2678e-08
395.2	6.755e-08
395.4	6.2783e-08
395.6	5.8353e-08
395.8	5.4235e-08
396.0	5.0408e-08
396.2	4.6851e-08
396.4	4.3545e-08
396.6	4.0472e-08
396.8	3.7616e-08
397.0	3.5871e-08
397.2	3.737e-08
397.4	3.8932e-08
397.6	4.0559e-08
397.8	4.2254e-08
398.0	4.402e-08
398.2	4.5859e-08
398.4	4.7776e-08
398.6	4.9772e-08
398.8	5.1852e-08
399.0	5.4019e-08
399.2	5.6277e-08
399.4	5.8628e-08
399.6	6.1079e-08
399.8	6.3631e-08
400.0	6.629e-08
400.2	6.906e-08
400.4	7.1946e-08
400.6	7.4953e-08
400.8	7.6037e-08
401.0	7.4946e-08
401.2	7.3871e-08
401.4	7.2812e-08
401.6	7.1768e-08
401.8	7.0739e-08
402.0	6.9724e-08
402.2	6.8724e-08
402.4	6.7739e-08
402.6	6.6767e-08
402.8	6.581e-08
403.0	6.4866e-08
403.2	6.3936e-08
403.4	6.3019e-08
403.6	6.2115e-08
403.8	6.1224e-08
404.0	6.0346e-08
404.2	5.9481e-08
404.4	5.8628e-08
404.6	5.9019e-08
404.8	5.9854e-08
405.0	6.0701e-08
405.2	6.1561e-08
405.4	6.2432e-08
405.6	6.3316e-08
405.8	6.4213e-08
406.0	6.5122e-08
406.2	6.6044e-08
406.4	6.6979e-08
406.6	6.7927e-08
406.8	6.8889e-08
407.0	6.9864e-08
407.2	7.0853e-08
407.4	7.1856e-08
407.6	7.2873e-08
407.8	7.3905e-08
408.0	7.4931e-08
408.2	7.4982e-08
408.4	7.5034e-08
408.6	7.5085e-08
408.8	7.5136e-08
409.0	7.5187e-08
409.2	7.5238e-08
409.4	7.529e-08
409.6	7.5954e-08
409.8	1.3041e-07
410.0	2.2392e-07
410.2	2.2588e-07
410.4	1.2953e-07
410.6	7.4275e-08
410.8	1.1484e-07
411.0	1.2372e-07
411.2	9.3474e-08
411.4	7.0721e-08
411.6	7.0348e-08
411.8	6.9976e-08
412.0	6.9638e-08
412.2	6.9335e-08
412.4	6.8964e-08
412.6	6.8596e-08
412.8	6.8217e-08
413.0	6.7827e-08
413.2	6.7439e-08
413.4	6.7083e-08
413.6	6.6672e-08
413.8	6.6215e-08
414.0	6.576e-08
414.2	6.5367e-08
414.4	6.4975e-08
414.6	8.0791e-08
414.8	1.2904e-07
415.0	1.6892e-07
415.2	2.2113e-07
415.4	1.952e-07
415.6	1.1245e-07
415.8	6.4775e-08
416.0	6.2829e-08
416.2	9.6757e-08
416.4	2.1912e-07
416.6	4.9622e-07
416.8	5.9806e-07
417.0	7.2082e-07
417.2	1.0163e-06
417.4	1.7009e-06
417.6	1.6414e-06
417.8	1.5841e-06
418.0	1.5507e-06
418.2	1.5418e-06
418.4	1.533e-06
418.6	1.7532e-06
418.8	2.0687e-06
419.0	2.4932e-06
419.2	3.005e-06
419.4	3.8476e-06
419.6	4.9266e-06
419.8	5.7463e-06
420.0	6.8254e-06
420.2	8.9593e-06
420.4	1.1451e-05
420.6	1.6615e-05
420.8	2.338e-05
421.0	3.348e-05
421.2	4.8611e-05
421.4	6.8856e-05
421.6	9.399e-05
421.8	1.242e-04
422.0	1.6184e-04
422.2	2.1212e-04
422.4	2.794e-04
422.6	3.7203e-04
422.8	4.918e-04
423.0	6.4178e-04
423.2	8.0722e-04
423.4	9.8797e-04
423.6	0.00116
423.8	0.00128
424.0	0.00147
424.2	0.00171
424.4	0.00211
424.6	0.00272
424.8	0.00365
425.0	0.00516
425.2	0.00812
425.4	0.0122
425.6	0.01867
425.8	0.02901
426.0	0.04541
426.2	0.07174
426.4	0.11694
426.6	0.21425
426.8	0.34607
427.0	0.49624
427.2	0.65498
427.4	0.80263
427.6	0.87587
427.8	0.89304
428.0	0.8898
428.2	0.88696
428.4	0.89282
428.6	0.90747
428.8	0.92857
429.0	0.94941
429.2	0.96697
429.4	0.97388
429.6	0.97134
429.8	0.9594
430.0	0.94178
430.2	0.92595
430.4	0.9146
430.6	0.91175
430.8	0.91364
431.0	0.92129
431.2	0.92928
431.4	0.93435
431.6	0.93655
431.8	0.93234
432.0	0.9245
432.2	0.91784
432.4	0.91279
432.6	0.91344
432.8	0.91845
433.0	0.92516
433.2	0.93443
433.4	0.94474
433.6	0.95449
433.8	0.96004
434.0	0.96578
434.2	0.9708
434.4	0.97304
434.6	0.97671
434.8	0.97861
435.0	0.97887
435.2	0.97594
435.4	0.96983
435.6	0.96203
435.8	0.95291
436.0	0.94493
436.2	0.93986
436.4	0.93678
436.6	0.93699
436.8	0.93843
437.0	0.94142
437.2	0.94334
437.4	0.94375
437.6	0.94258
437.8	0.94231
438.0	0.94298
438.2	0.94497
438.4	0.94835
438.6	0.95479
438.8	0.96176
439.0	0.96861
439.2	0.97262
439.4	0.97533
439.6	0.97356
439.8	0.97112
440.0	0.9672
440.2	0.96456
440.4	0.96309
440.6	0.96331
440.8	0.96415
441.0	0.96695
441.2	0.9677
441.4	0.96841
441.6	0.96602
441.8	0.96369
442.0	0.96019
442.2	0.9576
442.4	0.95632
442.6	0.95697
442.8	0.95949
443.0	0.96339
443.2	0.96819
443.4	0.97311
443.6	0.9772
443.8	0.9798
444.0	0.98109
444.2	0.98089
444.4	0.97913
444.6	0.97602
444.8	0.97144
445.0	0.96682
445.2	0.96282
445.4	0.95767
445.6	0.95555
445.8	0.95332
446.0	0.95183
446.2	0.95198
446.4	0.95283
446.6	0.95283
446.8	0.95286
447.0	0.95056
447.2	0.94761
447.4	0.94489
447.6	0.94167
447.8	0.94008
448.0	0.93977
448.2	0.9432
448.4	0.9464
448.6	0.95307
448.8	0.9587
449.0	0.96359
449.2	0.96725
449.4	0.96785
449.6	0.96777
449.8	0.96668
450.0	0.9653
450.2	0.96533
450.4	0.9663
450.6	0.9689
450.8	0.97189
451.0	0.97222
451.2	0.97137
451.4	0.96782
451.6	0.96074
451.8	0.95242
452.0	0.94443
452.2	0.93826
452.4	0.93548
452.6	0.93593
452.8	0.9394
453.0	0.94467
453.2	0.95056
453.4	0.95311
453.6	0.95472
453.8	0.95293
454.0	0.94841
454.2	0.94478
454.4	0.94138
454.6	0.94075
454.8	0.94312
455.0	0.94795
455.2	0.95586
455.4	0.96376
455.6	0.97085
455.8	0.97681
456.0	0.98011
456.2	0.98036
456.4	0.97778
456.6	0.97314
456.8	0.96706
457.0	0.95971
457.2	0.95364
457.4	0.94998
457.6	0.94805
457.8	0.95057
458.0	0.95825
458.2	0.96793
458.4	0.97671
458.6	0.98185
458.8	0.97948
459.0	0.97023
459.2	0.95449
459.4	0.93786
459.6	0.9247
459.8	0.91987
460.0	0.92329
460.2	0.93357
460.4	0.94545
460.6	0.95191
460.8	0.94681
461.0	0.93056
461.2	0.9056
461.4	0.8805
461.6	0.85781
461.8	0.83921
462.0	0.82173
462.2	0.80341
462.4	0.78851
462.6	0.78381
462.8	0.79725
463.0	0.82587
463.2	0.8522
463.4	0.8633
463.6	0.8767
463.8	0.8633
464.0	0.6162
464.2	0.21621
464.4	0.05212
464.6	0.01584
464.8	0.00737
465.0	0.00448
465.2	4.962e-04
465.4	2.1298e-04
465.6	1.0349e-04
465.8	5.726e-05
466.0	3.6231e-05
466.2	2.3505e-05
466.4	1.0159e-05
466.6	3.6503e-06
466.8	2.244e-06
467.0	1.4125e-06
467.2	1.1138e-06
467.4	1.0356e-06
467.6	8.7214e-07
467.8	4.0228e-07
468.0	3.5476e-07
468.2	3.5536e-07
468.4	2.7974e-07
468.6	3.1193e-07
468.8	1.5059e-07
469.0	3.446e-07
469.2	1.7852e-07
469.4	2.7615e-07
469.6	2.1893e-07
469.8	1.5572e-07
470.0	1.0699e-07
470.2	4.5799e-08
470.4	2.892e-07
470.6	2.2825e-07
470.8	1.8014e-07
471.0	1.2083e-07
471.2	7.3201e-08
471.4	5.2456e-08
471.6	1.8619e-07
471.8	2.7636e-07
472.0	2.7473e-07
472.2	2.6394e-07
472.4	2.1196e-07
472.6	1.7022e-07
472.8	2.1809e-07
473.0	3.4857e-07
473.2	1.946e-07
473.4	9.9881e-08
473.6	3.5117e-07
473.8	3.9752e-07
474.0	1.8526e-07
474.2	1.8311e-07
474.4	2.5656e-07
474.6	2.4719e-07
474.8	2.4066e-07
475.0	2.4859e-07
475.2	2.5678e-07
475.4	2.3997e-07
475.6	1.9911e-07
475.8	1.2317e-07
476.0	7.6189e-08
476.2	9.3297e-08
476.4	1.6637e-07
476.6	2.7398e-07
476.8	2.5845e-07
477.0	2.5277e-07
477.2	2.5177e-07
477.4	2.3889e-07
477.6	1.6829e-07
477.8	1.1855e-07
478.0	1.3703e-07
478.2	1.5385e-07
478.4	3.167e-07
478.6	2.0829e-07
478.8	7.9353e-08
479.0	1.1764e-07
479.2	2.0874e-07
479.4	6.7357e-08
479.6	9.9207e-08
479.8	1.4162e-07
480.0	1.6242e-07
480.2	1.8627e-07
480.4	2.2485e-07
480.6	2.8085e-07
480.8	3.5078e-07
481.0	4.3814e-07
481.2	5.4725e-07
481.4	6.8353e-07
481.6	6.2399e-07
481.8	5.254e-07
482.0	4.4239e-07
482.2	3.725e-07
482.4	3.1364e-07
482.6	2.6409e-07
482.8	3.0229e-07
483.0	3.471e-07
483.2	3.4877e-07
483.4	3.0149e-07
483.6	2.6063e-07
483.8	1.4795e-07
484.0	1.1915e-07
484.2	1.3919e-07
484.4	1.6259e-07
484.6	1.2906e-07
484.8	1.0164e-07
485.0	1.2112e-07
485.2	1.0508e-07
485.4	5.2794e-08
485.6	6.9275e-08
485.8	1.0467e-07
486.0	1.4296e-07
486.2	2.0592e-07
486.4	9.9396e-08
486.6	8.5829e-08
486.8	8.5531e-08
487.0	8.5235e-08
487.2	6.9393e-08
487.4	5.6496e-08
487.6	7.4684e-08
487.8	1.6692e-07
488.0	1.607e-07
488.2	1.5341e-07
488.4	1.5509e-07
488.6	1.6727e-07
488.8	1.8041e-07
489.0	2.209e-07
489.2	2.1647e-07
489.4	1.6785e-07
489.6	1.3016e-07
489.8	9.8625e-08
490.0	7.4697e-08
490.2	6.957e-08
490.4	4.9592e-08
490.6	1.9758e-07
490.8	9.0551e-08
491.0	2.8928e-07
491.2	2.93e-07
491.4	1.4356e-07
491.6	1.6148e-07
491.8	1.1773e-07
492.0	1.8871e-07
492.2	3.025e-07
492.4	2.4225e-07
492.6	1.8988e-07
492.8	1.6556e-07
493.0	1.6437e-07
493.2	1.5716e-07
493.4	1.5027e-07
493.6	1.6759e-07
493.8	2.1939e-07
494.0	2.8719e-07
494.2	2.241e-07
494.4	2.8751e-07
494.6	1.4563e-07
494.8	2.1289e-07
495.0	1.6063e-07
495.2	1.5581e-07
495.4	3.5375e-07
495.6	3.9533e-07
495.8	4.4968e-07
496.0	5.1151e-07
496.2	5.9287e-07
496.4	7.0101e-07
496.6	8.2888e-07
496.8	9.64e-07
497.0	1.2519e-06
497.2	1.8012e-06
497.4	2.5915e-06
497.6	3.9115e-06
497.8	5.9039e-06
498.0	9.7466e-06
498.2	1.6254e-05
498.4	2.7622e-05
498.6	5.0854e-05
498.8	9.8903e-05
499.0	2.2367e-04
499.2	5.1255e-04
499.4	0.00157
499.6	0.00417
499.8	0.00937
500.0	0.02615
500.2	0.08796
500.4	0.2956
500.6	0.67243
500.8	0.9163
501.0	0.96081
501.2	0.95162
501.4	0.90936
501.6	0.84379
501.8	0.78085
502.0	0.73992
502.2	0.72481
502.4	0.73168
502.6	0.75714
502.8	0.79447
503.0	0.83603
503.2	0.87867
503.4	0.91668
503.6	0.94509
503.8	0.96249
504.0	0.97044
504.2	0.97098
504.4	0.96662
504.6	0.95912
504.8	0.95208
505.0	0.94725
505.2	0.94459
505.4	0.94291
505.6	0.94291
505.8	0.94538
506.0	0.94784
506.2	0.94908
506.4	0.95285
506.6	0.95745
506.8	0.96226
507.0	0.96689
507.2	0.9716
507.4	0.97594
507.6	0.97785
507.8	0.97692
508.0	0.9733
508.2	0.96688
508.4	0.9595
508.6	0.95069
508.8	0.94187
509.0	0.93482
509.2	0.93115
509.4	0.93058
509.6	0.93232
509.8	0.93743
510.0	0.94528
510.2	0.95367
510.4	0.96138
510.6	0.96834
510.8	0.97469
511.0	0.97706
511.2	0.97771
511.4	0.976
511.6	0.97317
511.8	0.96887
512.0	0.96507
512.2	0.96071
512.4	0.95726
512.6	0.95637
512.8	0.95394
513.0	0.95253
513.2	0.95401
513.4	0.95429
513.6	0.95399
513.8	0.95572
514.0	0.95796
514.2	0.95892
514.4	0.9612
514.6	0.96417
514.8	0.96674
515.0	0.96882
515.2	0.97147
515.4	0.97354
515.6	0.9748
515.8	0.97649
516.0	0.97786
516.2	0.9788
516.4	0.97912
516.6	0.97886
516.8	0.9791
517.0	0.97831
517.2	0.97729
517.4	0.97558
517.6	0.97452
517.8	0.97184
518.0	0.96799
518.2	0.96551
518.4	0.9629
518.6	0.96038
518.8	0.95903
519.0	0.95819
519.2	0.95832
519.4	0.95943
519.6	0.96298
519.8	0.96567
520.0	0.96878
520.2	0.97219
520.4	0.97449
520.6	0.97463
520.8	0.97258
521.0	0.96881
521.2	0.9635
521.4	0.95732
521.6	0.94779
521.8	0.94028
522.0	0.93468
522.2	0.92914
522.4	0.92532
522.6	0.92564
522.8	0.92924
523.0	0.93359
523.2	0.93952
523.4	0.94904
523.6	0.95801
523.8	0.96616
524.0	0.97281
524.2	0.97796
524.4	0.97983
524.6	0.9793
524.8	0.97611
525.0	0.97054
525.2	0.96389
525.4	0.95751
525.6	0.95181
525.8	0.94621
526.0	0.94316
526.2	0.94275
526.4	0.94359
526.6	0.94583
526.8	0.95055
527.0	0.95539
527.2	0.96059
527.4	0.9664
527.6	0.97109
527.8	0.97476
528.0	0.97743
528.2	0.97957
528.4	0.98098
528.6	0.98144
528.8	0.98262
529.0	0.98276
529.2	0.98263
529.4	0.98277
529.6	0.98346
529.8	0.98325
530.0	0.98312
530.2	0.98176
530.4	0.98027
530.6	0.97817
530.8	0.97521
531.0	0.97231
531.2	0.9702
531.4	0.96802
531.6	0.96585
531.8	0.96447
532.0	0.96483
532.2	0.96603
532.4	0.96686
532.6	0.9683
532.8	0.97052
533.0	0.97242
533.2	0.97296
533.4	0.97421
533.6	0.97432
533.8	0.97364
534.0	0.9736
534.2	0.97293
534.4	0.97291
534.6	0.97317
534.8	0.97395
535.0	0.97662
535.2	0.97876
535.4	0.98085
535.6	0.983
535.8	0.98529
536.0	0.98586
536.2	0.98595
536.4	0.98538
536.6	0.98301
536.8	0.9809
537.0	0.97818
537.2	0.97612
537.4	0.97539
537.6	0.97581
537.8	0.97652
538.0	0.97861
538.2	0.98036
538.4	0.98094
538.6	0.98048
538.8	0.97835
539.0	0.97303
539.2	0.96526
539.4	0.9546
539.6	0.94563
539.8	0.93709
540.0	0.92835
540.2	0.92182
540.4	0.91993
540.6	0.92123
540.8	0.92522
541.0	0.92956
541.2	0.93434
541.4	0.93858
541.6	0.93938
541.8	0.93632
542.0	0.92586
542.2	0.9116
542.4	0.8953
542.6	0.87953
542.8	0.86536
543.0	0.8523
543.2	0.84135
543.4	0.83721
543.6	0.84005
543.8	0.84701
544.0	0.85543
544.2	0.86725
544.4	0.88205
544.6	0.89892
544.8	0.91045
545.0	0.91247
545.2	0.90239
545.4	0.87825
545.6	0.84309
545.8	0.81292
546.0	0.80901
546.2	0.85494
546.4	0.91504
546.6	0.67557
546.8	0.30906
547.0	0.11034
547.2	0.04092
547.4	0.01763
547.6	0.00871
547.8	0.00342
548.0	0.00171
548.2	9.1609e-04
548.4	5.1816e-04
548.6	3.1639e-04
548.8	1.9373e-04
549.0	1.2537e-04
549.2	6.3303e-05
549.4	3.9996e-05
549.6	2.5323e-05
549.8	1.698e-05
550.0	1.1385e-05
550.2	7.6459e-06
550.4	5.1677e-06
550.6	3.7327e-06
550.8	2.6962e-06
551.0	1.9862e-06
551.2	1.486e-06
551.4	1.1121e-06
551.6	8.3609e-07
551.8	6.6257e-07
552.0	5.4866e-07
552.2	4.5366e-07
552.4	3.6015e-07
552.6	2.8592e-07
552.8	2.7432e-07
553.0	3.1063e-07
553.2	2.9291e-07
553.4	2.762e-07
553.6	2.5235e-07
553.8	2.2393e-07
554.0	1.9895e-07
554.2	1.9872e-07
554.4	1.9199e-07
554.6	1.8058e-07
554.8	1.6876e-07
555.0	1.3737e-07
555.2	1.1182e-07
555.4	1.1643e-07
555.6	1.484e-07
555.8	1.3678e-07
556.0	1.2606e-07
556.2	1.2118e-07
556.4	1.21e-07
556.6	1.2108e-07
556.8	1.3902e-07
557.0	1.5189e-07
557.2	1.5974e-07
557.4	1.6591e-07
557.6	1.39e-07
557.8	1.1645e-07
558.0	1.1439e-07
558.2	1.2662e-07
558.4	1.0539e-07
558.6	8.7723e-08
558.8	7.7513e-08
559.0	7.2142e-08
559.2	6.7644e-08
559.4	8.4709e-08
559.6	8.1533e-08
559.8	6.1847e-08
560.0	4.7361e-08
560.2	6.7544e-08
560.4	9.6327e-08
560.6	1.1228e-07
560.8	1.084e-07
561.0	1.1609e-07
561.2	1.2433e-07
561.4	1.2837e-07
561.6	1.2847e-07
561.8	1.2718e-07
562.0	8.8292e-08
562.2	8.369e-08
562.4	1.0398e-07
562.6	1.2801e-07
562.8	1.1002e-07
563.0	9.4554e-08
563.2	9.8553e-08
563.4	1.1984e-07
563.6	9.4634e-08
563.8	7.4731e-08
564.0	7.5612e-08
564.2	9.3321e-08
564.4	1.1446e-07
564.6	1.2296e-07
564.8	1.2388e-07
565.0	1.1816e-07
565.2	1.1238e-07
565.4	9.7603e-08
565.6	8.4767e-08
565.8	8.3601e-08
566.0	9.2328e-08
566.2	9.4719e-08
566.4	9.7172e-08
566.6	8.6412e-08
566.8	6.7167e-08
567.0	5.2485e-08
567.2	6.9274e-08
567.4	8.1177e-08
567.6	8.6301e-08
567.8	9.0369e-08
568.0	6.8596e-08
568.2	5.2069e-08
568.4	4.8067e-08
568.6	5.2898e-08
568.8	6.8044e-08
569.0	8.7527e-08
569.2	1.0244e-07
569.4	1.1026e-07
569.6	1.1859e-07
569.8	1.2308e-07
570.0	1.353e-07
570.2	1.5558e-07
570.4	1.7676e-07
570.6	1.5977e-07
570.8	1.4442e-07
571.0	1.3784e-07
571.2	1.3668e-07
571.4	1.1612e-07
571.6	9.866e-08
571.8	1.0161e-07
572.0	1.2372e-07
572.2	1.5043e-07
572.4	1.753e-07
572.6	2.0845e-07
572.8	2.5235e-07
573.0	3.053e-07
573.2	3.5777e-07
573.4	4.1925e-07
573.6	4.7268e-07
573.8	5.1959e-07
574.0	6.7904e-07
574.2	8.8743e-07
574.4	1.1567e-06
574.6	1.5043e-06
574.8	1.9588e-06
575.0	2.6138e-06
575.2	3.5583e-06
575.4	4.9271e-06
575.6	6.834e-06
575.8	9.926e-06
576.0	1.4417e-05
576.2	2.0038e-05
576.4	2.9079e-05
576.6	4.5792e-05
576.8	7.0468e-05
577.0	1.1014e-04
577.2	1.7793e-04
577.4	2.9967e-04
577.6	5.6255e-04
577.8	9.8933e-04
578.0	0.00175
578.2	0.00331
578.4	0.00666
578.6	0.01439
578.8	0.03314
579.0	0.08832
579.2	0.22408
579.4	0.50159
579.6	0.80862
579.8	0.93783
580.0	0.94291
580.2	0.94177
580.4	0.94994
580.6	0.96432
580.8	0.9628
581.0	0.94514
581.2	0.9164
581.4	0.88705
581.6	0.86571
581.8	0.85426
582.0	0.85389
582.2	0.86299
582.4	0.87742
582.6	0.89519
582.8	0.91337
583.0	0.9298
583.2	0.94471
583.4	0.95497
583.6	0.96297
583.8	0.96747
584.0	0.96884
584.2	0.96826
584.4	0.9667
584.6	0.96356
584.8	0.96032
585.0	0.95677
585.2	0.95455
585.4	0.95285
585.6	0.95328
585.8	0.95551
586.0	0.95934
586.2	0.965
586.4	0.97102
586.6	0.97686
586.8	0.98238
587.0	0.98534
587.2	0.98597
587.4	0.98365
587.6	0.97784
587.8	0.96973
588.0	0.96011
588.2	0.94853
588.4	0.93801
588.6	0.92902
588.8	0.92271
589.0	0.91875
589.2	0.91666
589.4	0.91735
589.6	0.92197
589.8	0.92907
590.0	0.93782
590.2	0.94615
590.4	0.95418
590.6	0.96181
590.8	0.96912
591.0	0.97384
591.2	0.9768
591.4	0.97716
591.6	0.97622
591.8	0.97387
592.0	0.97176
592.2	0.97015
592.4	0.96809
592.6	0.96788
592.8	0.96671
593.0	0.9663
593.2	0.96674
593.4	0.9678
593.6	0.9692
593.8	0.9695
594.0	0.96917
594.2	0.96817
594.4	0.96608
594.6	0.96373
594.8	0.96159
595.0	0.95951
595.2	0.95709
595.4	0.95494
595.6	0.95389
595.8	0.95476
596.0	0.95657
596.2	0.95973
596.4	0.9629
596.6	0.96604
596.8	0.96942
597.0	0.97306
597.2	0.97581
597.4	0.97769
597.6	0.97828
597.8	0.97786
598.0	0.97598
598.2	0.97376
598.4	0.97073
598.6	0.96802
598.8	0.96548
599.0	0.96492
599.2	0.9635
599.4	0.96383
599.6	0.96423
599.8	0.96687
600.0	0.96993
600.2	0.97345
600.4	0.97649
600.6	0.97784
600.8	0.981
601.0	0.98188
601.2	0.98169
601.4	0.98039
601.6	0.97867
601.8	0.976
602.0	0.97261
602.2	0.96923
602.4	0.96614
602.6	0.96415
602.8	0.96302
603.0	0.96216
603.2	0.962
603.4	0.96194
603.6	0.96297
603.8	0.96495
604.0	0.96615
604.2	0.9658
604.4	0.96485
604.6	0.9643
604.8	0.96242
605.0	0.96035
605.2	0.95696
605.4	0.9539
605.6	0.95107
605.8	0.9497
606.0	0.94763
606.2	0.94691
606.4	0.94707
606.6	0.94838
606.8	0.95141
607.0	0.95464
607.2	0.95741
607.4	0.96061
607.6	0.96363
607.8	0.96724
608.0	0.9692
608.2	0.96998
608.4	0.97117
608.6	0.97191
608.8	0.97331
609.0	0.97404
609.2	0.97526
609.4	0.97638
609.6	0.97706
609.8	0.97899
610.0	0.98049
610.2	0.98162
610.4	0.98198
610.6	0.98139
610.8	0.97957
611.0	0.97648
611.2	0.97245
611.4	0.96745
611.6	0.96267
611.8	0.9586
612.0	0.95477
612.2	0.95271
612.4	0.95224
612.6	0.95468
612.8	0.959
613.0	0.96585
613.2	0.97257
613.4	0.97857
613.6	0.98359
613.8	0.98602
614.0	0.98337
614.2	0.97663
614.4	0.96489
614.6	0.94912
614.8	0.93104
615.0	0.91242
615.2	0.89446
615.4	0.87933
615.6	0.86865
615.8	0.86215
616.0	0.86038
616.2	0.86298
616.4	0.86938
616.6	0.87925
616.8	0.89116
617.0	0.90329
617.2	0.91313
617.4	0.92061
617.6	0.9242
617.8	0.92487
618.0	0.92109
618.2	0.91359
618.4	0.90213
618.6	0.88928
618.8	0.87953
619.0	0.88082
619.2	0.90039
619.4	0.93119
619.6	0.90487
619.8	0.71605
620.0	0.42074
620.2	0.19901
620.4	0.08898
620.6	0.04195
620.8	0.02075
621.0	0.00995
621.2	0.00524
621.4	0.00288
621.6	0.00165
621.8	0.00101
622.0	6.3937e-04
622.2	3.6531e-04
622.4	2.2042e-04
622.6	1.4094e-04
622.8	9.2129e-05
623.0	6.2418e-05
623.2	4.3012e-05
623.4	2.9691e-05
623.6	2.0615e-05
623.8	1.4548e-05
624.0	1.0267e-05
624.2	7.5116e-06
624.4	5.4978e-06
624.6	3.9918e-06
624.8	2.8742e-06
625.0	2.2241e-06
625.2	1.723e-06
625.4	1.3546e-06
625.6	1.0819e-06
625.8	8.641e-07
626.0	6.5364e-07
626.2	5.341e-07
626.4	4.7476e-07
626.6	4.2201e-07
626.8	3.4567e-07
627.0	2.8267e-07
627.2	2.586e-07
627.4	2.6714e-07
627.6	2.4012e-07
627.8	2.1507e-07
628.0	1.9365e-07
628.2	1.7537e-07
628.4	1.5882e-07
628.6	1.4595e-07
628.8	1.4794e-07
629.0	1.6744e-07
629.2	1.8951e-07
629.4	1.4534e-07
629.6	1.1013e-07
629.8	1.0092e-07
630.0	1.1411e-07
630.2	1.1476e-07
630.4	1.1494e-07
630.6	1.1739e-07
630.8	1.2259e-07
631.0	1.2801e-07
631.2	1.3248e-07
631.4	1.2355e-07
631.6	1.0201e-07
631.8	8.4222e-08
632.0	9.8785e-08
632.2	1.1735e-07
632.4	1.2224e-07
632.6	1.0947e-07
632.8	1.0128e-07
633.0	9.3706e-08
633.2	9.2596e-08
633.4	9.7598e-08
633.6	1.0272e-07
633.8	8.0192e-08
634.0	8.043e-08
634.2	1.0416e-07
634.4	1.3489e-07
634.6	1.1468e-07
634.8	9.7494e-08
635.0	1.2055e-07
635.2	1.0817e-07
635.4	9.5694e-08
635.6	8.9844e-08
635.8	8.9849e-08
636.0	8.9854e-08
636.2	9.6666e-08
636.4	1.0411e-07
636.6	1.1213e-07
636.8	1.2077e-07
637.0	1.3007e-07
637.2	1.4008e-07
637.4	1.5087e-07
637.6	1.6249e-07
637.8	1.7501e-07
638.0	1.8849e-07
638.2	2.03e-07
638.4	2.1864e-07
638.6	2.3548e-07
638.8	2.5361e-07
639.0	2.7314e-07
639.2	2.9418e-07
639.4	3.1684e-07
639.6	3.2618e-07
639.8	2.9328e-07
640.0	2.637e-07
640.2	2.371e-07
640.4	2.1318e-07
640.6	1.9168e-07
640.8	1.7234e-07
641.0	1.5496e-07
641.2	1.3933e-07
641.4	1.2527e-07
641.6	1.1264e-07
641.8	1.0128e-07
642.0	9.1061e-08
642.2	8.1875e-08
642.4	7.3617e-08
642.6	6.6191e-08
642.8	5.9514e-08
643.0	5.3511e-08
643.2	5.7485e-08
643.4	7.5786e-08
643.6	9.9913e-08
643.8	7.6948e-08
644.0	5.8284e-08
644.2	5.739e-08
644.4	7.5518e-08
644.6	8.8956e-08
644.8	1.0467e-07
645.0	1.0304e-07
645.2	8.4562e-08
645.4	6.9398e-08
645.6	8.1282e-08
645.8	8.3085e-08
646.0	7.2617e-08
646.2	6.3468e-08
646.4	6.0675e-08
646.6	5.8166e-08
646.8	6.4e-08
647.0	8.2003e-08
647.2	7.4003e-08
647.4	6.6547e-08
647.6	6.4222e-08
647.8	6.6612e-08
648.0	6.909e-08
648.2	7.7069e-08
648.4	7.4575e-08
648.6	6.1272e-08
648.8	5.0342e-08
649.0	6.2055e-08
649.2	7.7458e-08
649.4	9.0776e-08
649.6	9.9223e-08
649.8	9.4013e-08
650.0	8.8949e-08
650.2	9.2759e-08
650.4	1.0683e-07
650.6	1.2303e-07
650.8	1.5655e-07
651.0	1.6939e-07
651.2	1.5151e-07
651.4	1.3552e-07
651.6	1.7008e-07
651.8	2.1611e-07
652.0	2.3111e-07
652.2	2.0349e-07
652.4	2.4624e-07
652.6	2.9991e-07
652.8	3.6447e-07
653.0	4.4189e-07
653.2	5.3574e-07
653.4	6.9112e-07
653.6	8.6552e-07
653.8	1.0503e-06
654.0	1.2746e-06
654.2	1.6783e-06
654.4	2.2099e-06
654.6	2.9165e-06
654.8	3.8574e-06
655.0	5.2017e-06
655.2	7.0202e-06
655.4	9.6452e-06
655.6	1.3527e-05
655.8	1.8972e-05
656.0	2.6596e-05
656.2	3.7989e-05
656.4	5.5375e-05
656.6	8.2316e-05
656.8	1.2444e-04
657.0	1.9126e-04
657.2	3.0644e-04
657.4	5.1776e-04
657.6	8.4565e-04
657.8	0.00139
658.0	0.00242
658.2	0.00444
658.4	0.00857
658.6	0.01682
658.8	0.03346
659.0	0.07437
659.2	0.17018
659.4	0.35818
659.6	0.58922
659.8	0.72298
660.0	0.7485
660.2	0.76129
660.4	0.79585
660.6	0.84505
660.8	0.89205
661.0	0.92363
661.2	0.93246
661.4	0.92303
661.6	0.90452
661.8	0.88615
662.0	0.87381
662.2	0.86934
662.4	0.87272
662.6	0.88215
662.8	0.8963
663.0	0.91258
663.2	0.92937
663.4	0.94401
663.6	0.95687
663.8	0.96603
664.0	0.97247
664.2	0.9768
664.4	0.97904
664.6	0.9809
664.8	0.98162
665.0	0.98211
665.2	0.98292
665.4	0.98327
665.6	0.98358
665.8	0.9838
666.0	0.98386
666.2	0.98346
666.4	0.98365
666.6	0.98423
666.8	0.98423
667.0	0.9855
667.2	0.98604
667.4	0.98686
667.6	0.98787
667.8	0.98791
668.0	0.98835
668.2	0.98773
668.4	0.98708
668.6	0.98586
668.8	0.98411
669.0	0.9827
669.2	0.9808
669.4	0.9797
669.6	0.97897
669.8	0.97892
670.0	0.98003
670.2	0.98106
670.4	0.98354
670.6	0.98557
670.8	0.98728
671.0	0.98751
671.2	0.98685
671.4	0.98465
671.6	0.9808
671.8	0.97497
672.0	0.96788
672.2	0.95896
672.4	0.95016
672.6	0.94083
672.8	0.93231
673.0	0.92631
673.2	0.92068
673.4	0.9173
673.6	0.91609
673.8	0.91768
674.0	0.9213
674.2	0.9271
674.4	0.93462
674.6	0.94318
674.8	0.95289
675.0	0.96258
675.2	0.97054
675.4	0.97798
675.6	0.98312
675.8	0.98596
676.0	0.98647
676.2	0.98515
676.4	0.98152
676.6	0.97645
676.8	0.97171
677.0	0.96614
677.2	0.96122
677.4	0.95669
677.6	0.95401
677.8	0.95207
678.0	0.95056
678.2	0.95183
678.4	0.95348
678.6	0.9552
678.8	0.95797
679.0	0.96061
679.2	0.96284
679.4	0.96494
679.6	0.96714
679.8	0.96804
680.0	0.96928
680.2	0.9694
680.4	0.97007
680.6	0.97021
680.8	0.96951
681.0	0.96956
681.2	0.9691
681.4	0.96816
681.6	0.96733
681.8	0.9662
682.0	0.964
682.2	0.96178
682.4	0.95919
682.6	0.95535
682.8	0.95148
683.0	0.94748
683.2	0.94286
683.4	0.93908
683.6	0.93561
683.8	0.93324
684.0	0.93056
684.2	0.92949
684.4	0.92877
684.6	0.92874
684.8	0.92931
685.0	0.93076
685.2	0.93143
685.4	0.93207
685.6	0.93288
685.8	0.93387
686.0	0.93453
686.2	0.93633
686.4	0.93753
686.6	0.93856
686.8	0.94146
687.0	0.94408
687.2	0.94762
687.4	0.95167
687.6	0.95418
687.8	0.95728
688.0	0.95932
688.2	0.96018
688.4	0.95977
688.6	0.95849
688.8	0.95616
689.0	0.9528
689.2	0.95035
689.4	0.94821
689.6	0.94619
689.8	0.9457
690.0	0.94506
690.2	0.94572
690.4	0.94544
690.6	0.94473
690.8	0.94294
691.0	0.94062
691.2	0.9394
691.4	0.938
691.6	0.9406
691.8	0.94466
692.0	0.94987
692.2	0.95104
692.4	0.94027
692.6	0.90633
692.8	0.84198
693.0	0.74873
693.2	0.63897
693.4	0.52977
693.6	0.43454
693.8	0.35868
694.0	0.30366
694.2	0.26622
694.4	0.24516
694.6	0.23957
694.8	0.25241
695.0	0.29364
695.2	0.34382
695.4	0.48979
695.6	0.71284
695.8	0.75831
696.0	0.48586
696.2	0.22873
696.4	0.11014
696.6	0.0608
696.8	0.03697
697.0	0.02449
697.2	0.01724
697.4	0.01254
697.6	0.00914
697.8	0.00657
698.0	0.00447
698.2	0.00289
698.4	0.00182
698.6	0.00113
698.8	7.1976e-04
699.0	4.735e-04
699.2	3.286e-04
699.4	2.3497e-04
699.6	1.7935e-04
699.8	1.4988e-04
700.0	1.4345e-04
700.2	1.7903e-04
700.4	3.5551e-04
700.6	0.00425
700.8	0.01657
701.0	0.00235
701.2	8.6399e-05
701.4	3.7444e-05
701.6	2.727e-05
701.8	4.2831e-06
702.0	8.7724e-07
702.2	5.0266e-07
702.4	2.5204e-07
702.6	2.3295e-07
702.8	1.9503e-07
703.0	1.9771e-07
703.2	7.9759e-08
703.4	5.9021e-08
703.6	2.8391e-08
703.8	1.6603e-08
704.0	2.5868e-08
704.2	1.4817e-08
704.4	5.4719e-08
704.6	6.7986e-08
704.8	1.129e-07
705.0	4.6694e-08
705.2	1.9323e-08
705.4	3.5275e-08
705.6	2.1811e-08
705.8	1.0598e-07
706.0	2.8806e-08
706.2	2.3035e-08
706.4	5.392e-08
706.6	9.0485e-08
706.8	1.7018e-08
707.0	3.8706e-08
707.2	9.5059e-08
707.4	8.5427e-08
707.6	3.1155e-08
707.8	1.6732e-08
708.0	1.3542e-08
708.2	2.737e-08
708.4	1.3537e-08
708.6	1.3533e-08
708.8	1.6412e-08
709.0	2.8016e-08
709.2	3.8762e-08
709.4	4.9387e-08
709.6	6.2087e-08
709.8	7.8053e-08
710.0	9.8124e-08
710.2	1.2336e-07
710.4	1.5508e-07
710.6	1.9496e-07
710.8	2.0821e-07
711.0	2.0328e-07
711.2	1.9847e-07
711.4	1.9376e-07
711.6	1.8918e-07
711.8	1.847e-07
712.0	1.8032e-07
712.2	1.7605e-07
712.4	1.7188e-07
712.6	1.6781e-07
712.8	1.6384e-07
713.0	1.5996e-07
713.2	1.5617e-07
713.4	1.5247e-07
713.6	1.4886e-07
713.8	1.4533e-07
714.0	1.4189e-07
714.2	1.3901e-07
714.4	1.3763e-07
714.6	1.3627e-07
714.8	1.3492e-07
715.0	1.3359e-07
715.2	1.3227e-07
715.4	1.3096e-07
715.6	1.2966e-07
715.8	1.2838e-07
716.0	1.2711e-07
716.2	1.2585e-07
716.4	1.2461e-07
716.6	1.2337e-07
716.8	1.2215e-07
717.0	1.2094e-07
717.2	1.1975e-07
717.4	1.1856e-07
717.6	1.1739e-07
717.8	1.1623e-07
718.0	1.1508e-07
718.2	1.1394e-07
718.4	1.1281e-07
718.6	1.1169e-07
718.8	1.1059e-07
719.0	1.095e-07
719.2	1.0724e-07
719.4	1.0464e-07
719.6	1.0211e-07
719.8	9.9644e-08
720.0	9.7234e-08
720.2	9.4883e-08
720.4	9.2588e-08
720.6	9.0349e-08
720.8	8.8164e-08
721.0	8.6032e-08
721.2	8.3952e-08
721.4	8.1921e-08
721.6	7.994e-08
721.8	7.8007e-08
722.0	7.6121e-08
722.2	7.428e-08
722.4	7.2484e-08
722.6	7.0731e-08
722.8	6.902e-08
723.0	6.7351e-08
723.2	6.5723e-08
723.4	6.4133e-08
723.6	6.2582e-08
723.8	6.1069e-08
724.0	6.0102e-08
724.2	6.0683e-08
724.4	6.1269e-08
724.6	6.1861e-08
724.8	6.2459e-08
725.0	6.3062e-08
725.2	6.3672e-08
725.4	6.4287e-08
725.6	6.4908e-08
725.8	6.5535e-08
726.0	6.6168e-08
726.2	6.6807e-08
726.4	6.7453e-08
726.6	6.8105e-08
726.8	6.8762e-08
727.0	6.9427e-08
727.2	7.0098e-08
727.4	7.0775e-08
727.6	7.1459e-08
727.8	7.2149e-08
728.0	7.2846e-08
728.2	7.355e-08
728.4	7.426e-08
728.6	7.4978e-08
728.8	7.5702e-08
729.0	7.5851e-08
729.2	7.5805e-08
729.4	7.576e-08
729.6	7.5715e-08
729.8	7.567e-08
730.0	7.5624e-08
730.2	7.5579e-08
730.4	7.5534e-08
730.6	7.5489e-08
730.8	7.5444e-08
731.0	7.5399e-08
731.2	7.5354e-08
731.4	7.5309e-08
731.6	7.5264e-08
731.8	7.5219e-08
732.0	7.5174e-08
732.2	7.5129e-08
732.4	7.5084e-08
732.6	7.504e-08
732.8	7.4995e-08
733.0	7.495e-08
733.2	7.4905e-08
733.4	7.4861e-08
733.6	7.4816e-08
733.8	7.4692e-08
734.0	7.4331e-08
734.2	7.3972e-08
734.4	7.3615e-08
734.6	7.3259e-08
734.8	7.2906e-08
735.0	7.2553e-08
735.2	7.2203e-08
735.4	7.1854e-08
735.6	7.1507e-08
735.8	7.1162e-08
736.0	7.0818e-08
736.2	7.0476e-08
736.4	7.0136e-08
736.6	6.9797e-08
736.8	6.946e-08
737.0	6.9124e-08
737.2	6.879e-08
737.4	6.8458e-08
737.6	6.8127e-08
737.8	6.7798e-08
738.0	6.7471e-08
738.2	6.7145e-08
738.4	6.6821e-08
738.6	6.6498e-08
738.8	6.6397e-08
739.0	6.6377e-08
739.2	6.6358e-08
739.4	6.6339e-08
739.6	6.6319e-08
739.8	6.63e-08
740.0	6.628e-08
740.2	6.6261e-08
740.4	6.6241e-08
740.6	6.6222e-08
740.8	6.6203e-08
741.0	6.6183e-08
741.2	6.6164e-08
741.4	6.6144e-08
741.6	6.6125e-08
741.8	6.6106e-08
742.0	6.6086e-08
742.2	6.6067e-08
742.4	6.6048e-08
742.6	6.6028e-08
742.8	6.6009e-08
743.0	6.5989e-08
743.2	6.597e-08
743.4	6.5951e-08
743.6	6.6075e-08
743.8	6.6725e-08
744.0	6.7381e-08
744.2	6.8044e-08
744.4	6.8714e-08
744.6	6.939e-08
744.8	7.0073e-08
745.0	7.0763e-08
745.2	7.1459e-08
745.4	7.2162e-08
745.6	7.2872e-08
745.8	7.3589e-08
746.0	7.4313e-08
746.2	7.5045e-08
746.4	7.5783e-08
746.6	7.6529e-08
746.8	7.7282e-08
747.0	7.8042e-08
747.2	7.881e-08
747.4	7.9586e-08
747.6	8.0369e-08
747.8	8.116e-08
748.0	8.1959e-08
748.2	8.2765e-08
748.4	8.358e-08
748.6	8.3404e-08
748.8	8.2862e-08
749.0	8.2325e-08
749.2	8.179e-08
749.4	8.126e-08
749.6	8.0732e-08
749.8	8.0208e-08
750.0	7.9688e-08
750.2	7.9171e-08
750.4	7.8657e-08
750.6	7.8147e-08
750.8	7.7639e-08
751.0	7.7136e-08
751.2	7.6635e-08
751.4	7.6138e-08
751.6	7.5644e-08
751.8	7.5153e-08
752.0	7.4665e-08
752.2	7.4181e-08
752.4	7.3699e-08
752.6	7.3221e-08
752.8	7.2746e-08
753.0	7.2274e-08
753.2	7.1805e-08
753.4	7.1718e-08
753.6	7.278e-08
753.8	7.3857e-08
754.0	7.4951e-08
754.2	7.606e-08
754.4	7.7186e-08
754.6	7.8329e-08
754.8	7.9489e-08
755.0	8.0666e-08
755.2	8.186e-08
755.4	8.3072e-08
755.6	8.4302e-08
755.8	8.555e-08
756.0	8.6817e-08
756.2	8.8102e-08
756.4	8.9406e-08
756.6	9.073e-08
756.8	9.2073e-08
757.0	9.3436e-08
757.2	9.482e-08
757.4	9.6223e-08
757.6	9.7648e-08
757.8	9.9094e-08
758.0	1.0056e-07
758.2	1.0205e-07
758.4	1.0271e-07
758.6	1.0307e-07
758.8	1.0344e-07
759.0	1.0381e-07
759.2	1.0418e-07
759.4	1.0455e-07
759.6	1.0492e-07
759.8	1.0529e-07
760.0	1.0567e-07
760.2	1.0604e-07
760.4	1.0642e-07
760.6	1.068e-07
760.8	1.0718e-07
761.0	1.0756e-07
761.2	1.0794e-07
761.4	1.0832e-07
761.6	1.0871e-07
761.8	1.091e-07
762.0	1.0948e-07
762.2	1.0987e-07
762.4	1.1026e-07
762.6	1.1066e-07
762.8	1.1105e-07
763.0	1.1144e-07
763.2	1.0705e-07
763.4	1.0238e-07
763.6	9.7918e-08
763.8	9.365e-08
764.0	8.9567e-08
764.2	8.5663e-08
764.4	8.1929e-08
764.6	7.8357e-08
764.8	7.4941e-08
765.0	7.1674e-08
765.2	6.855e-08
765.4	6.5562e-08
765.6	6.2704e-08
765.8	5.997e-08
766.0	5.7356e-08
766.2	5.4856e-08
766.4	5.2464e-08
766.6	5.2094e-08
766.8	5.318e-08
767.0	5.4289e-08
767.2	5.5421e-08
767.4	5.6576e-08
767.6	5.7756e-08
767.8	5.896e-08
768.0	6.0189e-08
768.2	6.1444e-08
768.4	6.2725e-08
768.6	6.4033e-08
768.8	6.5368e-08
769.0	6.6731e-08
769.2	6.8122e-08
769.4	6.9543e-08
769.6	7.0993e-08
769.8	7.2473e-08
770.0	7.7175e-08
770.2	8.2485e-08
770.4	8.8161e-08
770.6	9.4227e-08
770.8	1.0071e-07
771.0	1.0764e-07
771.2	1.1505e-07
771.4	1.2296e-07
771.6	1.3142e-07
771.8	1.4046e-07
772.0	1.2957e-07
772.2	1.1303e-07
772.4	9.86e-08
772.6	8.6012e-08
772.8	7.5032e-08
773.0	6.5453e-08
773.2	5.7097e-08
773.4	4.9808e-08
773.6	4.3449e-08
773.8	3.7903e-08
774.0	3.3064e-08
774.2	2.8843e-08
774.4	2.5161e-08
774.6	2.1949e-08
774.8	1.9147e-08
775.0	1.6702e-08
775.2	1.457e-08
775.4	1.271e-08
775.6	1.2863e-08
775.8	1.4498e-08
776.0	1.6339e-08
776.2	1.8415e-08
776.4	2.0754e-08
776.6	2.3391e-08
776.8	2.6362e-08
777.0	2.9711e-08
777.2	3.3486e-08
777.4	3.774e-08
777.6	4.2534e-08
777.8	4.7937e-08
778.0	5.4027e-08
778.2	6.0891e-08
778.4	6.8626e-08
778.6	7.7344e-08
778.8	8.7169e-08
779.0	9.8243e-08
779.2	1.0486e-07
779.4	1.0458e-07
779.6	1.043e-07
779.8	1.0402e-07
780.0	1.0374e-07
780.2	1.0346e-07
780.4	1.0318e-07
780.6	1.0291e-07
780.8	1.0263e-07
781.0	1.0236e-07
781.2	1.0208e-07
781.4	1.0181e-07
781.6	1.0154e-07
781.8	1.0126e-07
782.0	1.0099e-07
782.2	1.0072e-07
782.4	1.0045e-07
782.6	1.0018e-07
782.8	1.0e-07
783.0	1.0e-07
783.2	1.0e-07
783.4	1.0e-07
783.6	1.0e-07
783.8	1.0e-07
784.0	1.0e-07
784.2	1.0e-07
784.4	1.0e-07
784.6	1.0e-07
784.8	1.0e-07
785.0	1.0e-07
785.2	1.0e-07
785.4	1.0e-07
785.6	1.0e-07
785.8	1.0e-07
786.0	1.0e-07
786.2	1.0e-07
786.4	1.0e-07
786.6	1.0e-07
786.8	1.0e-07
787.0	1.0e-07
787.2	1.0e-07
787.4	1.0e-07
787.6	1.0e-07
787.8	1.0e-07
788.0	1.0e-07
788.2	1.0e-07
788.4	1.0e-07
788.6	1.0e-07
788.8	1.0e-07
789.0	1.0e-07
789.2	1.0e-07
789.4	1.0e-07
789.6	1.0e-07
789.8	1.0e-07
790.0	1.0e-07
790.2	1.0e-07
790.4	1.0e-07
790.6	1.0e-07
790.8	1.0e-07
791.0	1.0e-07
791.2	1.0e-07
791.4	1.0e-07
791.6	1.0e-07
791.8	1.0e-07
792.0	1.0e-07
792.2	1.0e-07
792.4	1.0e-07
792.6	1.0e-07
792.8	1.0e-07
793.0	1.0e-07
793.2	1.0e-07
793.4	1.0e-07
793.6	1.0006e-07
793.8	1.1326e-07
794.0	1.2819e-07
794.2	1.451e-07
794.4	1.6423e-07
794.6	1.8589e-07
794.8	2.104e-07
795.0	2.3815e-07
795.2	2.3863e-07
795.4	2.3912e-07
795.6	2.396e-07
795.8	2.4009e-07
796.0	2.4058e-07
796.2	2.4107e-07
796.4	2.4485e-07
796.6	2.5056e-07
796.8	2.564e-07
797.0	2.6237e-07
797.2	2.6849e-07
797.4	2.7475e-07
797.6	2.8115e-07
797.8	2.877e-07
798.0	2.9441e-07
798.2	2.979e-07
798.4	2.9922e-07
798.6	3.0056e-07
798.8	3.019e-07
799.0	3.0324e-07
799.2	3.0459e-07
799.4	3.0595e-07
799.6	3.0731e-07
799.8	3.0868e-07
800.0	3.0345e-07
800.2	2.9342e-07
800.4	2.8371e-07
800.6	2.7433e-07
800.8	2.6526e-07
801.0	2.5648e-07
801.2	2.48e-07
801.4	2.398e-07
801.6	2.3187e-07
801.8	2.2331e-07
802.0	2.1431e-07
802.2	2.0568e-07
802.4	1.974e-07
802.6	1.8945e-07
802.8	1.8182e-07
803.0	1.7449e-07
803.2	1.6497e-07
803.4	1.5596e-07
803.6	1.4745e-07
803.8	1.394e-07
804.0	1.3179e-07
804.2	1.246e-07
804.4	1.2596e-07
804.6	1.2738e-07
804.8	1.2882e-07
805.0	1.3028e-07
805.2	1.3175e-07
805.4	1.3324e-07
805.6	1.3474e-07
805.8	1.3626e-07
806.0	1.378e-07
806.2	1.3936e-07
806.4	1.4093e-07
806.6	1.4252e-07
806.8	1.4413e-07
807.0	1.4576e-07
807.2	1.4741e-07
807.4	1.4907e-07
807.6	1.5076e-07
807.8	1.5246e-07
808.0	1.513e-07
808.2	1.4962e-07
808.4	1.4797e-07
808.6	1.4634e-07
808.8	1.4472e-07
809.0	1.4312e-07
809.2	1.4154e-07
809.4	1.3997e-07
809.6	1.3843e-07
809.8	1.369e-07
810.0	1.3538e-07
810.2	1.3389e-07
810.4	1.3241e-07
810.6	1.3094e-07
810.8	1.295e-07
811.0	1.2807e-07
811.2	1.2665e-07
811.4	1.2525e-07
811.6	1.2552e-07
811.8	1.2652e-07
812.0	1.2752e-07
812.2	1.2853e-07
812.4	1.2954e-07
812.6	1.3057e-07
812.8	1.316e-07
813.0	1.3264e-07
813.2	1.3369e-07
813.4	1.3475e-07
813.6	1.3582e-07
813.8	1.3689e-07
814.0	1.3797e-07
814.2	1.3907e-07
814.4	1.4017e-07
814.6	1.4127e-07
814.8	1.4239e-07
815.0	1.4352e-07
815.2	1.4418e-07
815.4	1.4449e-07
815.6	1.448e-07
815.8	1.4511e-07
816.0	1.4543e-07
816.2	1.4574e-07
816.4	1.4605e-07
816.6	1.4637e-07
816.8	1.4668e-07
817.0	1.4699e-07
817.2	1.4731e-07
817.4	1.4763e-07
817.6	1.4794e-07
817.8	1.4826e-07
818.0	1.4858e-07
818.2	1.489e-07
818.4	1.4922e-07
818.6	1.4954e-07
818.8	1.482e-07
819.0	1.4484e-07
819.2	1.4156e-07
819.4	1.3835e-07
819.6	1.3522e-07
819.8	1.3216e-07
820.0	1.2916e-07
820.2	1.2624e-07
820.4	1.2338e-07
820.6	1.2058e-07
820.8	1.1785e-07
821.0	1.1518e-07
821.2	1.1257e-07
821.4	1.1002e-07
821.6	1.0753e-07
821.8	1.0509e-07
822.0	1.0271e-07
822.2	1.0038e-07
822.4	9.9102e-08
822.6	9.9817e-08
822.8	1.0054e-07
823.0	1.0126e-07
823.2	1.0199e-07
823.4	1.0273e-07
823.6	1.0347e-07
823.8	1.0421e-07
824.0	1.0497e-07
824.2	1.0572e-07
824.4	1.0648e-07
824.6	1.0725e-07
824.8	1.0803e-07
825.0	1.088e-07
825.2	1.0959e-07
825.4	1.1038e-07
825.6	1.1118e-07
825.8	1.1198e-07
826.0	1.1315e-07
826.2	1.1556e-07
826.4	1.1802e-07
826.6	1.2054e-07
826.8	1.2311e-07
827.0	1.2573e-07
827.2	1.2842e-07
827.4	1.3115e-07
827.6	1.3395e-07
827.8	1.3681e-07
828.0	1.3972e-07
828.2	1.427e-07
828.4	1.4575e-07
828.6	1.4885e-07
828.8	1.5203e-07
829.0	1.5527e-07
829.2	1.5858e-07
829.4	1.6196e-07
829.6	1.6464e-07
829.8	1.6243e-07
830.0	1.6024e-07
830.2	1.5808e-07
830.4	1.5595e-07
830.6	1.5385e-07
830.8	1.5178e-07
831.0	1.4973e-07
831.2	1.4772e-07
831.4	1.4573e-07
831.6	1.4376e-07
831.8	1.4183e-07
832.0	1.3992e-07
832.2	1.3803e-07
832.4	1.3617e-07
832.6	1.3434e-07
832.8	1.3253e-07
833.0	1.3074e-07
833.2	1.2902e-07
833.4	1.2813e-07
833.6	1.2725e-07
833.8	1.2638e-07
834.0	1.255e-07
834.2	1.2464e-07
834.4	1.2378e-07
834.6	1.2293e-07
834.8	1.2208e-07
835.0	1.2124e-07
835.2	1.2041e-07
835.4	1.1958e-07
835.6	1.1875e-07
835.8	1.1794e-07
836.0	1.1712e-07
836.2	1.1632e-07
836.4	1.1552e-07
836.6	1.1472e-07
836.8	1.1393e-07
837.0	1.1309e-07
837.2	1.1226e-07
837.4	1.1143e-07
837.6	1.1061e-07
837.8	1.0979e-07
838.0	1.0898e-07
838.2	1.0818e-07
838.4	1.0738e-07
838.6	1.0659e-07
838.8	1.058e-07
839.0	1.0502e-07
839.2	1.0424e-07
839.4	1.0347e-07
839.6	1.0271e-07
839.8	1.0195e-07
840.0	1.012e-07
840.2	1.0046e-07
840.4	9.9714e-08
840.6	1.0038e-07
840.8	1.0119e-07
841.0	1.0201e-07
841.2	1.0283e-07
841.4	1.0366e-07
841.6	1.045e-07
841.8	1.0535e-07
842.0	1.062e-07
842.2	1.0706e-07
842.4	1.0792e-07
842.6	1.0879e-07
842.8	1.0967e-07
843.0	1.1056e-07
843.2	1.1145e-07
843.4	1.1235e-07
843.6	1.1326e-07
843.8	1.1417e-07
844.0	1.151e-07
844.2	1.1543e-07
844.4	1.1566e-07
844.6	1.1589e-07
844.8	1.1612e-07
845.0	1.1635e-07
845.2	1.1659e-07
845.4	1.1682e-07
845.6	1.1705e-07
845.8	1.1729e-07
846.0	1.1752e-07
846.2	1.1775e-07
846.4	1.1799e-07
846.6	1.1823e-07
846.8	1.1846e-07
847.0	1.187e-07
847.2	1.1894e-07
847.4	1.1917e-07
847.6	1.1941e-07
847.8	1.1726e-07
848.0	1.1461e-07
848.2	1.1202e-07
848.4	1.0948e-07
848.6	1.07e-07
848.8	1.0458e-07
849.0	1.0222e-07
849.2	9.9903e-08
849.4	9.7642e-08
849.6	9.5433e-08
849.8	9.3273e-08
850.0	9.1162e-08
850.2	8.91e-08
850.4	8.7083e-08
850.6	8.5113e-08
850.8	8.3187e-08
851.0	8.1305e-08
851.2	7.9465e-08
851.4	8.0462e-08
851.6	8.2336e-08
851.8	8.4255e-08
852.0	8.6218e-08
852.2	8.8226e-08
852.4	9.0282e-08
852.6	9.2385e-08
852.8	9.4538e-08
853.0	9.674e-08
853.2	9.8994e-08
853.4	1.013e-07
853.6	1.0366e-07
853.8	1.0608e-07
854.0	1.0855e-07
854.2	1.1108e-07
854.4	1.1366e-07
854.6	1.1631e-07
854.8	1.1902e-07
855.0	1.1866e-07
855.2	1.1724e-07
855.4	1.1585e-07
855.6	1.1447e-07
855.8	1.131e-07
856.0	1.1175e-07
856.2	1.1042e-07
856.4	1.091e-07
856.6	1.078e-07
856.8	1.0652e-07
857.0	1.0525e-07
857.2	1.0399e-07
857.4	1.0275e-07
857.6	1.0153e-07
857.8	1.0032e-07
858.0	9.9124e-08
858.2	9.7942e-08
858.4	9.6775e-08
858.6	9.7426e-08
858.8	9.878e-08
859.0	1.0015e-07
859.2	1.0154e-07
859.4	1.0296e-07
859.6	1.0439e-07
859.8	1.0584e-07
860.0	1.0731e-07
860.2	1.088e-07
860.4	1.1031e-07
860.6	1.1184e-07
860.8	1.134e-07
861.0	1.1497e-07
861.2	1.1657e-07
861.4	1.1819e-07
861.6	1.1983e-07
861.8	1.215e-07
862.0	1.2319e-07
862.2	1.2082e-07
862.4	1.1695e-07
862.6	1.132e-07
862.8	1.0957e-07
863.0	1.0605e-07
863.2	1.0265e-07
863.4	9.9357e-08
863.6	9.617e-08
863.8	9.3086e-08
864.0	9.01e-08
864.2	8.721e-08
864.4	8.4413e-08
864.6	8.1705e-08
864.8	7.9084e-08
865.0	7.6548e-08
865.2	7.4092e-08
865.4	7.1716e-08
865.6	6.9416e-08
865.8	6.9854e-08
866.0	7.1367e-08
866.2	7.2912e-08
866.4	7.4491e-08
866.6	7.6104e-08
866.8	7.7752e-08
867.0	7.9436e-08
867.2	8.1156e-08
867.4	8.2913e-08
867.6	8.4709e-08
867.8	8.6543e-08
868.0	8.8417e-08
868.2	9.4694e-08
868.4	1.0142e-07
868.6	1.0862e-07
868.8	1.1633e-07
869.0	1.2459e-07
869.2	1.3343e-07
869.4	1.4281e-07
869.6	1.5266e-07
869.8	1.6319e-07
870.0	1.7445e-07
870.2	1.8648e-07
870.4	1.9934e-07
870.6	2.1308e-07
870.8	2.2778e-07
871.0	2.4349e-07
871.2	2.6028e-07
871.4	2.7823e-07
871.6	2.9742e-07
871.8	3.1793e-07
872.0	3.3986e-07
872.2	3.6329e-07
872.4	3.8835e-07
872.6	4.1513e-07
872.8	4.4376e-07
873.0	4.4192e-07
873.2	3.6511e-07
873.4	3.0165e-07
873.6	2.4922e-07
873.8	2.059e-07
874.0	1.7011e-07
874.2	1.4054e-07
874.4	1.1612e-07
874.6	9.5933e-08
874.8	7.9259e-08
875.0	6.5483e-08
875.2	5.4101e-08
875.4	4.4698e-08
875.6	3.6929e-08
875.8	3.051e-08
876.0	2.5207e-08
876.2	2.0826e-08
876.4	1.7206e-08
876.6	1.9696e-08
876.8	2.521e-08
877.0	3.2267e-08
877.2	4.13e-08
877.4	5.2861e-08
877.6	6.7659e-08
877.8	8.6599e-08
878.0	1.1084e-07
878.2	1.4187e-07
878.4	1.8158e-07
878.6	2.3242e-07
878.8	2.9748e-07
879.0	3.8075e-07
879.2	4.8734e-07
879.4	6.2376e-07
879.6	7.9837e-07
879.8	1.0219e-06
880.0	1.1465e-06
880.2	1.1499e-06
880.4	1.1533e-06
880.6	1.1567e-06
880.8	1.1601e-06
881.0	1.1635e-06
881.2	1.1669e-06
881.4	1.1704e-06
881.6	1.1738e-06
881.8	1.1773e-06
882.0	1.1807e-06
882.2	1.1842e-06
882.4	1.1877e-06
882.6	1.1912e-06
882.8	1.1947e-06
883.0	1.1982e-06
883.2	1.2017e-06
883.4	1.2053e-06
883.6	1.2088e-06
883.8	1.2124e-06
884.0	1.216e-06
884.2	1.2195e-06
884.4	1.2231e-06
884.6	1.2267e-06
884.8	1.2252e-06
885.0	1.1194e-06
885.2	1.0228e-06
885.4	9.3448e-07
885.6	8.538e-07
885.8	7.8009e-07
886.0	7.1275e-07
886.2	6.5121e-07
886.4	5.95e-07
886.6	5.4363e-07
886.8	4.967e-07
887.0	4.5382e-07
887.2	4.1464e-07
887.4	3.7884e-07
887.6	3.4614e-07
887.8	3.1625e-07
888.0	2.8895e-07
888.2	2.6401e-07
888.4	2.4122e-07
888.6	2.2039e-07
888.8	2.0136e-07
889.0	1.8398e-07
889.2	1.681e-07
889.4	1.5359e-07
889.6	1.4033e-07
889.8	1.4265e-07
890.0	1.5824e-07
890.2	1.7553e-07
890.4	1.9471e-07
890.6	2.1599e-07
890.8	2.3959e-07
891.0	2.6577e-07
891.2	2.9481e-07
891.4	3.2703e-07
891.6	3.6276e-07
891.8	4.024e-07
892.0	4.4638e-07
892.2	4.9515e-07
892.4	5.4926e-07
892.6	6.0928e-07
892.8	6.7586e-07
893.0	7.4972e-07
893.2	8.3165e-07
893.4	9.2253e-07
893.6	1.0233e-06
893.8	1.1352e-06
894.0	1.2592e-06
894.2	1.3968e-06
894.4	1.5494e-06
894.6	1.7143e-06
894.8	1.7121e-06
895.0	1.71e-06
895.2	1.7079e-06
895.4	1.7058e-06
895.6	1.7036e-06
895.8	1.7015e-06
896.0	1.6994e-06
896.2	1.6973e-06
896.4	1.6952e-06
896.6	1.6931e-06
896.8	1.691e-06
897.0	1.6889e-06
897.2	1.6868e-06
897.4	1.6847e-06
897.6	1.6826e-06
897.8	1.6805e-06
898.0	1.6784e-06
898.2	1.6526e-06
898.4	1.6126e-06
898.6	1.5737e-06
898.8	1.5357e-06
899.0	1.4986e-06
899.2	1.4624e-06
899.4	1.4271e-06
899.6	1.3926e-06
899.8	1.359e-06
900.0	1.3261e-06
900.2	1.2941e-06
900.4	1.2628e-06
900.6	1.2323e-06
900.8	1.2026e-06
901.0	1.1735e-06
901.2	1.1452e-06
901.4	1.1175e-06
901.6	1.1561e-06
901.8	1.2884e-06
902.0	1.4358e-06
902.2	1.6e-06
902.4	1.783e-06
902.6	1.987e-06
902.8	2.2143e-06
903.0	2.4676e-06
903.2	2.7498e-06
903.4	3.0644e-06
903.6	3.415e-06
903.8	3.8056e-06
904.0	4.2409e-06
