Typical Measured Spectrum of Semrock FF01-357/44 Optical Filter	
For wavelengths between 320 and 1120 nm, values near or below 3e-7 (Optical Density 6.5) are measurement noise limited.
For wavelengths < 320 nm and > 1120 nm, values near or below 3e-6 (Optical Density 5.5) are measurement noise limited. 
Data format:  Wavelength (nm) <tab> Transmission (0 to 1)
200.0	4.5164e-06
200.2	5.8442e-06
200.4	1.0e-07
200.6	1.0e-07
200.8	9.2788e-06
201.0	1.2633e-05
201.2	1.0e-07
201.4	6.5451e-07
201.6	6.5451e-07
201.8	1.0e-07
202.0	1.0e-07
202.2	1.0e-07
202.4	1.7818e-05
202.6	1.7619e-06
202.8	2.6361e-06
203.0	1.0e-07
203.2	1.0e-07
203.4	2.0026e-06
203.6	1.0e-07
203.8	6.4865e-07
204.0	4.7433e-06
204.2	1.533e-05
204.4	1.9437e-05
204.6	2.6298e-05
204.8	1.1984e-05
205.0	3.9471e-06
205.2	1.0e-07
205.4	2.067e-05
205.6	2.7502e-06
205.8	1.0e-07
206.0	2.8361e-06
206.2	3.2535e-06
206.4	1.0e-07
206.6	9.8112e-06
206.8	1.0e-07
207.0	3.2612e-06
207.2	1.0e-07
207.4	2.5607e-07
207.6	5.2577e-06
207.8	1.0e-07
208.0	4.9664e-07
208.2	4.9664e-07
208.4	4.0947e-07
208.6	2.6816e-05
208.8	5.893e-07
209.0	1.0e-07
209.2	4.8195e-06
209.4	1.1406e-05
209.6	1.0e-07
209.8	1.327e-06
210.0	1.0e-07
210.2	8.9055e-07
210.4	1.4646e-05
210.6	5.3518e-07
210.8	1.0e-07
211.0	1.0e-07
211.2	1.0e-07
211.4	1.0e-07
211.6	3.2377e-07
211.8	3.2377e-07
212.0	1.0e-07
212.2	1.0e-07
212.4	1.4837e-06
212.6	1.0e-07
212.8	1.0e-07
213.0	1.0e-07
213.2	7.5482e-06
213.4	1.4711e-05
213.6	3.3862e-06
213.8	1.0e-07
214.0	2.1822e-06
214.2	1.0e-07
214.4	3.6235e-06
214.6	1.5126e-06
214.8	7.2854e-08
215.0	1.0e-07
215.2	6.5103e-06
215.4	5.1572e-07
215.6	3.8406e-06
215.8	3.8328e-07
216.0	2.3585e-07
216.2	1.0e-07
216.4	1.585e-05
216.6	1.4544e-05
216.8	2.231e-05
217.0	3.7747e-07
217.2	8.0048e-06
217.4	1.0e-07
217.6	2.6646e-06
217.8	3.747e-06
218.0	4.5729e-06
218.2	1.0e-07
218.4	1.0449e-06
218.6	1.252e-05
218.8	1.2076e-06
219.0	1.0514e-07
219.2	1.0e-07
219.4	1.0e-07
219.6	1.0e-07
219.8	1.0451e-05
220.0	3.8103e-07
220.2	7.6399e-06
220.4	1.0e-07
220.6	4.0628e-07
220.8	1.0456e-05
221.0	1.8939e-05
221.2	1.5642e-06
221.4	1.0e-07
221.6	1.0e-07
221.8	9.0209e-06
222.0	2.6664e-06
222.2	7.5399e-06
222.4	1.7935e-06
222.6	1.9444e-06
222.8	2.43e-06
223.0	1.0e-07
223.2	2.2948e-06
223.4	6.4259e-06
223.6	3.2415e-07
223.8	2.374e-06
224.0	1.6512e-06
224.2	1.0e-07
224.4	1.5462e-06
224.6	4.7793e-07
224.8	1.0e-07
225.0	1.0e-07
225.2	1.0e-07
225.4	1.0e-07
225.6	1.0e-07
225.8	4.1399e-06
226.0	2.5136e-06
226.2	1.8039e-06
226.4	2.9296e-06
226.6	1.0e-07
226.8	9.585e-07
227.0	4.765e-06
227.2	3.3802e-07
227.4	3.5926e-06
227.6	1.0e-07
227.8	2.6433e-07
228.0	1.6299e-06
228.2	1.0e-07
228.4	5.8876e-06
228.6	1.3768e-06
228.8	3.6571e-06
229.0	5.8883e-07
229.2	1.0379e-06
229.4	1.0e-07
229.6	3.0616e-06
229.8	1.2638e-06
230.0	1.759e-06
230.2	1.0832e-07
230.4	1.0832e-07
230.6	1.0e-07
230.8	9.4306e-07
231.0	1.0e-07
231.2	1.0e-07
231.4	1.2729e-06
231.6	7.9264e-07
231.8	3.1814e-06
232.0	2.791e-06
232.2	2.8792e-07
232.4	2.1581e-06
232.6	1.0e-07
232.8	1.0e-07
233.0	1.0e-07
233.2	3.8928e-06
233.4	3.8687e-06
233.6	1.9578e-06
233.8	1.1968e-06
234.0	1.2742e-06
234.2	1.7622e-07
234.4	2.6449e-07
234.6	1.0e-07
234.8	1.0e-07
235.0	4.8506e-06
235.2	3.469e-07
235.4	1.9603e-06
235.6	2.0428e-06
235.8	1.5349e-07
236.0	1.0e-07
236.2	1.0011e-06
236.4	1.0e-07
236.6	6.5595e-06
236.8	2.4369e-07
237.0	7.5444e-07
237.2	1.0e-07
237.4	1.0e-07
237.6	1.0e-07
237.8	9.8004e-08
238.0	1.0e-07
238.2	1.0e-07
238.4	1.0e-07
238.6	1.0e-07
238.8	1.0e-07
239.0	1.0e-07
239.2	2.9321e-07
239.4	3.6991e-06
239.6	6.9539e-07
239.8	1.0e-07
240.0	1.4404e-06
240.2	8.123e-06
240.4	1.0e-07
240.6	1.0e-07
240.8	1.2342e-06
241.0	1.0537e-06
241.2	8.0415e-07
241.4	2.7412e-07
241.6	1.2472e-06
241.8	1.1365e-07
242.0	1.0e-07
242.2	2.2293e-07
242.4	1.5798e-06
242.6	2.3525e-07
242.8	3.2341e-06
243.0	1.7922e-07
243.2	1.0e-07
243.4	2.9972e-06
243.6	2.8051e-07
243.8	3.6589e-06
244.0	1.0e-07
244.2	1.2739e-06
244.4	4.8112e-06
244.6	1.0509e-06
244.8	1.0e-07
245.0	1.0e-07
245.2	1.5272e-06
245.4	4.0782e-07
245.6	2.1564e-06
245.8	1.0e-07
246.0	8.8667e-07
246.2	6.782e-06
246.4	1.112e-06
246.6	1.0e-07
246.8	1.0e-07
247.0	1.8765e-06
247.2	2.9368e-07
247.4	9.5962e-07
247.6	1.4563e-06
247.8	6.8203e-07
248.0	1.0e-07
248.2	1.4989e-06
248.4	1.961e-07
248.6	4.9935e-07
248.8	4.5974e-06
249.0	2.5855e-07
249.2	1.0e-07
249.4	2.27e-06
249.6	2.2992e-06
249.8	1.1335e-06
250.0	1.0e-07
250.2	1.0e-07
250.4	6.6446e-07
250.6	2.2143e-06
250.8	3.5649e-07
251.0	1.0e-07
251.2	5.4415e-07
251.4	1.9635e-06
251.6	2.9485e-07
251.8	2.406e-06
252.0	3.1722e-06
252.2	1.0e-07
252.4	3.6578e-06
252.6	3.6737e-06
252.8	5.3987e-06
253.0	2.604e-07
253.2	4.9811e-07
253.4	1.0e-07
253.6	3.2892e-07
253.8	3.933e-06
254.0	1.0e-07
254.2	1.0e-07
254.4	5.2198e-07
254.6	6.8718e-08
254.8	1.3444e-06
255.0	1.2304e-07
255.2	3.1715e-06
255.4	2.0107e-06
255.6	6.6892e-07
255.8	1.0e-07
256.0	5.1675e-07
256.2	1.0e-07
256.4	1.0e-07
256.6	3.8482e-07
256.8	1.0e-07
257.0	6.8409e-06
257.2	3.3954e-06
257.4	2.84e-07
257.6	1.0e-07
257.8	3.1282e-06
258.0	2.1787e-06
258.2	1.1876e-06
258.4	7.7075e-07
258.6	3.1581e-07
258.8	1.9097e-06
259.0	1.1749e-07
259.2	1.0e-07
259.4	3.6221e-06
259.6	1.6914e-06
259.8	1.2923e-07
260.0	1.0462e-06
260.2	1.3991e-06
260.4	1.0e-07
260.6	1.0e-07
260.8	7.8224e-07
261.0	1.0e-07
261.2	4.1217e-07
261.4	4.9051e-07
261.6	4.9411e-06
261.8	6.0784e-06
262.0	7.8364e-07
262.2	1.0e-07
262.4	1.0e-07
262.6	1.0e-07
262.8	1.0e-07
263.0	1.0e-07
263.2	1.1805e-06
263.4	1.3117e-07
263.6	1.0e-07
263.8	2.858e-07
264.0	2.858e-07
264.2	1.0e-07
264.4	1.6623e-07
264.6	3.1078e-07
264.8	1.0e-07
265.0	1.0e-07
265.2	8.6979e-07
265.4	1.0e-07
265.6	1.4e-07
265.8	1.4e-07
266.0	5.5226e-06
266.2	2.492e-06
266.4	2.7656e-07
266.6	3.2155e-06
266.8	8.3688e-07
267.0	1.0e-07
267.2	1.0e-07
267.4	1.0e-07
267.6	1.0e-07
267.8	1.0e-07
268.0	1.0e-07
268.2	1.0e-07
268.4	1.0e-07
268.6	2.9544e-07
268.8	1.0e-07
269.0	2.8892e-06
269.2	1.0093e-06
269.4	1.0e-07
269.6	1.0e-07
269.8	5.7453e-06
270.0	3.8721e-06
270.2	2.4869e-06
270.4	2.4261e-07
270.6	2.4261e-07
270.8	1.0e-07
271.0	9.9213e-07
271.2	1.181e-06
271.4	5.2531e-06
271.6	1.0e-07
271.8	1.1695e-06
272.0	1.0e-07
272.2	2.2029e-07
272.4	2.2375e-06
272.6	1.0e-07
272.8	1.3042e-06
273.0	1.5536e-06
273.2	1.0e-07
273.4	3.9964e-07
273.6	2.2608e-07
273.8	1.7314e-06
274.0	2.9178e-06
274.2	3.7642e-06
274.4	3.8732e-06
274.6	3.3531e-06
274.8	4.1357e-06
275.0	1.0e-07
275.2	1.1124e-07
275.4	1.0e-07
275.6	1.0e-07
275.8	1.7931e-06
276.0	1.5562e-06
276.2	9.4922e-07
276.4	2.027e-06
276.6	4.9324e-06
276.8	1.0058e-05
277.0	3.4321e-07
277.2	3.8538e-06
277.4	4.8724e-06
277.6	1.0e-07
277.8	7.2446e-07
278.0	2.2026e-06
278.2	1.6741e-06
278.4	1.0e-07
278.6	1.0e-07
278.8	2.0555e-06
279.0	6.788e-06
279.2	4.5481e-06
279.4	1.2528e-06
279.6	1.6505e-06
279.8	7.0692e-06
280.0	6.1362e-06
280.2	3.3003e-06
280.4	1.0e-07
280.6	5.2557e-07
280.8	1.0e-07
281.0	9.5932e-07
281.2	4.1226e-07
281.4	1.7015e-06
281.6	2.9695e-06
281.8	6.4455e-07
282.0	1.711e-06
282.2	5.9582e-06
282.4	1.0e-07
282.6	5.6203e-07
282.8	5.712e-06
283.0	9.214e-07
283.2	1.6184e-07
283.4	1.0e-07
283.6	1.0e-07
283.8	1.0e-07
284.0	1.0e-07
284.2	1.0e-07
284.4	8.4056e-07
284.6	6.4422e-06
284.8	3.0659e-06
285.0	3.5121e-06
285.2	1.3214e-06
285.4	4.2088e-06
285.6	4.0388e-06
285.8	1.7079e-06
286.0	1.0e-07
286.2	1.0e-07
286.4	1.0e-07
286.6	2.9403e-06
286.8	3.0498e-06
287.0	1.8784e-06
287.2	1.0e-07
287.4	1.0e-07
287.6	1.2367e-06
287.8	9.2361e-07
288.0	2.5763e-06
288.2	1.0e-07
288.4	2.4505e-07
288.6	7.4989e-07
288.8	1.0e-07
289.0	2.6117e-07
289.2	3.0871e-06
289.4	5.5445e-06
289.6	2.1257e-06
289.8	4.1976e-06
290.0	1.0e-07
290.2	1.0e-07
290.4	1.0e-07
290.6	1.0e-07
290.8	1.0e-07
291.0	1.0e-07
291.2	7.7788e-07
291.4	1.1777e-07
291.6	1.0876e-06
291.8	5.1233e-06
292.0	2.2888e-06
292.2	2.2115e-07
292.4	1.0e-07
292.6	1.0e-07
292.8	1.4862e-06
293.0	6.681e-06
293.2	3.7388e-06
293.4	3.318e-06
293.6	6.1026e-06
293.8	9.3753e-07
294.0	8.1315e-07
294.2	4.612e-06
294.4	1.0e-07
294.6	1.0e-07
294.8	9.5816e-06
295.0	2.6693e-06
295.2	3.1382e-06
295.4	1.0e-07
295.6	1.0e-07
295.8	8.3725e-07
296.0	1.7255e-06
296.2	3.7231e-07
296.4	8.0554e-07
296.6	9.5271e-06
296.8	6.7217e-07
297.0	8.4924e-07
297.2	1.5369e-06
297.4	3.111e-06
297.6	3.0191e-07
297.8	1.0e-07
298.0	1.0e-07
298.2	1.0e-07
298.4	1.0e-07
298.6	1.2993e-06
298.8	1.2215e-06
299.0	1.0e-07
299.2	2.6772e-07
299.4	1.7585e-06
299.6	2.3822e-06
299.8	5.1914e-06
300.0	3.3078e-07
300.2	6.9066e-07
300.4	6.2394e-08
300.6	1.0e-07
300.8	7.6068e-07
301.0	3.2338e-07
301.2	3.2338e-07
301.4	2.4341e-06
301.6	2.6806e-07
301.8	5.5234e-06
302.0	1.9728e-06
302.2	3.1129e-07
302.4	2.4115e-06
302.6	2.4674e-06
302.8	2.4595e-06
303.0	1.9975e-06
303.2	9.2957e-06
303.4	1.6041e-06
303.6	1.0e-07
303.8	1.0e-07
304.0	8.6371e-06
304.2	3.6609e-06
304.4	1.8012e-06
304.6	1.028e-07
304.8	1.028e-07
305.0	5.5061e-06
305.2	2.6593e-06
305.4	3.3287e-07
305.6	1.9801e-07
305.8	2.2628e-06
306.0	4.4337e-06
306.2	7.1259e-06
306.4	2.4774e-06
306.6	5.1485e-06
306.8	1.0e-07
307.0	5.9953e-06
307.2	2.3315e-06
307.4	2.0257e-06
307.6	6.5723e-06
307.8	1.4189e-06
308.0	1.0e-07
308.2	1.0e-07
308.4	1.3709e-06
308.6	1.0151e-06
308.8	9.9915e-07
309.0	1.0e-07
309.2	1.0e-07
309.4	1.8425e-06
309.6	3.9127e-06
309.8	2.3964e-06
310.0	1.0e-07
310.2	1.146e-06
310.4	1.0e-07
310.6	2.1579e-06
310.8	5.7135e-06
311.0	4.4131e-06
311.2	2.3065e-07
311.4	2.7839e-06
311.6	1.0e-07
311.8	1.0e-07
312.0	1.0e-07
312.2	1.0e-07
312.4	9.7062e-07
312.6	1.0e-07
312.8	8.0565e-06
313.0	2.5237e-06
313.2	1.0e-07
313.4	1.013e-05
313.6	4.0174e-07
313.8	4.0174e-07
314.0	1.0e-07
314.2	2.0639e-06
314.4	1.0e-07
314.6	1.0e-07
314.8	1.0e-07
315.0	1.0e-07
315.2	1.0e-07
315.4	1.0e-07
315.6	2.6953e-06
315.8	1.5671e-05
316.0	2.7835e-07
316.2	6.8719e-06
316.4	1.0e-07
316.6	3.541e-07
316.8	8.3537e-06
317.0	1.3731e-05
317.2	3.2707e-07
317.4	9.873e-07
317.6	3.3974e-06
317.8	1.0e-07
318.0	1.0e-07
318.2	2.2616e-06
318.4	5.2453e-07
318.6	5.2453e-07
318.8	7.1104e-06
319.0	3.8123e-07
319.2	1.4526e-05
319.4	5.7808e-06
319.6	1.2144e-05
319.8	2.1489e-05
320.0	2.222e-05
320.2	3.8109e-05
320.4	3.6778e-05
320.6	3.4067e-05
320.8	3.6486e-05
321.0	2.9513e-05
321.2	3.0582e-05
321.4	3.7398e-05
321.6	3.7275e-05
321.8	2.6292e-05
322.0	3.232e-05
322.2	3.7878e-05
322.4	3.7705e-05
322.6	3.1584e-05
322.8	3.0367e-05
323.0	3.7272e-05
323.2	4.1769e-05
323.4	4.3401e-05
323.6	4.5264e-05
323.8	4.8161e-05
324.0	4.5645e-05
324.2	4.3422e-05
324.4	4.15e-05
324.6	3.8245e-05
324.8	3.5986e-05
325.0	3.2456e-05
325.2	3.643e-05
325.4	3.878e-05
325.6	3.051e-05
325.8	3.4752e-05
326.0	3.3074e-05
326.2	3.4055e-05
326.4	3.6128e-05
326.6	3.8258e-05
326.8	4.8628e-05
327.0	3.9905e-05
327.2	3.7464e-05
327.4	3.9534e-05
327.6	3.8883e-05
327.8	3.2034e-05
328.0	4.1373e-05
328.2	4.3741e-05
328.4	4.0636e-05
328.6	4.0095e-05
328.8	4.6053e-05
329.0	5.1644e-05
329.2	6.396e-05
329.4	8.6488e-05
329.6	1.2262e-04
329.8	1.6523e-04
330.0	2.7074e-04
330.2	4.7796e-04
330.4	9.8186e-04
330.6	0.00187
330.8	0.00291
331.0	0.00506
331.2	0.00934
331.4	0.01798
331.6	0.03595
331.8	0.07275
332.0	0.14976
332.2	0.24341
332.4	0.37776
332.6	0.51109
332.8	0.59607
333.0	0.63597
333.2	0.64836
333.4	0.65153
333.6	0.67942
333.8	0.66892
334.0	0.68407
334.2	0.69746
334.4	0.70576
334.6	0.70885
334.8	0.70396
335.0	0.71623
335.2	0.70257
335.4	0.69224
335.6	0.69732
335.8	0.70881
336.0	0.72405
336.2	0.73944
336.4	0.75301
336.6	0.76345
336.8	0.76944
337.0	0.76904
337.2	0.76951
337.4	0.77169
337.6	0.77467
337.8	0.77936
338.0	0.78602
338.2	0.78866
338.4	0.79195
338.6	0.79132
338.8	0.78547
339.0	0.78088
339.2	0.77694
339.4	0.77542
339.6	0.77742
339.8	0.78009
340.0	0.78489
340.2	0.79038
340.4	0.79491
340.6	0.79875
340.8	0.80348
341.0	0.80672
341.2	0.80593
341.4	0.80907
341.6	0.81191
341.8	0.81598
342.0	0.81912
342.2	0.82292
342.4	0.82473
342.6	0.82638
342.8	0.829
343.0	0.82684
343.2	0.8255
343.4	0.82395
343.6	0.82159
343.8	0.82142
344.0	0.82456
344.2	0.81936
344.4	0.81481
344.6	0.81145
344.8	0.80867
345.0	0.80933
345.2	0.81064
345.4	0.81526
345.6	0.82236
345.8	0.83178
346.0	0.83378
346.2	0.83555
346.4	0.83485
346.6	0.83132
346.8	0.82594
347.0	0.82487
347.2	0.8245
347.4	0.82579
347.6	0.83155
347.8	0.83754
348.0	0.84454
348.2	0.84855
348.4	0.84852
348.6	0.84715
348.8	0.84476
349.0	0.84191
349.2	0.84036
349.4	0.8401
349.6	0.84256
349.8	0.84944
350.0	0.85637
350.2	0.85946
350.4	0.86288
350.6	0.85937
350.8	0.8549
351.0	0.84937
351.2	0.846
351.4	0.84269
351.6	0.84808
351.8	0.853
352.0	0.85761
352.2	0.86629
352.4	0.87217
352.6	0.87419
352.8	0.87305
353.0	0.8599
353.2	0.85957
353.4	0.85732
353.6	0.85482
353.8	0.85431
354.0	0.85847
354.2	0.86479
354.4	0.87181
354.6	0.87849
354.8	0.88221
355.0	0.88153
355.2	0.87675
355.4	0.87332
355.6	0.86992
355.8	0.86818
356.0	0.86951
356.2	0.87379
356.4	0.87591
356.6	0.87944
356.8	0.88283
357.0	0.88441
357.2	0.884
357.4	0.88135
357.6	0.88019
357.8	0.87893
358.0	0.8781
358.2	0.88027
358.4	0.88196
358.6	0.88475
358.8	0.88516
359.0	0.87015
359.2	0.87806
359.4	0.87662
359.6	0.87205
359.8	0.86866
360.0	0.86742
360.2	0.86897
360.4	0.87267
360.6	0.87916
360.8	0.88567
361.0	0.89258
361.2	0.8974
361.4	0.89996
361.6	0.89962
361.8	0.89809
362.0	0.89253
362.2	0.89077
362.4	0.88869
362.6	0.8897
362.8	0.88962
363.0	0.89297
363.2	0.89538
363.4	0.89434
363.6	0.89269
363.8	0.88944
364.0	0.88798
364.2	0.88674
364.4	0.88692
364.6	0.88847
364.8	0.88983
365.0	0.89847
365.2	0.89644
365.4	0.89921
365.6	0.90283
365.8	0.9004
366.0	0.90013
366.2	0.89634
366.4	0.89321
366.6	0.89242
366.8	0.88947
367.0	0.89158
367.2	0.89531
367.4	0.89846
367.6	0.90138
367.8	0.90272
368.0	0.89708
368.2	0.8986
368.4	0.89982
368.6	0.89879
368.8	0.89867
369.0	0.89863
369.2	0.89901
369.4	0.90014
369.6	0.8956
369.8	0.89701
370.0	0.89869
370.2	0.89724
370.4	0.89584
370.6	0.89468
370.8	0.89795
371.0	0.89408
371.2	0.89906
371.4	0.90404
371.6	0.90859
371.8	0.9108
372.0	0.91187
372.2	0.91253
372.4	0.91055
372.6	0.90239
372.8	0.90263
373.0	0.90276
373.2	0.90262
373.4	0.90191
373.6	0.90091
373.8	0.90199
374.0	0.89646
374.2	0.89945
374.4	0.89922
374.6	0.90043
374.8	0.90621
375.0	0.91061
375.2	0.91626
375.4	0.91953
375.6	0.91639
375.8	0.91078
376.0	0.90025
376.2	0.88495
376.4	0.87188
376.6	0.86319
376.8	0.86118
377.0	0.86934
377.2	0.87785
377.4	0.89309
377.6	0.90499
377.8	0.90804
378.0	0.90059
378.2	0.88437
378.4	0.86695
378.6	0.90414
378.8	0.84216
379.0	0.84129
379.2	0.85016
379.4	0.86224
379.6	0.87196
379.8	0.87869
380.0	0.88377
380.2	0.86875
380.4	0.83085
380.6	0.74481
380.8	0.60514
381.0	0.44892
381.2	0.31053
381.4	0.21961
381.6	0.13
381.8	0.069
382.0	0.03357
382.2	0.01561
382.4	0.00744
382.6	0.00381
382.8	0.00169
383.0	7.8873e-04
383.2	3.9252e-04
383.4	2.0521e-04
383.6	1.2649e-04
383.8	7.8806e-05
384.0	5.0448e-05
384.2	4.0614e-05
384.4	3.5275e-05
384.6	2.7344e-05
384.8	2.0609e-05
385.0	1.5027e-05
385.2	1.3354e-05
385.4	1.1195e-05
385.6	1.3867e-05
385.8	1.2301e-05
386.0	1.1094e-05
386.2	1.0559e-05
386.4	1.0443e-05
386.6	1.0341e-05
386.8	1.0389e-05
387.0	9.4749e-06
387.2	8.8214e-06
387.4	8.4997e-06
387.6	7.6307e-06
387.8	6.1528e-06
388.0	6.6445e-06
388.2	7.1893e-06
388.4	9.7189e-06
388.6	9.0814e-06
388.8	7.9802e-06
389.0	7.3153e-06
389.2	7.2038e-06
389.4	6.8707e-06
389.6	7.8607e-06
389.8	7.8538e-06
390.0	6.6121e-06
390.2	6.4734e-06
390.4	6.3772e-06
390.6	5.4987e-06
390.8	4.408e-06
391.0	5.9852e-06
391.2	4.9073e-07
391.4	7.5521e-07
391.6	5.5531e-07
391.8	5.2764e-07
392.0	1.367e-06
392.2	3.8161e-07
392.4	3.2437e-07
392.6	4.2281e-06
392.8	5.5088e-06
393.0	5.0548e-06
393.2	5.2103e-06
393.4	5.7528e-06
393.6	4.9836e-06
393.8	5.6484e-06
394.0	5.8721e-06
394.2	6.0963e-06
394.4	5.6272e-06
394.6	5.3349e-06
394.8	5.5541e-06
395.0	2.9289e-06
395.2	3.2931e-06
395.4	6.3149e-06
395.6	6.4096e-06
395.8	7.0202e-06
396.0	7.7859e-06
396.2	8.0122e-06
396.4	1.1242e-05
396.6	1.1e-05
396.8	8.6575e-06
397.0	7.4972e-06
397.2	5.6784e-06
397.4	4.1959e-06
397.6	3.5729e-06
397.8	3.542e-06
398.0	3.4701e-06
398.2	2.5383e-06
398.4	3.7182e-06
398.6	3.7788e-06
398.8	3.0458e-06
399.0	2.6636e-06
399.2	2.8433e-06
399.4	3.9707e-06
399.6	5.8901e-06
399.8	5.2995e-06
400.0	6.9971e-06
400.2	5.3209e-06
400.4	6.6725e-06
400.6	7.8028e-06
400.8	8.2787e-06
401.0	7.4409e-06
401.2	3.3721e-06
401.4	4.9079e-06
401.6	2.9678e-06
401.8	4.9299e-06
402.0	2.6395e-06
402.2	2.187e-06
402.4	3.5756e-06
402.6	1.7123e-06
402.8	1.4738e-06
403.0	1.362e-06
403.2	3.8898e-06
403.4	7.0128e-07
403.6	4.152e-06
403.8	2.4552e-06
404.0	4.0079e-06
404.2	2.8021e-06
404.4	7.7466e-07
404.6	4.9893e-06
404.8	1.8386e-06
405.0	2.744e-06
405.2	4.9564e-06
405.4	1.4007e-06
405.6	1.1863e-06
405.8	3.3569e-06
406.0	8.4975e-07
406.2	1.7004e-06
406.4	5.0634e-06
406.6	2.5398e-06
406.8	1.3561e-06
407.0	1.4752e-06
407.2	1.183e-06
407.4	2.2098e-06
407.6	1.9231e-06
407.8	1.2996e-06
408.0	8.9257e-07
408.2	1.9872e-06
408.4	1.1357e-06
408.6	6.3485e-07
408.8	1.06e-06
409.0	3.1258e-06
409.2	1.2223e-06
409.4	1.0344e-06
409.6	1.1486e-06
409.8	1.1127e-06
410.0	6.1898e-07
410.2	1.0263e-06
410.4	1.5715e-06
410.6	1.8205e-06
410.8	8.9639e-07
411.0	8.0355e-07
411.2	8.9134e-07
411.4	2.2683e-06
411.6	9.9371e-07
411.8	5.9777e-07
412.0	5.9426e-07
412.2	1.5769e-06
412.4	7.0648e-07
412.6	2.6554e-06
412.8	6.4312e-07
413.0	7.2452e-07
413.2	1.6952e-06
413.4	5.9453e-07
413.6	1.4653e-06
413.8	6.101e-07
414.0	1.1403e-06
414.2	1.0457e-06
414.4	5.8321e-07
414.6	9.2929e-07
414.8	1.6255e-06
415.0	2.6851e-06
415.2	2.0569e-06
415.4	2.9011e-06
415.6	2.9893e-06
415.8	8.7073e-07
416.0	5.7498e-07
416.2	1.7171e-06
416.4	8.5305e-07
416.6	1.2531e-06
416.8	1.0051e-06
417.0	1.2162e-06
417.2	5.7006e-07
417.4	1.6427e-06
417.6	5.7897e-07
417.8	1.1058e-06
418.0	5.8364e-07
418.2	1.0073e-06
418.4	2.9741e-06
418.6	8.3748e-07
418.8	8.5067e-07
419.0	1.09e-06
419.2	1.4822e-06
419.4	1.022e-06
419.6	1.1191e-06
419.8	5.5279e-07
420.0	1.7784e-06
420.2	8.4696e-07
420.4	5.4272e-07
420.6	6.2612e-07
420.8	1.7309e-06
421.0	1.0078e-06
421.2	1.0268e-06
421.4	1.1825e-06
421.6	5.3689e-07
421.8	5.3548e-07
422.0	5.9794e-07
422.2	7.1932e-07
422.4	5.4056e-07
422.6	5.3553e-07
422.8	5.3218e-07
423.0	8.3573e-07
423.2	5.2852e-07
423.4	1.006e-06
423.6	1.8799e-06
423.8	5.3492e-07
424.0	5.3017e-07
424.2	5.2642e-07
424.4	5.2402e-07
424.6	5.5849e-07
424.8	5.7173e-07
425.0	5.3918e-07
425.2	5.2957e-07
425.4	2.7854e-06
425.6	5.2297e-07
425.8	1.1768e-06
426.0	5.1883e-07
426.2	6.5278e-07
426.4	5.371e-07
426.6	7.4161e-07
426.8	5.72e-07
427.0	8.8176e-07
427.2	1.2084e-06
427.4	1.5099e-06
427.6	6.3174e-07
427.8	9.5786e-07
428.0	5.2376e-07
428.2	5.1997e-07
428.4	8.629e-07
428.6	7.7414e-07
428.8	5.1436e-07
429.0	9.5913e-07
429.2	5.3044e-07
429.4	7.6029e-07
429.6	5.1832e-07
429.8	1.0312e-06
430.0	1.2606e-06
430.2	5.1247e-07
430.4	5.482e-07
430.6	5.2788e-07
430.8	5.2047e-07
431.0	5.3928e-07
431.2	7.9013e-07
431.4	8.5935e-07
431.6	5.2833e-07
431.8	1.0008e-06
432.0	5.2731e-07
432.2	5.1944e-07
432.4	9.3503e-07
432.6	5.138e-07
432.8	5.1147e-07
433.0	1.4556e-06
433.2	1.2133e-06
433.4	5.2868e-07
433.6	1.0335e-06
433.8	1.1406e-06
434.0	5.1544e-07
434.2	5.1498e-07
434.4	5.1174e-07
434.6	6.9987e-07
434.8	5.1084e-07
435.0	6.5671e-08
435.2	1.0846e-07
435.4	3.2042e-07
435.6	1.3281e-07
435.8	9.647e-08
436.0	2.1181e-07
436.2	5.9226e-08
436.4	1.212e-07
436.6	1.9984e-07
436.8	1.7731e-07
437.0	1.8269e-07
437.2	2.2519e-07
437.4	2.6739e-07
437.6	3.0797e-07
437.8	1.9861e-07
438.0	1.2201e-07
438.2	1.3132e-07
438.4	1.9805e-07
438.6	2.7817e-07
438.8	1.1655e-07
439.0	6.4713e-08
439.2	6.5228e-08
439.4	1.6263e-07
439.6	2.3584e-07
439.8	1.8958e-07
440.0	4.1054e-07
440.2	8.2061e-08
440.4	5.1678e-08
440.6	7.8237e-08
440.8	9.2856e-08
441.0	8.2767e-08
441.2	2.2448e-07
441.4	6.2743e-08
441.6	5.1031e-08
441.8	8.3917e-08
442.0	1.7591e-07
442.2	1.68e-07
442.4	6.52e-08
442.6	1.937e-07
442.8	1.1916e-07
443.0	1.0056e-07
443.2	7.9291e-08
443.4	6.4429e-08
443.6	2.1646e-07
443.8	5.4837e-08
444.0	1.6288e-07
444.2	8.1332e-08
444.4	4.953e-08
444.6	4.9411e-08
444.8	4.99e-08
445.0	9.1738e-08
445.2	4.4926e-07
445.4	2.9289e-07
445.6	2.4458e-07
445.8	2.4381e-07
446.0	2.1881e-07
446.2	1.0578e-07
446.4	5.8318e-08
446.6	4.9039e-08
446.8	4.8234e-08
447.0	4.81e-08
447.2	4.7956e-08
447.4	4.7796e-08
447.6	1.9667e-07
447.8	1.5937e-07
448.0	6.5561e-08
448.2	1.3839e-07
448.4	3.46e-07
448.6	2.8644e-07
448.8	3.2274e-07
449.0	3.2781e-07
449.2	3.8789e-07
449.4	5.9043e-07
449.6	7.3558e-07
449.8	6.8183e-07
450.0	8.6434e-07
450.2	1.2563e-06
450.4	1.5631e-06
450.6	2.0098e-06
450.8	2.8863e-06
451.0	3.5754e-06
451.2	4.0866e-06
451.4	4.8099e-06
451.6	4.633e-06
451.8	4.2907e-06
452.0	4.0072e-06
452.2	3.7279e-06
452.4	3.3908e-06
452.6	3.0632e-06
452.8	3.2676e-06
453.0	3.5761e-06
453.2	3.6587e-06
453.4	3.3911e-06
453.6	3.9405e-06
453.8	4.9819e-06
454.0	5.8757e-06
454.2	7.0719e-06
454.4	8.2116e-06
454.6	8.9748e-06
454.8	9.224e-06
455.0	7.1318e-06
455.2	5.8333e-06
455.4	4.0969e-06
455.6	3.1431e-06
455.8	2.6126e-06
456.0	2.1689e-06
456.2	1.6521e-06
456.4	1.5344e-06
456.6	1.2631e-06
456.8	1.1778e-06
457.0	1.0551e-06
457.2	8.8417e-07
457.4	9.1436e-07
457.6	9.4492e-07
457.8	8.3799e-07
458.0	7.3147e-07
458.2	7.9354e-07
458.4	8.946e-07
458.6	8.7155e-07
458.8	1.0288e-06
459.0	1.1362e-06
459.2	1.2421e-06
459.4	1.5e-06
459.6	1.8481e-06
459.8	1.9927e-06
460.0	2.0802e-06
460.2	2.4173e-06
460.4	2.521e-06
460.6	2.5955e-06
460.8	2.8959e-06
461.0	2.9548e-06
461.2	2.5756e-06
461.4	2.4422e-06
461.6	2.3562e-06
461.8	2.2255e-06
462.0	2.0404e-06
462.2	1.9005e-06
462.4	1.9111e-06
462.6	1.8749e-06
462.8	1.945e-06
463.0	1.9353e-06
463.2	2.0199e-06
463.4	2.3941e-06
463.6	2.4732e-06
463.8	2.7963e-06
464.0	3.1427e-06
464.2	3.5733e-06
464.4	4.0933e-06
464.6	4.6395e-06
464.8	4.9598e-06
465.0	5.2247e-06
465.2	5.0438e-06
465.4	4.586e-06
465.6	3.9301e-06
465.8	3.2353e-06
466.0	2.6639e-06
466.2	2.42e-06
466.4	2.0201e-06
466.6	1.7317e-06
466.8	1.4693e-06
467.0	1.3279e-06
467.2	1.3363e-06
467.4	1.2461e-06
467.6	9.6806e-07
467.8	9.696e-07
468.0	9.8704e-07
468.2	9.6439e-07
468.4	1.0096e-06
468.6	1.0347e-06
468.8	1.1141e-06
469.0	1.1111e-06
469.2	1.2087e-06
469.4	1.4619e-06
469.6	1.6347e-06
469.8	1.6913e-06
470.0	2.0418e-06
470.2	2.4575e-06
470.4	2.6439e-06
470.6	2.5857e-06
470.8	2.4795e-06
471.0	2.4568e-06
471.2	2.3571e-06
471.4	2.1303e-06
471.6	1.6942e-06
471.8	1.4523e-06
472.0	1.2929e-06
472.2	1.0194e-06
472.4	9.074e-07
472.6	7.4666e-07
472.8	7.3612e-07
473.0	6.9631e-07
473.2	6.7482e-07
473.4	6.7358e-07
473.6	5.4593e-07
473.8	4.2562e-07
474.0	3.9738e-07
474.2	3.6955e-07
474.4	3.7239e-07
474.6	4.118e-07
474.8	4.8342e-07
475.0	4.5305e-07
475.2	5.4631e-07
475.4	4.9366e-07
475.6	4.9705e-07
475.8	5.6258e-07
476.0	6.6998e-07
476.2	6.9271e-07
476.4	7.3615e-07
476.6	7.7865e-07
476.8	7.5884e-07
477.0	8.8758e-07
477.2	1.0878e-06
477.4	1.1962e-06
477.6	1.4579e-06
477.8	1.6683e-06
478.0	1.9917e-06
478.2	2.5788e-06
478.4	3.0365e-06
478.6	3.3759e-06
478.8	4.2949e-06
479.0	5.399e-06
479.2	6.4805e-06
479.4	7.7604e-06
479.6	9.5344e-06
479.8	1.175e-05
480.0	1.4297e-05
480.2	1.6863e-05
480.4	1.9674e-05
480.6	2.1892e-05
480.8	2.325e-05
481.0	2.3862e-05
481.2	2.4052e-05
481.4	2.3751e-05
481.6	2.1348e-05
481.8	1.9419e-05
482.0	1.7239e-05
482.2	1.5338e-05
482.4	1.3404e-05
482.6	1.1381e-05
482.8	9.9109e-06
483.0	8.3399e-06
483.2	7.8251e-06
483.4	7.2462e-06
483.6	6.2107e-06
483.8	5.452e-06
484.0	5.0993e-06
484.2	4.7127e-06
484.4	4.5015e-06
484.6	4.2021e-06
484.8	4.0463e-06
485.0	4.0829e-06
485.2	3.8867e-06
485.4	3.8529e-06
485.6	3.8998e-06
485.8	4.0597e-06
486.0	4.2285e-06
486.2	4.3193e-06
486.4	4.2591e-06
486.6	4.4176e-06
486.8	5.3849e-06
487.0	5.7174e-06
487.2	5.9473e-06
487.4	6.4013e-06
487.6	7.2965e-06
487.8	8.4751e-06
488.0	9.794e-06
488.2	1.1118e-05
488.4	1.2791e-05
488.6	1.4859e-05
488.8	1.7375e-05
489.0	2.0394e-05
489.2	2.4209e-05
489.4	2.8851e-05
489.6	3.3031e-05
489.8	3.7745e-05
490.0	4.254e-05
490.2	4.6692e-05
490.4	4.9123e-05
490.6	5.0365e-05
490.8	5.1608e-05
491.0	5.0656e-05
491.2	4.7943e-05
491.4	4.503e-05
491.6	4.2702e-05
491.8	3.9395e-05
492.0	3.5284e-05
492.2	3.1772e-05
492.4	2.8601e-05
492.6	2.5573e-05
492.8	2.2683e-05
493.0	1.9981e-05
493.2	1.7949e-05
493.4	1.6009e-05
493.6	1.3925e-05
493.8	1.2764e-05
494.0	1.1694e-05
494.2	1.0371e-05
494.4	9.5153e-06
494.6	8.668e-06
494.8	8.1894e-06
495.0	7.6262e-06
495.2	7.0145e-06
495.4	6.5057e-06
495.6	6.0543e-06
495.8	5.8116e-06
496.0	5.6936e-06
496.2	5.7072e-06
496.4	5.7894e-06
496.6	5.5418e-06
496.8	5.1416e-06
497.0	5.1714e-06
497.2	5.075e-06
497.4	5.1619e-06
497.6	5.1382e-06
497.8	4.9002e-06
498.0	4.7809e-06
498.2	4.834e-06
498.4	5.0552e-06
498.6	4.9394e-06
498.8	4.9442e-06
499.0	4.9468e-06
499.2	4.7822e-06
499.4	4.7682e-06
499.6	4.9596e-06
499.8	4.9124e-06
500.0	4.8162e-06
500.2	4.8283e-06
500.4	4.9372e-06
500.6	4.9723e-06
500.8	4.9051e-06
501.0	4.8579e-06
501.2	4.9301e-06
501.4	5.0859e-06
501.6	5.326e-06
501.8	5.5644e-06
502.0	5.4656e-06
502.2	5.5447e-06
502.4	5.8622e-06
502.6	6.0799e-06
502.8	6.525e-06
503.0	6.9639e-06
503.2	7.0089e-06
503.4	7.3175e-06
503.6	7.6108e-06
503.8	8.2572e-06
504.0	8.9122e-06
504.2	9.5709e-06
504.4	1.021e-05
504.6	1.0779e-05
504.8	1.1771e-05
505.0	1.2202e-05
505.2	1.3228e-05
505.4	1.4064e-05
505.6	1.4706e-05
505.8	1.5372e-05
506.0	1.6139e-05
506.2	1.6542e-05
506.4	1.664e-05
506.6	1.6932e-05
506.8	1.6828e-05
507.0	1.642e-05
507.2	1.6323e-05
507.4	1.5569e-05
507.6	1.5014e-05
507.8	1.4236e-05
508.0	1.3582e-05
508.2	1.3019e-05
508.4	1.2367e-05
508.6	1.1408e-05
508.8	1.0892e-05
509.0	1.0189e-05
509.2	9.5333e-06
509.4	9.0159e-06
509.6	8.5422e-06
509.8	8.1123e-06
510.0	7.8321e-06
510.2	7.5116e-06
510.4	7.272e-06
510.6	7.1252e-06
510.8	6.9097e-06
511.0	6.6855e-06
511.2	6.6942e-06
511.4	6.5461e-06
511.6	6.5694e-06
511.8	6.7023e-06
512.0	6.8509e-06
512.2	6.9294e-06
512.4	7.0127e-06
512.6	7.2343e-06
512.8	7.6727e-06
513.0	7.9216e-06
513.2	8.2778e-06
513.4	9.0645e-06
513.6	9.9026e-06
513.8	1.0525e-05
514.0	1.119e-05
514.2	1.2014e-05
514.4	1.316e-05
514.6	1.4588e-05
514.8	1.6209e-05
515.0	1.7677e-05
515.2	1.8725e-05
515.4	2.0663e-05
515.6	2.2198e-05
515.8	2.3207e-05
516.0	2.377e-05
516.2	2.4131e-05
516.4	2.445e-05
516.6	2.4529e-05
516.8	2.3947e-05
517.0	2.3165e-05
517.2	2.2012e-05
517.4	2.0782e-05
517.6	1.9858e-05
517.8	1.8738e-05
518.0	1.776e-05
518.2	1.7435e-05
518.4	1.6625e-05
518.6	1.6027e-05
518.8	1.573e-05
519.0	1.5257e-05
519.2	1.4748e-05
519.4	1.4604e-05
519.6	1.426e-05
519.8	1.3857e-05
520.0	1.3595e-05
520.2	1.3437e-05
520.4	1.2915e-05
520.6	1.2384e-05
520.8	1.1695e-05
521.0	1.129e-05
521.2	1.0736e-05
521.4	1.01e-05
521.6	9.4576e-06
521.8	8.7945e-06
522.0	8.0914e-06
522.2	7.7665e-06
522.4	7.0966e-06
522.6	6.5293e-06
522.8	6.0978e-06
523.0	5.7393e-06
523.2	5.4707e-06
523.4	4.8223e-06
523.6	4.7952e-06
523.8	4.4969e-06
524.0	4.2409e-06
524.2	4.0768e-06
524.4	3.935e-06
524.6	3.6685e-06
524.8	3.4915e-06
525.0	3.421e-06
525.2	3.5602e-06
525.4	3.5682e-06
525.6	3.3636e-06
525.8	3.1412e-06
526.0	3.3721e-06
526.2	3.4417e-06
526.4	3.4599e-06
526.6	3.4732e-06
526.8	3.578e-06
527.0	3.7492e-06
527.2	3.701e-06
527.4	3.9112e-06
527.6	4.102e-06
527.8	4.1255e-06
528.0	4.2437e-06
528.2	4.5105e-06
528.4	4.8918e-06
528.6	5.0558e-06
528.8	5.2312e-06
529.0	5.381e-06
529.2	5.7454e-06
529.4	6.1137e-06
529.6	6.3471e-06
529.8	6.4229e-06
530.0	6.9263e-06
530.2	7.2365e-06
530.4	7.7124e-06
530.6	8.1566e-06
530.8	8.4453e-06
531.0	8.6626e-06
531.2	9.0219e-06
531.4	9.9264e-06
531.6	1.0191e-05
531.8	1.0812e-05
532.0	1.1392e-05
532.2	1.2136e-05
532.4	1.312e-05
532.6	1.4004e-05
532.8	1.5267e-05
533.0	1.6418e-05
533.2	1.7828e-05
533.4	1.9659e-05
533.6	2.1714e-05
533.8	2.4008e-05
534.0	2.6926e-05
534.2	2.913e-05
534.4	3.1605e-05
534.6	3.4186e-05
534.8	3.5413e-05
535.0	3.5889e-05
535.2	3.5947e-05
535.4	3.4336e-05
535.6	3.2312e-05
535.8	2.9277e-05
536.0	2.6423e-05
536.2	2.3877e-05
536.4	2.1483e-05
536.6	1.936e-05
536.8	1.7275e-05
537.0	1.5841e-05
537.2	1.4528e-05
537.4	1.3646e-05
537.6	1.2974e-05
537.8	1.2278e-05
538.0	1.1691e-05
538.2	1.1213e-05
538.4	1.1202e-05
538.6	1.1151e-05
538.8	1.0972e-05
539.0	1.1011e-05
539.2	1.133e-05
539.4	1.1881e-05
539.6	1.24e-05
539.8	1.292e-05
540.0	1.3643e-05
540.2	1.4579e-05
540.4	1.543e-05
540.6	1.6297e-05
540.8	1.7548e-05
541.0	1.8343e-05
541.2	1.875e-05
541.4	1.8589e-05
541.6	1.781e-05
541.8	1.6922e-05
542.0	1.5928e-05
542.2	1.4076e-05
542.4	1.2526e-05
542.6	1.0985e-05
542.8	9.5576e-06
543.0	8.328e-06
543.2	7.2973e-06
543.4	6.3969e-06
543.6	5.5068e-06
543.8	4.9988e-06
544.0	4.5122e-06
544.2	4.0498e-06
544.4	3.6654e-06
544.6	3.359e-06
544.8	3.1136e-06
545.0	2.895e-06
545.2	2.7062e-06
545.4	2.5245e-06
545.6	2.3981e-06
545.8	2.3714e-06
546.0	2.2803e-06
546.2	2.1525e-06
546.4	2.0726e-06
546.6	2.0825e-06
546.8	2.1088e-06
547.0	2.1106e-06
547.2	2.0851e-06
547.4	2.124e-06
547.6	2.1574e-06
547.8	2.1044e-06
548.0	2.1538e-06
548.2	2.2333e-06
548.4	2.2997e-06
548.6	2.3762e-06
548.8	2.5173e-06
549.0	2.7575e-06
549.2	2.7813e-06
549.4	2.9134e-06
549.6	3.1197e-06
549.8	3.3357e-06
550.0	3.5454e-06
550.2	3.8753e-06
550.4	4.3135e-06
550.6	4.6702e-06
550.8	4.9894e-06
551.0	5.3906e-06
551.2	5.9925e-06
551.4	6.5347e-06
551.6	7.4056e-06
551.8	8.1436e-06
552.0	9.0225e-06
552.2	1.0068e-05
552.4	1.1259e-05
552.6	1.2539e-05
552.8	1.4336e-05
553.0	1.5918e-05
553.2	1.7877e-05
553.4	1.9975e-05
553.6	2.2235e-05
553.8	2.4662e-05
554.0	2.7228e-05
554.2	3.0166e-05
554.4	3.3338e-05
554.6	3.5902e-05
554.8	3.8167e-05
555.0	4.0355e-05
555.2	4.259e-05
555.4	4.466e-05
555.6	4.5834e-05
555.8	4.7186e-05
556.0	4.7221e-05
556.2	4.701e-05
556.4	4.6594e-05
556.6	4.5909e-05
556.8	4.5091e-05
557.0	4.4434e-05
557.2	4.4028e-05
557.4	4.3013e-05
557.6	4.2053e-05
557.8	4.1553e-05
558.0	4.1569e-05
558.2	4.0627e-05
558.4	4.0741e-05
558.6	4.0581e-05
558.8	4.0316e-05
559.0	4.0294e-05
559.2	4.051e-05
559.4	4.0779e-05
559.6	3.9849e-05
559.8	3.9034e-05
560.0	3.8204e-05
560.2	3.6452e-05
560.4	3.4595e-05
560.6	3.2787e-05
560.8	3.0739e-05
561.0	2.8002e-05
561.2	2.5005e-05
561.4	2.2009e-05
561.6	1.9557e-05
561.8	1.7351e-05
562.0	1.538e-05
562.2	1.3894e-05
562.4	1.2428e-05
562.6	1.1161e-05
562.8	9.8626e-06
563.0	8.8566e-06
563.2	8.1622e-06
563.4	7.6452e-06
563.6	7.0699e-06
563.8	6.4099e-06
564.0	5.9574e-06
564.2	5.6122e-06
564.4	5.1994e-06
564.6	4.8723e-06
564.8	4.764e-06
565.0	4.6931e-06
565.2	4.4318e-06
565.4	4.2868e-06
565.6	4.1801e-06
565.8	4.1021e-06
566.0	4.0927e-06
566.2	4.11e-06
566.4	4.1623e-06
566.6	4.1614e-06
566.8	4.2335e-06
567.0	4.3906e-06
567.2	4.4428e-06
567.4	4.4718e-06
567.6	4.7761e-06
567.8	4.9012e-06
568.0	5.1584e-06
568.2	5.2764e-06
568.4	5.2611e-06
568.6	5.3244e-06
568.8	5.3639e-06
569.0	5.3351e-06
569.2	5.3191e-06
569.4	5.1435e-06
569.6	4.9335e-06
569.8	4.6667e-06
570.0	4.3524e-06
570.2	4.1186e-06
570.4	3.6358e-06
570.6	3.4933e-06
570.8	3.1953e-06
571.0	2.8572e-06
571.2	2.6481e-06
571.4	2.4634e-06
571.6	2.1449e-06
571.8	2.0046e-06
572.0	1.8513e-06
572.2	1.7167e-06
572.4	1.5924e-06
572.6	1.5173e-06
572.8	1.5379e-06
573.0	1.4817e-06
573.2	1.3452e-06
573.4	1.2595e-06
573.6	1.2395e-06
573.8	1.2243e-06
574.0	1.1198e-06
574.2	1.0726e-06
574.4	1.1477e-06
574.6	1.0686e-06
574.8	1.0511e-06
575.0	1.0983e-06
575.2	1.1631e-06
575.4	1.1489e-06
575.6	1.183e-06
575.8	1.2203e-06
576.0	1.2282e-06
576.2	1.2357e-06
576.4	1.2545e-06
576.6	1.3014e-06
576.8	1.4072e-06
577.0	1.4941e-06
577.2	1.6742e-06
577.4	1.81e-06
577.6	1.9265e-06
577.8	2.0922e-06
578.0	2.3426e-06
578.2	2.5432e-06
578.4	3.0101e-06
578.6	3.0968e-06
578.8	3.4978e-06
579.0	4.06e-06
579.2	4.7065e-06
579.4	5.3675e-06
579.6	6.1485e-06
579.8	7.0916e-06
580.0	7.8325e-06
580.2	8.728e-06
580.4	9.5749e-06
580.6	1.032e-05
580.8	1.0984e-05
581.0	1.0858e-05
581.2	1.0949e-05
581.4	1.0726e-05
581.6	1.0504e-05
581.8	1.0112e-05
582.0	9.5621e-06
582.2	9.0435e-06
582.4	8.5747e-06
582.6	8.2609e-06
582.8	7.7333e-06
583.0	7.4998e-06
583.2	7.3451e-06
583.4	7.1697e-06
583.6	7.121e-06
583.8	7.0599e-06
584.0	7.0921e-06
584.2	7.0238e-06
584.4	7.1334e-06
584.6	7.2343e-06
584.8	7.2937e-06
585.0	7.9373e-06
585.2	8.3071e-06
585.4	8.6628e-06
585.6	9.3338e-06
585.8	1.0138e-05
586.0	1.1044e-05
586.2	1.208e-05
586.4	1.3341e-05
586.6	1.4667e-05
586.8	1.6172e-05
587.0	1.775e-05
587.2	1.946e-05
587.4	2.1175e-05
587.6	2.263e-05
587.8	2.3785e-05
588.0	2.4594e-05
588.2	2.5246e-05
588.4	2.5422e-05
588.6	2.4536e-05
588.8	2.3087e-05
589.0	2.2212e-05
589.2	2.0596e-05
589.4	1.9354e-05
589.6	1.8262e-05
589.8	1.7408e-05
590.0	1.6441e-05
590.2	1.5403e-05
590.4	1.4981e-05
590.6	1.437e-05
590.8	1.3851e-05
591.0	1.3464e-05
591.2	1.3386e-05
591.4	1.3435e-05
591.6	1.3567e-05
591.8	1.418e-05
592.0	1.4366e-05
592.2	1.4677e-05
592.4	1.5317e-05
592.6	1.6234e-05
592.8	1.731e-05
593.0	1.8494e-05
593.2	1.9261e-05
593.4	2.0408e-05
593.6	2.1453e-05
593.8	2.23e-05
594.0	2.3246e-05
594.2	2.3724e-05
594.4	2.2867e-05
594.6	2.2585e-05
594.8	2.1344e-05
595.0	1.9601e-05
595.2	1.7749e-05
595.4	1.5892e-05
595.6	1.4153e-05
595.8	1.2778e-05
596.0	1.114e-05
596.2	9.6989e-06
596.4	8.5638e-06
596.6	7.6504e-06
596.8	6.7955e-06
597.0	6.082e-06
597.2	5.703e-06
597.4	5.29e-06
597.6	4.8154e-06
597.8	4.4313e-06
598.0	4.127e-06
598.2	3.8448e-06
598.4	3.6902e-06
598.6	3.5463e-06
598.8	3.4745e-06
599.0	3.2633e-06
599.2	3.1291e-06
599.4	3.1566e-06
599.6	3.075e-06
599.8	2.9904e-06
600.0	2.9552e-06
600.2	2.9853e-06
600.4	3.0889e-06
600.6	3.1958e-06
600.8	3.274e-06
601.0	3.3553e-06
601.2	3.2332e-06
601.4	3.473e-06
601.6	3.6135e-06
601.8	3.7522e-06
602.0	3.9398e-06
602.2	4.2072e-06
602.4	4.5106e-06
602.6	4.7873e-06
602.8	5.1575e-06
603.0	5.6818e-06
603.2	6.2285e-06
603.4	6.7781e-06
603.6	7.4589e-06
603.8	8.1741e-06
604.0	8.9169e-06
604.2	1.0105e-05
604.4	1.1382e-05
604.6	1.2827e-05
604.8	1.4463e-05
605.0	1.5951e-05
605.2	1.7693e-05
605.4	1.9336e-05
605.6	2.1024e-05
605.8	2.2663e-05
606.0	2.3955e-05
606.2	2.4675e-05
606.4	2.4998e-05
606.6	2.5134e-05
606.8	2.513e-05
607.0	2.4437e-05
607.2	2.3549e-05
607.4	2.2743e-05
607.6	2.2097e-05
607.8	2.1051e-05
608.0	2.0583e-05
608.2	1.962e-05
608.4	1.9322e-05
608.6	1.8917e-05
608.8	1.8396e-05
609.0	1.8108e-05
609.2	1.8088e-05
609.4	1.8607e-05
609.6	1.8685e-05
609.8	1.9066e-05
610.0	1.9554e-05
610.2	2.0021e-05
610.4	2.0397e-05
610.6	2.1462e-05
610.8	2.2213e-05
611.0	2.3683e-05
611.2	2.5338e-05
611.4	2.7001e-05
611.6	2.8667e-05
611.8	3.0662e-05
612.0	3.3004e-05
612.2	3.5812e-05
612.4	3.894e-05
612.6	4.2134e-05
612.8	4.5555e-05
613.0	4.9327e-05
613.2	5.3212e-05
613.4	5.6945e-05
613.6	6.1556e-05
613.8	6.5657e-05
614.0	6.9634e-05
614.2	7.3825e-05
614.4	7.8415e-05
614.6	8.1917e-05
614.8	8.4595e-05
615.0	8.9042e-05
615.2	9.1896e-05
615.4	9.4638e-05
615.6	9.7653e-05
615.8	1.0022e-04
616.0	1.0092e-04
616.2	1.0111e-04
616.4	1.0105e-04
616.6	9.9757e-05
616.8	9.6366e-05
617.0	9.1145e-05
617.2	8.5447e-05
617.4	7.7242e-05
617.6	6.8293e-05
617.8	6.0833e-05
618.0	5.3041e-05
618.2	4.5771e-05
618.4	3.9497e-05
618.6	3.3747e-05
618.8	2.8563e-05
619.0	2.4367e-05
619.2	2.1199e-05
619.4	1.8431e-05
619.6	1.592e-05
619.8	1.3729e-05
620.0	1.1895e-05
620.2	1.0592e-05
620.4	9.1905e-06
620.6	8.1644e-06
620.8	7.3194e-06
621.0	6.5457e-06
621.2	5.9683e-06
621.4	5.5002e-06
621.6	4.9494e-06
621.8	4.5191e-06
622.0	4.2538e-06
622.2	4.0277e-06
622.4	3.7878e-06
622.6	3.5561e-06
622.8	3.2182e-06
623.0	3.0817e-06
623.2	2.939e-06
623.4	2.9233e-06
623.6	2.9051e-06
623.8	2.7045e-06
624.0	2.5037e-06
624.2	2.5694e-06
624.4	2.4449e-06
624.6	2.3285e-06
624.8	2.3453e-06
625.0	2.3785e-06
625.2	2.3441e-06
625.4	2.276e-06
625.6	2.3021e-06
625.8	2.3141e-06
626.0	2.3623e-06
626.2	2.3816e-06
626.4	2.338e-06
626.6	2.3941e-06
626.8	2.5668e-06
627.0	2.7326e-06
627.2	2.8803e-06
627.4	2.9599e-06
627.6	3.029e-06
627.8	3.2401e-06
628.0	3.4513e-06
628.2	3.6586e-06
628.4	3.9935e-06
628.6	4.1798e-06
628.8	4.3341e-06
629.0	4.68e-06
629.2	5.134e-06
629.4	5.7036e-06
629.6	6.1442e-06
629.8	6.7832e-06
630.0	7.4952e-06
630.2	8.3096e-06
630.4	9.4202e-06
630.6	1.0779e-05
630.8	1.2016e-05
631.0	1.3559e-05
631.2	1.5614e-05
631.4	1.784e-05
631.6	2.0143e-05
631.8	2.3011e-05
632.0	2.6545e-05
632.2	3.0275e-05
632.4	3.4233e-05
632.6	3.8276e-05
632.8	4.233e-05
633.0	4.6209e-05
633.2	4.9293e-05
633.4	5.222e-05
633.6	5.3415e-05
633.8	5.3948e-05
634.0	5.3907e-05
634.2	5.3226e-05
634.4	5.2013e-05
634.6	5.1059e-05
634.8	5.0141e-05
635.0	4.8786e-05
635.2	4.7556e-05
635.4	4.6208e-05
635.6	4.507e-05
635.8	4.4369e-05
636.0	4.3407e-05
636.2	4.2463e-05
636.4	4.1033e-05
636.6	4.0228e-05
636.8	3.9217e-05
637.0	3.7808e-05
637.2	3.6114e-05
637.4	3.4647e-05
637.6	3.2992e-05
637.8	3.0855e-05
638.0	2.9162e-05
638.2	2.7398e-05
638.4	2.5373e-05
638.6	2.3138e-05
638.8	2.1123e-05
639.0	1.9144e-05
639.2	1.772e-05
639.4	1.6134e-05
639.6	1.4586e-05
639.8	1.3311e-05
640.0	1.2588e-05
640.2	1.1349e-05
640.4	1.0435e-05
640.6	9.6257e-06
640.8	9.1134e-06
641.0	8.5838e-06
641.2	7.883e-06
641.4	7.4926e-06
641.6	7.0002e-06
641.8	6.4998e-06
642.0	6.2582e-06
642.2	6.0092e-06
642.4	5.7795e-06
642.6	5.6394e-06
642.8	5.3338e-06
643.0	5.151e-06
643.2	5.0197e-06
643.4	4.9378e-06
643.6	4.7976e-06
643.8	4.6745e-06
644.0	4.6901e-06
644.2	4.7487e-06
644.4	4.6146e-06
644.6	4.5311e-06
644.8	4.6224e-06
645.0	4.7732e-06
645.2	4.8985e-06
645.4	4.912e-06
645.6	5.0051e-06
645.8	5.1908e-06
646.0	5.3466e-06
646.2	5.5742e-06
646.4	5.7933e-06
646.6	5.961e-06
646.8	6.1793e-06
647.0	6.6233e-06
647.2	6.8604e-06
647.4	7.26e-06
647.6	7.718e-06
647.8	8.1687e-06
648.0	8.6716e-06
648.2	9.107e-06
648.4	9.8022e-06
648.6	1.0584e-05
648.8	1.1414e-05
649.0	1.2252e-05
649.2	1.3163e-05
649.4	1.422e-05
649.6	1.5267e-05
649.8	1.6523e-05
650.0	1.7718e-05
650.2	1.8971e-05
650.4	2.0243e-05
650.6	2.1443e-05
650.8	2.2682e-05
651.0	2.3674e-05
651.2	2.4799e-05
651.4	2.5409e-05
651.6	2.6026e-05
651.8	2.6773e-05
652.0	2.7106e-05
652.2	2.7262e-05
652.4	2.7632e-05
652.6	2.7661e-05
652.8	2.7291e-05
653.0	2.7037e-05
653.2	2.695e-05
653.4	2.6603e-05
653.6	2.657e-05
653.8	2.6224e-05
654.0	2.6041e-05
654.2	2.5977e-05
654.4	2.5987e-05
654.6	2.5969e-05
654.8	2.586e-05
655.0	2.5683e-05
655.2	2.5053e-05
655.4	2.4755e-05
655.6	2.4425e-05
655.8	2.3852e-05
656.0	2.3249e-05
656.2	2.2334e-05
656.4	2.1632e-05
656.6	2.0597e-05
656.8	1.97e-05
657.0	1.882e-05
657.2	1.7772e-05
657.4	1.6731e-05
657.6	1.5577e-05
657.8	1.4566e-05
658.0	1.3553e-05
658.2	1.2686e-05
658.4	1.1829e-05
658.6	1.0842e-05
658.8	1.0004e-05
659.0	9.3196e-06
659.2	8.9398e-06
659.4	8.223e-06
659.6	7.5788e-06
659.8	7.1021e-06
660.0	6.6559e-06
660.2	6.1348e-06
660.4	5.9295e-06
660.6	5.4746e-06
660.8	5.1551e-06
661.0	4.9416e-06
661.2	4.7541e-06
661.4	4.4736e-06
661.6	4.3033e-06
661.8	4.0554e-06
662.0	3.9104e-06
662.2	3.8896e-06
662.4	3.8665e-06
662.6	3.7513e-06
662.8	3.6405e-06
663.0	3.5474e-06
663.2	3.6059e-06
663.4	3.5546e-06
663.6	3.5616e-06
663.8	3.6163e-06
664.0	3.636e-06
664.2	3.4702e-06
664.4	3.4975e-06
664.6	3.478e-06
664.8	3.5778e-06
665.0	3.5966e-06
665.2	3.5898e-06
665.4	3.786e-06
665.6	3.9097e-06
665.8	3.9235e-06
666.0	4.1772e-06
666.2	4.3703e-06
666.4	4.5096e-06
666.6	4.6076e-06
666.8	4.6872e-06
667.0	4.9903e-06
667.2	5.2111e-06
667.4	5.5522e-06
667.6	5.9107e-06
667.8	6.298e-06
668.0	6.7155e-06
668.2	7.1315e-06
668.4	7.8051e-06
668.6	8.3945e-06
668.8	8.9076e-06
669.0	9.5123e-06
669.2	1.0306e-05
669.4	1.1285e-05
669.6	1.2047e-05
669.8	1.3049e-05
670.0	1.4277e-05
670.2	1.5027e-05
670.4	1.6124e-05
670.6	1.7381e-05
670.8	1.8273e-05
671.0	1.9013e-05
671.2	2.0095e-05
671.4	2.147e-05
671.6	2.1877e-05
671.8	2.2221e-05
672.0	2.2585e-05
672.2	2.2627e-05
672.4	2.2549e-05
672.6	2.2413e-05
672.8	2.2261e-05
673.0	2.2184e-05
673.2	2.1987e-05
673.4	2.1634e-05
673.6	2.1231e-05
673.8	2.1198e-05
674.0	2.0976e-05
674.2	2.0817e-05
674.4	2.0525e-05
674.6	2.0274e-05
674.8	2.0209e-05
675.0	2.0366e-05
675.2	2.0398e-05
675.4	2.0437e-05
675.6	2.0527e-05
675.8	2.0904e-05
676.0	2.1205e-05
676.2	2.122e-05
676.4	2.1222e-05
676.6	2.1267e-05
676.8	2.1358e-05
677.0	2.1533e-05
677.2	2.1521e-05
677.4	2.1348e-05
677.6	2.1168e-05
677.8	2.088e-05
678.0	2.0645e-05
678.2	2.0327e-05
678.4	1.9826e-05
678.6	1.907e-05
678.8	1.8283e-05
679.0	1.7679e-05
679.2	1.628e-05
679.4	1.5522e-05
679.6	1.4709e-05
679.8	1.38e-05
680.0	1.2865e-05
680.2	1.1947e-05
680.4	1.1267e-05
680.6	1.069e-05
680.8	9.9178e-06
681.0	9.2396e-06
681.2	8.7085e-06
681.4	8.2879e-06
681.6	7.9242e-06
681.8	7.4197e-06
682.0	6.9182e-06
682.2	6.6846e-06
682.4	6.4677e-06
682.6	6.1593e-06
682.8	5.8815e-06
683.0	5.6701e-06
683.2	5.4794e-06
683.4	5.3089e-06
683.6	5.1479e-06
683.8	4.9921e-06
684.0	4.8396e-06
684.2	4.7148e-06
684.4	4.6371e-06
684.6	4.5753e-06
684.8	4.6668e-06
685.0	4.6029e-06
685.2	4.4734e-06
685.4	4.4793e-06
685.6	4.5697e-06
685.8	4.5787e-06
686.0	4.5821e-06
686.2	4.6914e-06
686.4	4.782e-06
686.6	4.8205e-06
686.8	4.8757e-06
687.0	5.0987e-06
687.2	5.2737e-06
687.4	5.4135e-06
687.6	5.4758e-06
687.8	5.6267e-06
688.0	5.9211e-06
688.2	6.2373e-06
688.4	6.3912e-06
688.6	6.6947e-06
688.8	6.9525e-06
689.0	7.4031e-06
689.2	7.8468e-06
689.4	8.1776e-06
689.6	8.5525e-06
689.8	9.1148e-06
690.0	9.1612e-06
690.2	9.6797e-06
690.4	1.0003e-05
690.6	1.0076e-05
690.8	1.0077e-05
691.0	1.0519e-05
691.2	1.0693e-05
691.4	1.0489e-05
691.6	1.0486e-05
691.8	1.0514e-05
692.0	1.0384e-05
692.2	9.986e-06
692.4	9.5692e-06
692.6	9.2985e-06
692.8	8.9262e-06
693.0	8.6094e-06
693.2	8.2808e-06
693.4	7.982e-06
693.6	7.7813e-06
693.8	7.4582e-06
694.0	7.0672e-06
694.2	6.9285e-06
694.4	6.6215e-06
694.6	6.3488e-06
694.8	6.1554e-06
695.0	5.9167e-06
695.2	5.7605e-06
695.4	5.5961e-06
695.6	5.522e-06
695.8	5.4253e-06
696.0	5.4028e-06
696.2	5.4202e-06
696.4	5.237e-06
696.6	5.2109e-06
696.8	5.1355e-06
697.0	5.119e-06
697.2	5.1745e-06
697.4	5.3519e-06
697.6	5.5684e-06
697.8	5.1971e-06
698.0	5.3626e-06
698.2	5.581e-06
698.4	5.6346e-06
698.6	5.7648e-06
698.8	5.9609e-06
699.0	6.1683e-06
699.2	6.436e-06
699.4	6.7132e-06
699.6	6.9196e-06
699.8	7.2446e-06
700.0	7.6155e-06
700.2	8.0046e-06
700.4	8.4186e-06
700.6	8.8488e-06
700.8	9.4767e-06
701.0	9.854e-06
701.2	1.0441e-05
701.4	1.1061e-05
701.6	1.1615e-05
701.8	1.2246e-05
702.0	1.2898e-05
702.2	1.3389e-05
702.4	1.3783e-05
702.6	1.3999e-05
702.8	1.4176e-05
703.0	1.4271e-05
703.2	1.3901e-05
703.4	1.387e-05
703.6	1.3351e-05
703.8	1.2744e-05
704.0	1.2179e-05
704.2	1.158e-05
704.4	1.0921e-05
704.6	1.0153e-05
704.8	9.5657e-06
705.0	9.1061e-06
705.2	8.5169e-06
705.4	7.9738e-06
705.6	7.524e-06
705.8	7.0533e-06
706.0	6.6216e-06
706.2	6.3488e-06
706.4	5.9519e-06
706.6	5.5587e-06
706.8	5.3207e-06
707.0	5.1544e-06
707.2	4.9854e-06
707.4	4.6949e-06
707.6	4.4938e-06
707.8	4.4259e-06
708.0	4.3055e-06
708.2	4.1611e-06
708.4	4.1089e-06
708.6	3.9747e-06
708.8	4.0798e-06
709.0	3.9385e-06
709.2	3.911e-06
709.4	4.0239e-06
709.6	3.9534e-06
709.8	3.7907e-06
710.0	3.8886e-06
710.2	3.9307e-06
710.4	4.0365e-06
710.6	4.107e-06
710.8	4.0799e-06
711.0	4.0872e-06
711.2	4.1978e-06
711.4	4.4268e-06
711.6	4.6129e-06
711.8	4.6614e-06
712.0	4.7652e-06
712.2	5.0077e-06
712.4	5.2282e-06
712.6	5.6047e-06
712.8	5.65e-06
713.0	6.0269e-06
713.2	6.4721e-06
713.4	6.9362e-06
713.6	7.3777e-06
713.8	7.8335e-06
714.0	8.6249e-06
714.2	9.2272e-06
714.4	9.9772e-06
714.6	1.0758e-05
714.8	1.1598e-05
715.0	1.2747e-05
715.2	1.4245e-05
715.4	1.5221e-05
715.6	1.6582e-05
715.8	1.7975e-05
716.0	1.9457e-05
716.2	2.0953e-05
716.4	2.2154e-05
716.6	2.2995e-05
716.8	2.406e-05
717.0	2.4711e-05
717.2	2.4844e-05
717.4	2.4659e-05
717.6	2.4318e-05
717.8	2.3712e-05
718.0	2.2628e-05
718.2	2.1816e-05
718.4	2.0482e-05
718.6	1.9342e-05
718.8	1.832e-05
719.0	1.7226e-05
719.2	1.5878e-05
719.4	1.4858e-05
719.6	1.4068e-05
719.8	1.3181e-05
720.0	1.2387e-05
720.2	1.1793e-05
720.4	1.1383e-05
720.6	1.0683e-05
720.8	1.0058e-05
721.0	9.8018e-06
721.2	9.658e-06
721.4	9.4088e-06
721.6	9.0833e-06
721.8	8.8023e-06
722.0	8.5581e-06
722.2	8.4688e-06
722.4	8.3616e-06
722.6	8.4085e-06
722.8	8.2771e-06
723.0	8.0158e-06
723.2	8.1028e-06
723.4	8.1506e-06
723.6	8.2036e-06
723.8	8.4886e-06
724.0	8.4645e-06
724.2	8.5569e-06
724.4	8.8722e-06
724.6	8.7709e-06
724.8	9.2568e-06
725.0	9.3994e-06
725.2	9.8775e-06
725.4	1.0356e-05
725.6	1.0732e-05
725.8	1.1064e-05
726.0	1.1777e-05
726.2	1.2274e-05
726.4	1.2957e-05
726.6	1.3685e-05
726.8	1.447e-05
727.0	1.528e-05
727.2	1.6121e-05
727.4	1.7329e-05
727.6	1.8246e-05
727.8	1.9309e-05
728.0	2.0344e-05
728.2	2.1311e-05
728.4	2.2361e-05
728.6	2.3734e-05
728.8	2.4573e-05
729.0	2.5142e-05
729.2	2.5413e-05
729.4	2.6018e-05
729.6	2.6306e-05
729.8	2.6202e-05
730.0	2.6317e-05
730.2	2.5986e-05
730.4	2.5386e-05
730.6	2.4871e-05
730.8	2.4199e-05
731.0	2.3303e-05
731.2	2.2341e-05
731.4	2.1639e-05
731.6	2.0596e-05
731.8	1.9643e-05
732.0	1.8887e-05
732.2	1.8137e-05
732.4	1.736e-05
732.6	1.662e-05
732.8	1.5946e-05
733.0	1.54e-05
733.2	1.5088e-05
733.4	1.4782e-05
733.6	1.4132e-05
733.8	1.3638e-05
734.0	1.3672e-05
734.2	1.3332e-05
734.4	1.319e-05
734.6	1.2986e-05
734.8	1.2779e-05
735.0	1.2635e-05
735.2	1.2661e-05
735.4	1.2975e-05
735.6	1.2624e-05
735.8	1.2489e-05
736.0	1.2621e-05
736.2	1.2905e-05
736.4	1.3107e-05
736.6	1.3237e-05
736.8	1.3378e-05
737.0	1.3553e-05
737.2	1.3823e-05
737.4	1.4178e-05
737.6	1.4355e-05
737.8	1.4384e-05
738.0	1.4678e-05
738.2	1.535e-05
738.4	1.6038e-05
738.6	1.6173e-05
738.8	1.6029e-05
739.0	1.6045e-05
739.2	1.6391e-05
739.4	1.6626e-05
739.6	1.6194e-05
739.8	1.5837e-05
740.0	1.5714e-05
740.2	1.5601e-05
740.4	1.5264e-05
740.6	1.4889e-05
740.8	1.4624e-05
741.0	1.4071e-05
741.2	1.315e-05
741.4	1.2473e-05
741.6	1.1944e-05
741.8	1.1305e-05
742.0	1.0549e-05
742.2	9.906e-06
742.4	9.5217e-06
742.6	8.983e-06
742.8	8.4016e-06
743.0	7.918e-06
743.2	7.5379e-06
743.4	7.0271e-06
743.6	6.8758e-06
743.8	6.286e-06
744.0	5.9396e-06
744.2	5.6609e-06
744.4	5.3356e-06
744.6	4.9513e-06
744.8	4.7109e-06
745.0	4.398e-06
745.2	4.4682e-06
745.4	4.3634e-06
745.6	4.2007e-06
745.8	4.0472e-06
746.0	3.8719e-06
746.2	3.7467e-06
746.4	3.6368e-06
746.6	3.5538e-06
746.8	3.493e-06
747.0	3.3957e-06
747.2	3.2501e-06
747.4	3.1993e-06
747.6	3.0989e-06
747.8	3.0599e-06
748.0	2.9791e-06
748.2	2.9899e-06
748.4	3.0248e-06
748.6	2.9856e-06
748.8	2.9151e-06
749.0	2.9234e-06
749.2	2.8847e-06
749.4	2.8796e-06
749.6	2.8935e-06
749.8	2.8852e-06
750.0	3.0613e-06
750.2	3.1691e-06
750.4	3.2807e-06
750.6	3.3961e-06
750.8	3.5157e-06
751.0	3.6136e-06
751.2	3.7123e-06
751.4	3.8137e-06
751.6	3.9178e-06
751.8	4.0248e-06
752.0	4.1347e-06
752.2	4.2477e-06
752.4	4.3636e-06
752.6	4.4828e-06
752.8	4.6052e-06
753.0	4.7578e-06
753.2	5.0529e-06
753.4	5.3662e-06
753.6	5.6991e-06
753.8	6.0525e-06
754.0	6.4279e-06
754.2	6.8265e-06
754.4	7.2499e-06
754.6	7.6996e-06
754.8	8.1771e-06
755.0	8.6842e-06
755.2	9.2951e-06
755.4	1.0061e-05
755.6	1.0891e-05
755.8	1.1789e-05
756.0	1.276e-05
756.2	1.3812e-05
756.4	1.4951e-05
756.6	1.6183e-05
756.8	1.7517e-05
757.0	1.8961e-05
757.2	2.0525e-05
757.4	2.0895e-05
757.6	2.0596e-05
757.8	2.0301e-05
758.0	2.001e-05
758.2	1.9723e-05
758.4	1.9441e-05
758.6	1.9162e-05
758.8	1.8888e-05
759.0	1.8617e-05
759.2	1.835e-05
759.4	1.8088e-05
759.6	1.7829e-05
759.8	1.7173e-05
760.0	1.6092e-05
760.2	1.508e-05
760.4	1.413e-05
760.6	1.3241e-05
760.8	1.2408e-05
761.0	1.1627e-05
761.2	1.0895e-05
761.4	1.0209e-05
761.6	9.5666e-06
761.8	8.9645e-06
762.0	8.4003e-06
762.2	7.8877e-06
762.4	7.5439e-06
762.6	7.215e-06
762.8	6.9006e-06
763.0	6.5998e-06
763.2	6.3121e-06
763.4	6.037e-06
763.6	5.7739e-06
763.8	5.5222e-06
764.0	5.2815e-06
764.2	5.0513e-06
764.4	4.8311e-06
764.6	4.7248e-06
764.8	4.6279e-06
765.0	4.5331e-06
765.2	4.4401e-06
765.4	4.3491e-06
765.6	4.26e-06
765.8	4.1727e-06
766.0	4.0871e-06
766.2	4.0034e-06
766.4	3.9213e-06
766.6	3.8409e-06
766.8	3.8346e-06
767.0	3.8501e-06
767.2	3.8657e-06
767.4	3.8814e-06
767.6	3.8971e-06
767.8	3.9129e-06
768.0	3.9288e-06
768.2	3.9447e-06
768.4	3.9607e-06
768.6	3.9767e-06
768.8	3.9928e-06
769.0	4.009e-06
769.2	4.0253e-06
769.4	4.0416e-06
769.6	4.161e-06
769.8	4.3101e-06
770.0	4.4646e-06
770.2	4.6245e-06
770.4	4.7903e-06
770.6	4.9619e-06
770.8	5.1397e-06
771.0	5.3239e-06
771.2	5.5146e-06
771.4	5.7122e-06
771.6	5.9169e-06
771.8	6.1289e-06
772.0	6.3486e-06
772.2	6.5891e-06
772.4	6.9866e-06
772.6	7.408e-06
772.8	7.8549e-06
773.0	8.3287e-06
773.2	8.8311e-06
773.4	9.3637e-06
773.6	9.9286e-06
773.8	1.0527e-05
774.0	1.1162e-05
774.2	1.1836e-05
774.4	1.255e-05
774.6	1.3338e-05
774.8	1.4179e-05
775.0	1.5073e-05
775.2	1.6023e-05
775.4	1.7033e-05
775.6	1.8106e-05
775.8	1.9247e-05
776.0	2.046e-05
776.2	2.175e-05
776.4	2.3121e-05
776.6	2.4578e-05
776.8	2.4959e-05
777.0	2.5002e-05
777.2	2.5045e-05
777.4	2.5088e-05
777.6	2.5131e-05
777.8	2.5174e-05
778.0	2.5218e-05
778.2	2.5261e-05
778.4	2.5304e-05
778.6	2.5348e-05
778.8	2.5391e-05
779.0	2.5435e-05
779.2	2.5479e-05
779.4	2.5523e-05
779.6	2.5147e-05
779.8	2.4682e-05
780.0	2.4225e-05
780.2	2.3776e-05
780.4	2.3336e-05
780.6	2.2904e-05
780.8	2.248e-05
781.0	2.2064e-05
781.2	2.1655e-05
781.4	2.1254e-05
781.6	2.0861e-05
781.8	2.0474e-05
782.0	2.0095e-05
782.2	1.9698e-05
782.4	1.9056e-05
782.6	1.8436e-05
782.8	1.7836e-05
783.0	1.7255e-05
783.2	1.6694e-05
783.4	1.615e-05
783.6	1.5625e-05
783.8	1.5116e-05
784.0	1.4624e-05
784.2	1.4148e-05
784.4	1.3688e-05
784.6	1.3242e-05
784.8	1.3148e-05
785.0	1.3443e-05
785.2	1.3745e-05
785.4	1.4054e-05
785.6	1.4369e-05
785.8	1.4692e-05
786.0	1.5022e-05
786.2	1.5359e-05
786.4	1.5704e-05
786.6	1.6056e-05
786.8	1.6417e-05
787.0	1.6785e-05
787.2	1.7162e-05
787.4	1.751e-05
787.6	1.7765e-05
787.8	1.8023e-05
788.0	1.8285e-05
788.2	1.855e-05
788.4	1.882e-05
788.6	1.9093e-05
788.8	1.937e-05
789.0	1.96e-05
789.2	1.9805e-05
789.4	2.0012e-05
789.6	2.0221e-05
789.8	2.0432e-05
790.0	2.0646e-05
790.2	2.0861e-05
790.4	2.1079e-05
790.6	2.1299e-05
790.8	2.1522e-05
791.0	2.1747e-05
791.2	2.1974e-05
791.4	2.2204e-05
791.6	2.2435e-05
791.8	2.267e-05
792.0	2.2907e-05
792.2	2.2424e-05
792.4	2.1908e-05
792.6	2.1403e-05
792.8	2.0911e-05
793.0	2.0429e-05
793.2	1.9958e-05
793.4	1.9499e-05
793.6	1.905e-05
793.8	1.8611e-05
794.0	1.8182e-05
794.2	1.7764e-05
794.4	1.7355e-05
794.6	1.6955e-05
794.8	1.6564e-05
795.0	1.6183e-05
795.2	1.581e-05
795.4	1.5446e-05
795.6	1.509e-05
795.8	1.4743e-05
796.0	1.4403e-05
796.2	1.4109e-05
796.4	1.3875e-05
796.6	1.3646e-05
796.8	1.342e-05
797.0	1.3198e-05
797.2	1.2979e-05
797.4	1.2765e-05
797.6	1.2553e-05
797.8	1.2346e-05
798.0	1.2141e-05
798.2	1.1919e-05
798.4	1.168e-05
798.6	1.1446e-05
798.8	1.1217e-05
799.0	1.0992e-05
799.2	1.0772e-05
799.4	1.0557e-05
799.6	1.0345e-05
799.8	1.0138e-05
800.0	9.9348e-06
800.2	9.7785e-06
800.4	9.6529e-06
800.6	9.5288e-06
800.8	9.4064e-06
801.0	9.2855e-06
801.2	9.1662e-06
801.4	9.0484e-06
801.6	8.9322e-06
801.8	8.8174e-06
802.0	8.7041e-06
802.2	8.6557e-06
802.4	8.634e-06
802.6	8.6124e-06
802.8	8.5909e-06
803.0	8.5694e-06
803.2	8.548e-06
803.4	8.5266e-06
803.6	8.5053e-06
803.8	8.484e-06
804.0	8.4628e-06
804.2	7.2117e-06
804.4	5.9297e-06
804.6	4.8757e-06
804.8	4.009e-06
805.0	3.2963e-06
805.2	3.461e-06
805.4	3.9255e-06
805.6	4.4525e-06
805.8	5.0501e-06
806.0	5.728e-06
806.2	6.4968e-06
806.4	7.3689e-06
806.6	8.358e-06
806.8	9.4798e-06
807.0	9.9869e-06
807.2	1.0178e-05
807.4	1.0372e-05
807.6	1.057e-05
807.8	1.0772e-05
808.0	1.0978e-05
808.2	1.1188e-05
808.4	1.1402e-05
808.6	1.162e-05
808.8	1.1917e-05
809.0	1.2269e-05
809.2	1.2631e-05
809.4	1.3004e-05
809.6	1.3388e-05
809.8	1.3784e-05
810.0	1.4191e-05
810.2	1.461e-05
810.4	1.5041e-05
810.6	1.5557e-05
810.8	1.6151e-05
811.0	1.6767e-05
811.2	1.7407e-05
811.4	1.8071e-05
811.6	1.8761e-05
811.8	1.9476e-05
812.0	2.0219e-05
812.2	2.0991e-05
812.4	2.1939e-05
812.6	2.3091e-05
812.8	2.4304e-05
813.0	2.558e-05
813.2	2.6924e-05
813.4	2.8338e-05
813.6	2.9826e-05
813.8	3.1392e-05
814.0	3.3041e-05
814.2	3.5061e-05
814.4	3.7617e-05
814.6	4.036e-05
814.8	4.3302e-05
815.0	4.6459e-05
815.2	4.8211e-05
815.4	5.0028e-05
815.6	5.1914e-05
815.8	5.4927e-05
816.0	6.0276e-05
816.2	6.4575e-05
816.4	6.7763e-05
816.6	7.2641e-05
816.8	7.7429e-05
817.0	8.5367e-05
817.2	9.3668e-05
817.4	1.0078e-04
817.6	1.0998e-04
817.8	1.1854e-04
818.0	1.2983e-04
818.2	1.4347e-04
818.4	1.5697e-04
818.6	1.7444e-04
818.8	1.9358e-04
819.0	2.1622e-04
819.2	2.424e-04
819.4	2.7135e-04
819.6	3.0644e-04
819.8	3.4719e-04
820.0	3.9872e-04
820.2	4.5809e-04
820.4	5.35e-04
820.6	6.2191e-04
820.8	7.3559e-04
821.0	8.6854e-04
821.2	0.00104
821.4	0.00126
821.6	0.00156
821.8	0.00195
822.0	0.00246
822.2	0.0032
822.4	0.00422
822.6	0.0057
822.8	0.00782
823.0	0.0108
823.2	0.01461
823.4	0.01847
823.6	0.02052
823.8	0.01971
824.0	0.01682
824.2	0.01345
824.4	0.01058
824.6	0.00837
824.8	0.00671
825.0	0.00556
825.2	0.00482
825.4	0.00418
825.6	0.00363
825.8	0.00319
826.0	0.00286
826.2	0.00258
826.4	0.00235
826.6	0.00217
826.8	0.00202
827.0	0.0019
827.2	0.00179
827.4	0.00171
827.6	0.00163
827.8	0.00157
828.0	0.00151
828.2	0.00147
828.4	0.00144
828.6	0.00141
828.8	0.00138
829.0	0.00138
829.2	0.00136
829.4	0.00136
829.6	0.00135
829.8	0.00136
830.0	0.00135
830.2	0.00136
830.4	0.00138
830.6	0.0014
830.8	0.00142
831.0	0.00144
831.2	0.00147
831.4	0.00151
831.6	0.00156
831.8	0.0016
832.0	0.00165
832.2	0.00171
832.4	0.00177
832.6	0.00183
832.8	0.00192
833.0	0.002
833.2	0.00209
833.4	0.00221
833.6	0.00232
833.8	0.00245
834.0	0.00258
834.2	0.00275
834.4	0.00293
834.6	0.00312
834.8	0.00332
835.0	0.00357
835.2	0.00377
835.4	0.004
835.6	0.00423
835.8	0.00457
836.0	0.00496
836.2	0.0054
836.4	0.00591
836.6	0.00649
836.8	0.00713
837.0	0.00789
837.2	0.00876
837.4	0.00972
837.6	0.01089
837.8	0.01222
838.0	0.01373
838.2	0.01553
838.4	0.01757
838.6	0.01998
838.8	0.02277
839.0	0.02605
839.2	0.0297
839.4	0.03398
839.6	0.03873
839.8	0.04407
840.0	0.04977
840.2	0.05569
840.4	0.06169
840.6	0.06734
840.8	0.07206
841.0	0.07601
841.2	0.07844
841.4	0.07969
841.6	0.07956
841.8	0.07826
842.0	0.07619
842.2	0.0736
842.4	0.07064
842.6	0.06767
842.8	0.06469
843.0	0.06189
843.2	0.05918
843.4	0.05676
843.6	0.05464
843.8	0.05276
844.0	0.05118
844.2	0.04982
844.4	0.04873
844.6	0.04784
844.8	0.04707
845.0	0.04661
845.2	0.04633
845.4	0.04604
845.6	0.04575
845.8	0.04586
846.0	0.0463
846.2	0.04695
846.4	0.0478
846.6	0.04884
846.8	0.05015
847.0	0.05163
847.2	0.05348
847.4	0.0554
847.6	0.05784
847.8	0.06065
848.0	0.06371
848.2	0.06737
848.4	0.07153
848.6	0.07602
848.8	0.08143
849.0	0.08744
849.2	0.09443
849.4	0.10227
849.6	0.11148
849.8	0.12179
850.0	0.13395
850.2	0.14783
850.4	0.16355
850.6	0.18148
850.8	0.2018
851.0	0.22454
851.2	0.24971
851.4	0.277
851.6	0.30602
851.8	0.33455
852.0	0.36152
852.2	0.38455
852.4	0.40164
852.6	0.41054
852.8	0.41151
853.0	0.40442
853.2	0.38934
853.4	0.36881
853.6	0.3455
853.8	0.32094
854.0	0.2961
854.2	0.27253
854.4	0.25057
854.6	0.2306
854.8	0.2122
855.0	0.19603
855.2	0.18252
855.4	0.16994
855.6	0.15823
855.8	0.14792
856.0	0.13932
856.2	0.13168
856.4	0.12505
856.6	0.11887
856.8	0.11371
857.0	0.10911
857.2	0.10522
857.4	0.10175
857.6	0.09871
857.8	0.09615
858.0	0.09382
858.2	0.09194
858.4	0.09042
858.6	0.08909
858.8	0.08814
859.0	0.08749
859.2	0.08701
859.4	0.08684
859.6	0.08687
859.8	0.08717
860.0	0.08768
860.2	0.08852
860.4	0.08947
860.6	0.09077
860.8	0.09227
861.0	0.09404
861.2	0.09622
861.4	0.09856
861.6	0.10124
861.8	0.10423
862.0	0.10773
862.2	0.11158
862.4	0.11583
862.6	0.1207
862.8	0.12599
863.0	0.13195
863.2	0.13842
863.4	0.14568
863.6	0.15373
863.8	0.16265
864.0	0.17259
864.2	0.18375
864.4	0.19583
864.6	0.20926
864.8	0.22438
865.0	0.2414
865.2	0.26156
865.4	0.28341
865.6	0.30708
865.8	0.3332
866.0	0.36152
866.2	0.39261
866.4	0.42663
866.6	0.46404
866.8	0.50351
867.0	0.54523
867.2	0.58853
867.4	0.63271
867.6	0.67606
867.8	0.71791
868.0	0.756
868.2	0.78894
868.4	0.81564
868.6	0.8339
868.8	0.84445
869.0	0.84587
869.2	0.83979
869.4	0.82651
869.6	0.80796
869.8	0.78469
870.0	0.75886
870.2	0.73106
870.4	0.70208
870.6	0.67348
870.8	0.64573
871.0	0.61948
871.2	0.59442
871.4	0.57094
871.6	0.54937
871.8	0.52997
872.0	0.51188
872.2	0.49565
872.4	0.48104
872.6	0.46811
872.8	0.45689
873.0	0.44699
873.2	0.43825
873.4	0.43094
873.6	0.42491
873.8	0.4202
874.0	0.41641
874.2	0.41386
874.4	0.41244
874.6	0.41184
874.8	0.41274
875.0	0.41401
875.2	0.41783
875.4	0.42168
875.6	0.42557
875.8	0.43039
876.0	0.4373
876.2	0.44452
876.4	0.45282
876.6	0.46243
876.8	0.47338
877.0	0.48518
877.2	0.4976
877.4	0.51138
877.6	0.52572
877.8	0.54142
878.0	0.55783
878.2	0.57515
878.4	0.5931
878.6	0.61166
878.8	0.63043
879.0	0.64974
879.2	0.66876
879.4	0.68725
879.6	0.70472
879.8	0.72176
880.0	0.73855
880.2	0.75335
880.4	0.76478
880.6	0.77368
880.8	0.7811
881.0	0.78556
881.2	0.78744
881.4	0.78671
881.6	0.78288
881.8	0.77592
882.0	0.76693
882.2	0.75535
882.4	0.74245
882.6	0.7277
882.8	0.71174
883.0	0.69475
883.2	0.67708
883.4	0.65901
883.6	0.64104
883.8	0.62348
884.0	0.60623
884.2	0.5893
884.4	0.57231
884.6	0.55633
884.8	0.5412
885.0	0.52734
885.2	0.51536
885.4	0.50364
885.6	0.49219
885.8	0.48163
886.0	0.47166
886.2	0.46212
886.4	0.45423
886.6	0.44725
886.8	0.44085
887.0	0.43519
887.2	0.43032
887.4	0.4262
887.6	0.42288
887.8	0.42015
888.0	0.41836
888.2	0.41728
888.4	0.41688
888.6	0.41697
888.8	0.41791
889.0	0.41944
889.2	0.42175
889.4	0.42497
889.6	0.42887
889.8	0.43341
890.0	0.4385
890.2	0.44459
890.4	0.45123
890.6	0.45854
890.8	0.46687
891.0	0.47594
891.2	0.48584
891.4	0.4966
891.6	0.5076
891.8	0.51999
892.0	0.53279
892.2	0.54637
892.4	0.56048
892.6	0.57523
892.8	0.59047
893.0	0.60578
893.2	0.62145
893.4	0.63718
893.6	0.65298
893.8	0.66843
894.0	0.68291
894.2	0.69682
894.4	0.70946
894.6	0.72087
894.8	0.73059
895.0	0.73848
895.2	0.74123
895.4	0.744
895.6	0.74677
895.8	0.74667
896.0	0.74173
896.2	0.73517
896.4	0.72614
896.6	0.71507
896.8	0.70129
897.0	0.6862
897.2	0.66978
897.4	0.65198
897.6	0.6339
897.8	0.61525
898.0	0.59618
898.2	0.57731
898.4	0.55774
898.6	0.53903
898.8	0.5203
899.0	0.50208
899.2	0.48519
899.4	0.4688
899.6	0.45244
899.8	0.43765
900.0	0.42336
900.2	0.40976
900.4	0.39642
900.6	0.3842
900.8	0.37304
901.0	0.36244
901.2	0.35282
901.4	0.34334
901.6	0.33502
901.8	0.32714
902.0	0.3196
902.2	0.31284
902.4	0.30632
902.6	0.30039
902.8	0.29504
903.0	0.29059
903.2	0.28638
903.4	0.28268
903.6	0.27918
903.8	0.27631
904.0	0.27343
904.2	0.27141
904.4	0.26938
904.6	0.26793
904.8	0.26689
905.0	0.26624
905.2	0.26641
905.4	0.26658
905.6	0.26676
905.8	0.26742
906.0	0.26859
906.2	0.26973
906.4	0.27177
906.6	0.2737
906.8	0.27667
907.0	0.27952
907.2	0.28335
907.4	0.2872
907.6	0.29146
907.8	0.29635
908.0	0.3016
908.2	0.30716
908.4	0.31303
908.6	0.31959
908.8	0.3269
909.0	0.33428
909.2	0.3422
909.4	0.35095
909.6	0.36045
909.8	0.3705
910.0	0.38125
910.2	0.39262
910.4	0.40431
910.6	0.41723
910.8	0.43023
911.0	0.44376
911.2	0.45807
911.4	0.47348
911.6	0.48887
911.8	0.50537
912.0	0.52286
912.2	0.54019
912.4	0.55798
912.6	0.57689
912.8	0.59532
913.0	0.61404
913.2	0.63281
913.4	0.65186
913.6	0.66965
913.8	0.68747
914.0	0.70423
914.2	0.72079
914.4	0.73572
914.6	0.74991
914.8	0.76228
915.0	0.77303
915.2	0.78049
915.4	0.78802
915.6	0.79562
915.8	0.80068
916.0	0.80188
916.2	0.80152
916.4	0.79904
916.6	0.79467
916.8	0.78924
917.0	0.78239
917.2	0.77436
917.4	0.76511
917.6	0.75548
917.8	0.74475
918.0	0.73383
918.2	0.72233
918.4	0.71069
918.6	0.69839
918.8	0.68628
919.0	0.67468
919.2	0.66334
919.4	0.65154
919.6	0.64108
919.8	0.63033
920.0	0.62075
920.2	0.61118
920.4	0.60174
920.6	0.59269
920.8	0.58494
921.0	0.57757
921.2	0.57099
921.4	0.5649
921.6	0.5594
921.8	0.55439
922.0	0.54972
922.2	0.54554
922.4	0.54211
922.6	0.5396
922.8	0.53707
923.0	0.53542
923.2	0.53402
923.4	0.5337
923.6	0.53309
923.8	0.53347
924.0	0.53424
924.2	0.53562
924.4	0.53751
924.6	0.54004
924.8	0.54299
925.0	0.54657
925.2	0.55175
925.4	0.55698
925.6	0.56225
925.8	0.56827
926.0	0.57478
926.2	0.58178
926.4	0.5882
926.6	0.59582
926.8	0.60388
927.0	0.61237
927.2	0.62134
927.4	0.63078
927.6	0.64051
927.8	0.65057
928.0	0.66136
928.2	0.6719
928.4	0.6832
928.6	0.69438
928.8	0.70598
929.0	0.71719
929.2	0.72871
929.4	0.74075
929.6	0.75217
929.8	0.76369
930.0	0.77548
930.2	0.78717
930.4	0.7975
930.6	0.80769
930.8	0.81683
931.0	0.82626
931.2	0.83543
931.4	0.84347
931.6	0.85016
931.8	0.8576
932.0	0.86252
932.2	0.86768
932.4	0.87144
932.6	0.87413
932.8	0.87623
933.0	0.87744
933.2	0.87789
933.4	0.87693
933.6	0.87632
933.8	0.87375
934.0	0.87079
934.2	0.86717
934.4	0.86246
934.6	0.8581
934.8	0.85353
935.0	0.84761
935.2	0.84135
935.4	0.83514
935.6	0.82897
935.8	0.82301
936.0	0.81524
936.2	0.80947
936.4	0.80374
936.6	0.79754
936.8	0.79077
937.0	0.78558
937.2	0.77974
937.4	0.77381
937.6	0.76967
937.8	0.76498
938.0	0.76062
938.2	0.75655
938.4	0.75292
938.6	0.75014
938.8	0.74668
939.0	0.74489
939.2	0.74379
939.4	0.7423
939.6	0.74191
939.8	0.74158
940.0	0.742
940.2	0.74273
940.4	0.74366
940.6	0.74497
940.8	0.74716
941.0	0.75031
941.2	0.75277
941.4	0.75668
941.6	0.76106
941.8	0.76601
942.0	0.77076
942.2	0.77665
942.4	0.78232
942.6	0.78967
942.8	0.79643
943.0	0.80268
943.2	0.81071
943.4	0.8187
943.6	0.82718
943.8	0.83611
944.0	0.84507
944.2	0.85277
944.4	0.86235
944.6	0.8718
944.8	0.88044
945.0	0.8898
945.2	0.89956
945.4	0.90941
945.6	0.91938
945.8	0.92734
946.0	0.93357
946.2	0.94139
946.4	0.94628
946.6	0.95165
946.8	0.95532
947.0	0.95864
947.2	0.96071
947.4	0.9611
947.6	0.96143
947.8	0.9597
948.0	0.95586
948.2	0.9546
948.4	0.94948
948.6	0.94239
948.8	0.93485
949.0	0.92637
949.2	0.91713
949.4	0.90666
949.6	0.89648
949.8	0.88452
950.0	0.87071
950.2	0.85941
950.4	0.84432
950.6	0.8295
950.8	0.81484
951.0	0.79965
951.2	0.78479
951.4	0.76969
951.6	0.75434
951.8	0.73968
952.0	0.72477
952.2	0.70998
952.4	0.69571
952.6	0.68128
952.8	0.66725
953.0	0.654
953.2	0.64082
953.4	0.62803
953.6	0.6159
953.8	0.60412
954.0	0.59237
954.2	0.58128
954.4	0.57064
954.6	0.56103
954.8	0.55119
955.0	0.5421
955.2	0.53337
955.4	0.52477
955.6	0.51632
955.8	0.50887
956.0	0.50197
956.2	0.49541
956.4	0.4897
956.6	0.48371
956.8	0.47847
957.0	0.47402
957.2	0.46923
957.4	0.46563
957.6	0.46229
957.8	0.4589
958.0	0.45646
958.2	0.45271
958.4	0.45063
958.6	0.44916
958.8	0.44728
959.0	0.44598
959.2	0.44488
959.4	0.44425
959.6	0.44431
959.8	0.44464
960.0	0.44522
960.2	0.44635
960.4	0.44709
960.6	0.44818
960.8	0.45013
961.0	0.45196
961.2	0.45459
961.4	0.45774
961.6	0.46048
961.8	0.46461
962.0	0.46885
962.2	0.47232
962.4	0.47682
962.6	0.48123
962.8	0.48589
963.0	0.49152
963.2	0.49738
963.4	0.50351
963.6	0.51105
963.8	0.51763
964.0	0.52491
964.2	0.53266
964.4	0.53998
964.6	0.54776
964.8	0.55651
965.0	0.56471
965.2	0.57495
965.4	0.58538
965.6	0.596
965.8	0.60707
966.0	0.61693
966.2	0.62784
966.4	0.63761
966.6	0.64718
966.8	0.65843
967.0	0.66871
967.2	0.67944
967.4	0.69023
967.6	0.70019
967.8	0.70982
968.0	0.72016
968.2	0.72953
968.4	0.73817
968.6	0.74678
968.8	0.75444
969.0	0.76215
969.2	0.76967
969.4	0.7757
969.6	0.78119
969.8	0.7859
970.0	0.78974
970.2	0.79254
970.4	0.79437
970.6	0.79528
970.8	0.79558
971.0	0.79502
971.2	0.79313
971.4	0.79112
971.6	0.78797
971.8	0.7838
972.0	0.77934
972.2	0.77383
972.4	0.76716
972.6	0.76058
972.8	0.75311
973.0	0.74513
973.2	0.73736
973.4	0.72812
973.6	0.71956
973.8	0.71035
974.0	0.70103
974.2	0.69161
974.4	0.68312
974.6	0.67373
974.8	0.66383
975.0	0.65453
975.2	0.64469
975.4	0.635
975.6	0.62545
975.8	0.61705
976.0	0.60798
976.2	0.60025
976.4	0.59166
976.6	0.58272
976.8	0.57501
977.0	0.56728
977.2	0.55962
977.4	0.55277
977.6	0.5461
977.8	0.53895
978.0	0.53239
978.2	0.52685
978.4	0.52098
978.6	0.51535
978.8	0.51032
979.0	0.50508
979.2	0.49969
979.4	0.49508
979.6	0.49107
979.8	0.4867
980.0	0.48374
980.2	0.48126
980.4	0.47734
980.6	0.47358
980.8	0.4707
981.0	0.4685
981.2	0.46622
981.4	0.46417
981.6	0.46254
981.8	0.46045
982.0	0.45819
982.2	0.4576
982.4	0.45713
982.6	0.45611
982.8	0.45581
983.0	0.45564
983.2	0.4542
983.4	0.45447
983.6	0.45516
983.8	0.45531
984.0	0.45568
984.2	0.45699
984.4	0.45679
984.6	0.45706
984.8	0.459
985.0	0.46109
985.2	0.46284
985.4	0.46461
985.6	0.46638
985.8	0.46669
986.0	0.46938
986.2	0.47268
986.4	0.47395
986.6	0.4757
986.8	0.47871
987.0	0.48144
987.2	0.48426
987.4	0.48736
987.6	0.4904
987.8	0.49319
988.0	0.49555
988.2	0.49871
988.4	0.503
988.6	0.50553
988.8	0.50844
989.0	0.51253
989.2	0.51512
989.4	0.51883
989.6	0.523
989.8	0.52669
990.0	0.52948
990.2	0.53279
990.4	0.53647
990.6	0.5401
990.8	0.5438
991.0	0.54753
991.2	0.55061
991.4	0.55363
991.6	0.55713
991.8	0.56122
992.0	0.5652
992.2	0.56763
992.4	0.57023
992.6	0.57465
992.8	0.57791
993.0	0.58104
993.2	0.58445
993.4	0.58694
993.6	0.58955
993.8	0.59275
994.0	0.59616
994.2	0.59927
994.4	0.601
994.6	0.6033
994.8	0.60714
995.0	0.60968
995.2	0.61188
995.4	0.61408
995.6	0.6163
995.8	0.61697
996.0	0.61937
996.2	0.62255
996.4	0.62422
996.6	0.62621
996.8	0.62796
997.0	0.6304
997.2	0.63336
997.4	0.63388
997.6	0.63573
997.8	0.63839
998.0	0.63962
998.2	0.64172
998.4	0.64453
998.6	0.64583
998.8	0.64786
999.0	0.6498
999.2	0.65253
999.4	0.65508
999.6	0.65585
999.8	0.65734
1000.0	0.6611
1000.2	0.6641
1000.4	0.66502
1000.6	0.66638
1000.8	0.66919
1001.0	0.67122
1001.2	0.67318
1001.4	0.67558
1001.6	0.67824
1001.8	0.68051
1002.0	0.68237
1002.2	0.6851
1002.4	0.68824
1002.6	0.6902
1002.8	0.69228
1003.0	0.69497
1003.2	0.69872
1003.4	0.70175
1003.6	0.70354
1003.8	0.70669
1004.0	0.7101
1004.2	0.71294
1004.4	0.71566
1004.6	0.71833
1004.8	0.72137
1005.0	0.72681
1005.2	0.74077
1005.4	0.74483
1005.6	0.74809
1005.8	0.75141
1006.0	0.75449
1006.2	0.75771
1006.4	0.76065
1006.6	0.76422
1006.8	0.76698
1007.0	0.77011
1007.2	0.7734
1007.4	0.7761
1007.6	0.77954
1007.8	0.78285
1008.0	0.78531
1008.2	0.78796
1008.4	0.7907
1008.6	0.79338
1008.8	0.7961
1009.0	0.7981
1009.2	0.80054
1009.4	0.80278
1009.6	0.80495
1009.8	0.80712
1010.0	0.80909
1010.2	0.81031
1010.4	0.81275
1010.6	0.81403
1010.8	0.8157
1011.0	0.81626
1011.2	0.81766
1011.4	0.81923
1011.6	0.81968
1011.8	0.81985
1012.0	0.82098
1012.2	0.82126
1012.4	0.82193
1012.6	0.8217
1012.8	0.82152
1013.0	0.82226
1013.2	0.82202
1013.4	0.82143
1013.6	0.82133
1013.8	0.82116
1014.0	0.8211
1014.2	0.82015
1014.4	0.81891
1014.6	0.81831
1014.8	0.81779
1015.0	0.81666
1015.2	0.81525
1015.4	0.81374
1015.6	0.81288
1015.8	0.81134
1016.0	0.81025
1016.2	0.80822
1016.4	0.80709
1016.6	0.80581
1016.8	0.80466
1017.0	0.80272
1017.2	0.80186
1017.4	0.80069
1017.6	0.79878
1017.8	0.7979
1018.0	0.79639
1018.2	0.79472
1018.4	0.79339
1018.6	0.79213
1018.8	0.79082
1019.0	0.78983
1019.2	0.78822
1019.4	0.78719
1019.6	0.78659
1019.8	0.7854
1020.0	0.7838
1020.2	0.78314
1020.4	0.78258
1020.6	0.78171
1020.8	0.78067
1021.0	0.77998
1021.2	0.7796
1021.4	0.77894
1021.6	0.77836
1021.8	0.77759
1022.0	0.77746
1022.2	0.77711
1022.4	0.77697
1022.6	0.77703
1022.8	0.77671
1023.0	0.77659
1023.2	0.77647
1023.4	0.77671
1023.6	0.77695
1023.8	0.77727
1024.0	0.77703
1024.2	0.77756
1024.4	0.7774
1024.6	0.77805
1024.8	0.77888
1025.0	0.77771
1025.2	0.7773
1025.4	0.77793
1025.6	0.77894
1025.8	0.77928
1026.0	0.7797
1026.2	0.78048
1026.4	0.78104
1026.6	0.78198
1026.8	0.78205
1027.0	0.78256
1027.2	0.78331
1027.4	0.78518
1027.6	0.78578
1027.8	0.78687
1028.0	0.78751
1028.2	0.78736
1028.4	0.78894
1028.6	0.78904
1028.8	0.79042
1029.0	0.79034
1029.2	0.79045
1029.4	0.79168
1029.6	0.79234
1029.8	0.79205
1030.0	0.7929
1030.2	0.79343
1030.4	0.79405
1030.6	0.79419
1030.8	0.79424
1031.0	0.79525
1031.2	0.79464
1031.4	0.79484
1031.6	0.79489
1031.8	0.79488
1032.0	0.79532
1032.2	0.79432
1032.4	0.79436
1032.6	0.79358
1032.8	0.79337
1033.0	0.79382
1033.2	0.79283
1033.4	0.79228
1033.6	0.79122
1033.8	0.79137
1034.0	0.79057
1034.2	0.78946
1034.4	0.78856
1034.6	0.78767
1034.8	0.78646
1035.0	0.78562
1035.2	0.78449
1035.4	0.78335
1035.6	0.7825
1035.8	0.78142
1036.0	0.78005
1036.2	0.77895
1036.4	0.77839
1036.6	0.77737
1036.8	0.77476
1037.0	0.77367
1037.2	0.77231
1037.4	0.77106
1037.6	0.76926
1037.8	0.76877
1038.0	0.76637
1038.2	0.76428
1038.4	0.76343
1038.6	0.76178
1038.8	0.7602
1039.0	0.75898
1039.2	0.75671
1039.4	0.75584
1039.6	0.75437
1039.8	0.75302
1040.0	0.75174
1040.2	0.75103
1040.4	0.74913
1040.6	0.7476
1040.8	0.74602
1041.0	0.74497
1041.2	0.74416
1041.4	0.74299
1041.6	0.7413
1041.8	0.73941
1042.0	0.73841
1042.2	0.73727
1042.4	0.73663
1042.6	0.73567
1042.8	0.73458
1043.0	0.73303
1043.2	0.7318
1043.4	0.73066
1043.6	0.73003
1043.8	0.72917
1044.0	0.7281
1044.2	0.72717
1044.4	0.72606
1044.6	0.72555
1044.8	0.72398
1045.0	0.72217
1045.2	0.7196
1045.4	0.71956
1045.6	0.71825
1045.8	0.71799
1046.0	0.71899
1046.2	0.71702
1046.4	0.71578
1046.6	0.71551
1046.8	0.71478
1047.0	0.71441
1047.2	0.71483
1047.4	0.7141
1047.6	0.71178
1047.8	0.71277
1048.0	0.71168
1048.2	0.71061
1048.4	0.71095
1048.6	0.70955
1048.8	0.71005
1049.0	0.70907
1049.2	0.70827
1049.4	0.70718
1049.6	0.7069
1049.8	0.70808
1050.0	0.7063
1050.2	0.7065
1050.4	0.7071
1050.6	0.70537
1050.8	0.70611
1051.0	0.70514
1051.2	0.7049
1051.4	0.70485
1051.6	0.70522
1051.8	0.70416
1052.0	0.70289
1052.2	0.70396
1052.4	0.70378
1052.6	0.70287
1052.8	0.70396
1053.0	0.70345
1053.2	0.70338
1053.4	0.70305
1053.6	0.70272
1053.8	0.70279
1054.0	0.70235
1054.2	0.70421
1054.4	0.70275
1054.6	0.70267
1054.8	0.70211
1055.0	0.70345
1055.2	0.70316
1055.4	0.70286
1055.6	0.70387
1055.8	0.70348
1056.0	0.70402
1056.2	0.70452
1056.4	0.70433
1056.6	0.70397
1056.8	0.70563
1057.0	0.70657
1057.2	0.70717
1057.4	0.70764
1057.6	0.70889
1057.8	0.7087
1058.0	0.70952
1058.2	0.71095
1058.4	0.71168
1058.6	0.71192
1058.8	0.71393
1059.0	0.71578
1059.2	0.71553
1059.4	0.71751
1059.6	0.71868
1059.8	0.71954
1060.0	0.72158
1060.2	0.72201
1060.4	0.72441
1060.6	0.72568
1060.8	0.72737
1061.0	0.72873
1061.2	0.73105
1061.4	0.73199
1061.6	0.73476
1061.8	0.7369
1062.0	0.73804
1062.2	0.74113
1062.4	0.74209
1062.6	0.74444
1062.8	0.74874
1063.0	0.74907
1063.2	0.75152
1063.4	0.75292
1063.6	0.75578
1063.8	0.75763
1064.0	0.76165
1064.2	0.76266
1064.4	0.76446
1064.6	0.76758
1064.8	0.77042
1065.0	0.77187
1065.2	0.77338
1065.4	0.77537
1065.6	0.77865
1065.8	0.77996
1066.0	0.78183
1066.2	0.78421
1066.4	0.787
1066.6	0.78683
1066.8	0.79002
1067.0	0.79219
1067.2	0.79321
1067.4	0.79546
1067.6	0.79664
1067.8	0.79816
1068.0	0.80021
1068.2	0.79996
1068.4	0.80221
1068.6	0.80352
1068.8	0.80332
1069.0	0.8047
1069.2	0.8049
1069.4	0.8051
1069.6	0.80622
1069.8	0.80595
1070.0	0.80473
1070.2	0.80497
1070.4	0.80384
1070.6	0.80243
1070.8	0.80254
1071.0	0.79991
1071.2	0.79996
1071.4	0.79875
1071.6	0.79748
1071.8	0.79491
1072.0	0.79331
1072.2	0.79034
1072.4	0.78814
1072.6	0.7856
1072.8	0.7824
1073.0	0.77969
1073.2	0.77644
1073.4	0.77346
1073.6	0.7714
1073.8	0.76689
1074.0	0.76356
1074.2	0.75882
1074.4	0.75408
1074.6	0.75145
1074.8	0.74683
1075.0	0.74402
1075.2	0.73716
1075.4	0.73473
1075.6	0.73074
1075.8	0.72699
1076.0	0.722
1076.2	0.71687
1076.4	0.71172
1076.6	0.70634
1076.8	0.70307
1077.0	0.69714
1077.2	0.69386
1077.4	0.68737
1077.6	0.68395
1077.8	0.68074
1078.0	0.67575
1078.2	0.67122
1078.4	0.66672
1078.6	0.66252
1078.8	0.65883
1079.0	0.65229
1079.2	0.64852
1079.4	0.64384
1079.6	0.63972
1079.8	0.63648
1080.0	0.63277
1080.2	0.62833
1080.4	0.62661
1080.6	0.62242
1080.8	0.61904
1081.0	0.61566
1081.2	0.61251
1081.4	0.60941
1081.6	0.60463
1081.8	0.60593
1082.0	0.59945
1082.2	0.59788
1082.4	0.59629
1082.6	0.59317
1082.8	0.59225
1083.0	0.58932
1083.2	0.58815
1083.4	0.58615
1083.6	0.58544
1083.8	0.5823
1084.0	0.5817
1084.2	0.57913
1084.4	0.57901
1084.6	0.57826
1084.8	0.57761
1085.0	0.57677
1085.2	0.57678
1085.4	0.57635
1085.6	0.57609
1085.8	0.57653
1086.0	0.5767
1086.2	0.57713
1086.4	0.57764
1086.6	0.57807
1086.8	0.57924
1087.0	0.58045
1087.2	0.58099
1087.4	0.58285
1087.6	0.5839
1087.8	0.58532
1088.0	0.58723
1088.2	0.58852
1088.4	0.58954
1088.6	0.59376
1088.8	0.59476
1089.0	0.59919
1089.2	0.60181
1089.4	0.60422
1089.6	0.60743
1089.8	0.61091
1090.0	0.61161
1090.2	0.61545
1090.4	0.6182
1090.6	0.6226
1090.8	0.62577
1091.0	0.63161
1091.2	0.63641
1091.4	0.63992
1091.6	0.64598
1091.8	0.64936
1092.0	0.65359
1092.2	0.65923
1092.4	0.66417
1092.6	0.66891
1092.8	0.67098
1093.0	0.678
1093.2	0.68341
1093.4	0.68881
1093.6	0.69355
1093.8	0.69973
1094.0	0.70709
1094.2	0.71028
1094.4	0.71622
1094.6	0.72312
1094.8	0.72886
1095.0	0.73443
1095.2	0.74005
1095.4	0.74615
1095.6	0.75177
1095.8	0.75856
1096.0	0.76141
1096.2	0.76928
1096.4	0.7737
1096.6	0.77735
1096.8	0.78273
1097.0	0.78756
1097.2	0.79358
1097.4	0.79773
1097.6	0.80173
1097.8	0.80491
1098.0	0.81014
1098.2	0.81341
1098.4	0.8165
1098.6	0.82085
1098.8	0.82319
1099.0	0.82473
1099.2	0.82801
1099.4	0.83075
1099.6	0.83072
1099.8	0.83385
1100.0	0.83491
1100.2	0.83503
1100.4	0.83391
1100.6	0.83443
1100.8	0.83246
1101.0	0.83381
1101.2	0.83389
1101.4	0.83191
1101.6	0.82889
1101.8	0.83034
1102.0	0.8254
1102.2	0.82326
1102.4	0.82153
1102.6	0.82038
1102.8	0.8146
1103.0	0.81224
1103.2	0.80828
1103.4	0.8056
1103.6	0.80111
1103.8	0.79579
1104.0	0.79098
1104.2	0.78545
1104.4	0.78194
1104.6	0.77756
1104.8	0.77055
1105.0	0.76713
1105.2	0.76222
1105.4	0.75789
1105.6	0.75256
1105.8	0.74708
1106.0	0.74083
1106.2	0.73673
1106.4	0.72752
1106.6	0.72586
1106.8	0.71799
1107.0	0.71568
1107.2	0.70997
1107.4	0.70543
1107.6	0.70133
1107.8	0.69549
1108.0	0.69153
1108.2	0.68699
1108.4	0.68182
1108.6	0.67887
1108.8	0.67418
1109.0	0.66993
1109.2	0.66711
1109.4	0.66271
1109.6	0.66104
1109.8	0.65783
1110.0	0.65406
1110.2	0.65127
1110.4	0.6492
1110.6	0.64572
1110.8	0.64366
1111.0	0.64048
1111.2	0.63951
1111.4	0.6341
1111.6	0.63449
1111.8	0.63421
1112.0	0.63206
1112.2	0.62853
1112.4	0.63208
1112.6	0.62883
1112.8	0.62806
1113.0	0.62577
1113.2	0.62875
1113.4	0.6279
1113.6	0.62805
1113.8	0.62757
1114.0	0.62891
1114.2	0.62683
1114.4	0.6302
1114.6	0.63071
1114.8	0.63303
1115.0	0.631
1115.2	0.63401
1115.4	0.63643
1115.6	0.6395
1115.8	0.64198
1116.0	0.64446
1116.2	0.64799
1116.4	0.65226
1116.6	0.65245
1116.8	0.65663
1117.0	0.65979
1117.2	0.6643
1117.4	0.66671
1117.6	0.67178
1117.8	0.67779
1118.0	0.68304
1118.2	0.6842
1118.4	0.69029
1118.6	0.69953
1118.8	0.70091
1119.0	0.70693
1119.2	0.71323
1119.4	0.71901
1119.6	0.72616
1119.8	0.73088
1120.0	0.74301
1120.2	0.74529
1120.4	0.75263
1120.6	0.76013
1120.8	0.76969
1121.0	0.7731
1121.2	0.78021
1121.4	0.78738
1121.6	0.79462
1121.8	0.80192
1122.0	0.80933
1122.2	0.81795
1122.4	0.82667
1122.6	0.83547
1122.8	0.84437
1123.0	0.85334
1123.2	0.86145
1123.4	0.86963
1123.6	0.87789
1123.8	0.88623
1124.0	0.89465
1124.2	0.90324
1124.4	0.91192
1124.6	0.92067
1124.8	0.92951
1125.0	0.93836
1125.2	0.94463
1125.4	0.95094
1125.6	0.95729
1125.8	0.96369
1126.0	0.9701
1126.2	0.9744
1126.4	0.97872
1126.6	0.98306
1126.8	0.98742
1127.0	0.99165
1127.2	0.99272
1127.4	0.99378
1127.6	0.99485
1127.8	0.99591
1128.0	0.99693
1128.2	0.99586
1128.4	0.99479
1128.6	0.99372
1128.8	0.99265
1129.0	0.99156
1129.2	0.98737
1129.4	0.9832
1129.6	0.97904
1129.8	0.9749
1130.0	0.97069
1130.2	0.96398
1130.4	0.95731
1130.6	0.95068
1130.8	0.94411
1131.0	0.93752
1131.2	0.92885
1131.4	0.92026
1131.6	0.91176
1131.8	0.90332
1132.0	0.89495
1132.2	0.88521
1132.4	0.87557
1132.6	0.86604
1132.8	0.85662
1133.0	0.84726
1133.2	0.83745
1133.4	0.82776
1133.6	0.81817
1133.8	0.80869
1134.0	0.79931
1134.2	0.78958
1134.4	0.77996
1134.6	0.77046
1134.8	0.76107
1135.0	0.7518
1135.2	0.74263
1135.4	0.73358
1135.6	0.72463
1135.8	0.71579
1136.0	0.70708
1136.2	0.6994
1136.4	0.69181
1136.6	0.68431
1136.8	0.67688
1137.0	0.66955
1137.2	0.66257
1137.4	0.65567
1137.6	0.64884
1137.8	0.64208
1138.0	0.63542
1138.2	0.62972
1138.4	0.62408
1138.6	0.61848
1138.8	0.61293
1139.0	0.60745
1139.2	0.60294
1139.4	0.59847
1139.6	0.59403
1139.8	0.58962
1140.0	0.58525
1140.2	0.58166
1140.4	0.57809
1140.6	0.57455
1140.8	0.57102
1141.0	0.56758
1141.2	0.56532
1141.4	0.56306
1141.6	0.56081
1141.8	0.55858
1142.0	0.55637
1142.2	0.55461
1142.4	0.55285
1142.6	0.5511
1142.8	0.54935
1143.0	0.54766
1143.2	0.54732
1143.4	0.54697
1143.6	0.54662
1143.8	0.54627
1144.0	0.54594
1144.2	0.54622
1144.4	0.54651
1144.6	0.54679
1144.8	0.54707
1145.0	0.54738
1145.2	0.54877
1145.4	0.55016
1145.6	0.55155
1145.8	0.55295
1146.0	0.55437
1146.2	0.55671
1146.4	0.55907
1146.6	0.56143
1146.8	0.56381
1147.0	0.56621
1147.2	0.56912
1147.4	0.57206
1147.6	0.575
1147.8	0.57797
1148.0	0.58095
1148.2	0.58504
1148.4	0.58915
1148.6	0.59329
1148.8	0.59746
1149.0	0.6017
1149.2	0.6068
1149.4	0.61194
1149.6	0.61712
1149.8	0.62234
1150.0	0.62763
1150.2	0.63327
1150.4	0.63895
1150.6	0.64469
1150.8	0.65048
1151.0	0.65634
1151.2	0.66269
1151.4	0.66909
1151.6	0.67556
1151.8	0.68209
1152.0	0.68868
1152.2	0.69521
1152.4	0.7018
1152.6	0.70846
1152.8	0.71518
1153.0	0.72198
1153.2	0.72928
1153.4	0.73664
1153.6	0.74409
1153.8	0.75161
1154.0	0.7592
1154.2	0.76583
1154.4	0.77252
1154.6	0.77927
1154.8	0.78608
1155.0	0.79294
1155.2	0.79874
1155.4	0.80458
1155.6	0.81047
1155.8	0.8164
1156.0	0.82236
1156.2	0.82715
1156.4	0.83196
1156.6	0.8368
1156.8	0.84167
1157.0	0.84656
1157.2	0.84988
1157.4	0.85321
1157.6	0.85656
1157.8	0.85992
1158.0	0.86327
1158.2	0.86426
1158.4	0.86525
1158.6	0.86625
1158.8	0.86724
1159.0	0.86821
1159.2	0.86694
1159.4	0.86567
1159.6	0.86441
1159.8	0.86315
1160.0	0.86186
1160.2	0.85868
1160.4	0.8555
1160.6	0.85234
1160.8	0.84919
1161.0	0.84602
1161.2	0.84141
1161.4	0.83682
1161.6	0.83225
1161.8	0.82771
1162.0	0.82313
1162.2	0.8165
1162.4	0.80993
1162.6	0.8034
1162.8	0.79693
1163.0	0.7905
1163.2	0.7839
1163.4	0.77735
1163.6	0.77086
1163.8	0.76442
1164.0	0.758
1164.2	0.75102
1164.4	0.7441
1164.6	0.73725
1164.8	0.73046
1165.0	0.72372
1165.2	0.71617
1165.4	0.7087
1165.6	0.70131
1165.8	0.694
1166.0	0.68678
1166.2	0.68068
1166.4	0.67462
1166.6	0.66862
1166.8	0.66267
1167.0	0.65678
1167.2	0.65098
1167.4	0.64524
1167.6	0.63954
1167.8	0.63389
1168.0	0.6283
1168.2	0.62293
1168.4	0.61761
1168.6	0.61233
1168.8	0.60709
1169.0	0.60196
1169.2	0.59816
1169.4	0.59438
1169.6	0.59063
1169.8	0.5869
1170.0	0.58319
1170.2	0.57921
1170.4	0.57525
1170.6	0.57132
1170.8	0.56742
1171.0	0.56359
1171.2	0.56142
1171.4	0.55926
1171.6	0.55711
1171.8	0.55497
1172.0	0.55285
1172.2	0.5511
1172.4	0.54936
1172.6	0.54762
1172.8	0.54588
1173.0	0.54416
1173.2	0.54318
1173.4	0.5422
1173.6	0.54123
1173.8	0.54025
1174.0	0.53931
1174.2	0.53964
1174.4	0.53998
1174.6	0.54031
1174.8	0.54064
1175.0	0.54097
1175.2	0.5411
1175.4	0.54123
1175.6	0.54136
1175.8	0.5415
1176.0	0.54165
1176.2	0.54391
1176.4	0.54618
1176.6	0.54846
1176.8	0.55075
1177.0	0.55302
1177.2	0.5545
1177.4	0.55597
1177.6	0.55746
1177.8	0.55894
1178.0	0.56053
1178.2	0.56413
1178.4	0.56776
1178.6	0.57141
1178.8	0.57508
1179.0	0.57877
1179.2	0.58183
1179.4	0.5849
1179.6	0.58799
1179.8	0.59109
1180.0	0.59427
1180.2	0.59927
1180.4	0.60432
1180.6	0.60941
1180.8	0.61454
1181.0	0.61971
1181.2	0.62386
1181.4	0.62805
1181.6	0.63226
1181.8	0.63649
1182.0	0.64081
1182.2	0.64691
1182.4	0.65307
1182.6	0.65929
1182.8	0.66557
1183.0	0.67189
1183.2	0.67676
1183.4	0.68167
1183.6	0.68661
1183.8	0.69158
1184.0	0.69662
1184.2	0.70273
1184.4	0.7089
1184.6	0.71512
1184.8	0.72139
1185.0	0.7277
1185.2	0.73249
1185.4	0.73731
1185.6	0.74216
1185.8	0.74704
1186.0	0.75196
1186.2	0.75684
1186.4	0.76175
1186.6	0.76669
1186.8	0.77167
1187.0	0.77666
1187.2	0.77957
1187.4	0.78249
1187.6	0.78542
1187.8	0.78837
1188.0	0.7913
1188.2	0.79359
1188.4	0.79588
1188.6	0.79818
1188.8	0.80049
1189.0	0.80279
1189.2	0.80268
1189.4	0.80257
1189.6	0.80246
1189.8	0.80235
1190.0	0.80222
1190.2	0.80114
1190.4	0.80007
1190.6	0.799
1190.8	0.79793
1191.0	0.79683
1191.2	0.79337
1191.4	0.78992
1191.6	0.78649
1191.8	0.78307
1192.0	0.77964
1192.2	0.77564
1192.4	0.77166
1192.6	0.76769
1192.8	0.76375
1193.0	0.75979
1193.2	0.75401
1193.4	0.74828
1193.6	0.74259
1193.8	0.73694
1194.0	0.73133
1194.2	0.72561
1194.4	0.71993
1194.6	0.7143
1194.8	0.70872
1195.0	0.70315
1195.2	0.69694
1195.4	0.69078
1195.6	0.68468
1195.8	0.67863
1196.0	0.67263
1196.2	0.66596
1196.4	0.65936
1196.6	0.65283
1196.8	0.64636
1197.0	0.64
1197.2	0.63493
1197.4	0.6299
1197.6	0.62491
1197.8	0.61997
1198.0	0.61503
1198.2	0.60911
1198.4	0.60325
1198.6	0.59745
1198.8	0.5917
1199.0	0.58601
1199.2	0.58133
1199.4	0.57669
1199.6	0.57209
1199.8	0.56753
1200.0	0.563
