Data format:  Wavelength (nm) <tab> Transmission (0 to 1)
355.0	0.01858
355.2	0.02296
355.4	0.02938
355.6	0.0396
355.8	0.0558
356.0	0.08223
356.2	0.12681
356.4	0.20191
356.6	0.32253
356.8	0.49386
357.0	0.67973
357.2	0.81552
357.4	0.87741
357.6	0.89024
357.8	0.88996
358.0	0.89532
358.2	0.90137
358.4	0.91174
358.6	0.91619
358.8	0.92078
359.0	0.92023
359.2	0.92109
359.4	0.92246
359.6	0.92426
359.8	0.92781
360.0	0.93159
360.2	0.93469
360.4	0.93355
360.6	0.93155
360.8	0.92913
361.0	0.92641
361.2	0.92815
361.4	0.92507
361.6	0.92295
361.8	0.92271
362.0	0.92233
362.2	0.92093
362.4	0.92036
362.6	0.92186
362.8	0.92347
363.0	0.92934
363.2	0.93333
363.4	0.93714
363.6	0.94051
363.8	0.94221
364.0	0.94274
364.2	0.94032
364.4	0.94089
364.6	0.94053
364.8	0.93577
365.0	0.93325
365.2	0.9282
365.4	0.92721
365.6	0.92318
365.8	0.92135
366.0	0.91696
366.2	0.91527
366.4	0.91509
366.6	0.91628
366.8	0.92038
367.0	0.92645
367.2	0.93582
367.4	0.94199
367.6	0.9477
367.8	0.9517
368.0	0.95179
368.2	0.95106
368.4	0.94725
368.6	0.94423
368.8	0.9409
369.0	0.93924
369.2	0.93886
369.4	0.93824
369.6	0.94231
369.8	0.94408
370.0	0.94546
370.2	0.94689
370.4	0.94539
370.6	0.94146
370.8	0.93722
371.0	0.93385
371.2	0.93071
371.4	0.92941
371.6	0.9288
371.8	0.93205
372.0	0.93663
372.2	0.94146
372.4	0.94644
372.6	0.9507
372.8	0.95451
373.0	0.95613
373.2	0.95443
373.4	0.95184
373.6	0.94665
373.8	0.93816
374.0	0.93058
374.2	0.9236
374.4	0.91835
374.6	0.91478
374.8	0.91227
375.0	0.91303
375.2	0.91601
375.4	0.91988
375.6	0.9215
375.8	0.92475
376.0	0.92862
376.2	0.93089
376.4	0.93152
376.6	0.93196
376.8	0.93211
377.0	0.93305
377.2	0.93462
377.4	0.93769
377.6	0.93948
377.8	0.94396
378.0	0.94781
378.2	0.95144
378.4	0.95312
378.6	0.95533
378.8	0.95453
379.0	0.95575
379.2	0.95452
379.4	0.95325
379.6	0.95338
379.8	0.9552
380.0	0.95475
380.2	0.95608
380.4	0.95632
380.6	0.95509
380.8	0.95272
381.0	0.94838
381.2	0.94547
381.4	0.94219
381.6	0.93929
381.8	0.93667
382.0	0.93546
382.2	0.93689
382.4	0.94029
382.6	0.94409
382.8	0.94997
383.0	0.95455
383.2	0.95925
383.4	0.96382
383.6	0.96601
383.8	0.96591
384.0	0.96635
384.2	0.96572
384.4	0.96624
384.6	0.96653
384.8	0.96633
385.0	0.96747
385.2	0.96795
385.4	0.96847
385.6	0.97066
385.8	0.97026
386.0	0.97043
386.2	0.96853
386.4	0.96641
386.6	0.96516
386.8	0.96277
387.0	0.96214
387.2	0.96177
387.4	0.96233
387.6	0.96352
387.8	0.96679
388.0	0.96847
388.2	0.9706
388.4	0.97042
388.6	0.96982
388.8	0.96815
389.0	0.96731
389.2	0.96659
389.4	0.96472
389.6	0.96418
389.8	0.96598
390.0	0.96757
390.2	0.96966
390.4	0.97178
390.6	0.97323
390.8	0.97527
391.0	0.97417
391.2	0.97421
391.4	0.9716
391.6	0.96898
391.8	0.96515
392.0	0.96337
392.2	0.9611
392.4	0.95955
392.6	0.96132
392.8	0.9645
393.0	0.96733
393.2	0.97088
393.4	0.97246
393.6	0.97525
393.8	0.97746
394.0	0.97497
394.2	0.97418
394.4	0.97178
394.6	0.96903
394.8	0.96717
395.0	0.96622
395.2	0.96592
395.4	0.96673
395.6	0.96888
395.8	0.97116
396.0	0.97549
396.2	0.9793
396.4	0.98036
396.6	0.98058
396.8	0.97891
397.0	0.97926
397.2	0.97443
397.4	0.9711
397.6	0.96834
397.8	0.9659
398.0	0.96175
398.2	0.96249
398.4	0.96296
398.6	0.96392
398.8	0.96421
399.0	0.96632
399.2	0.9676
399.4	0.96702
399.6	0.96745
399.8	0.96611
400.0	0.96447
400.2	0.96219
400.4	0.96112
400.6	0.95997
400.8	0.95814
401.0	0.9589
401.2	0.9589
401.4	0.96127
401.6	0.96228
401.8	0.96445
402.0	0.96557
402.2	0.96671
402.4	0.96646
402.6	0.96533
402.8	0.96659
403.0	0.96533
403.2	0.96397
403.4	0.96344
403.6	0.96481
403.8	0.96433
404.0	0.96503
404.2	0.9668
404.4	0.96722
404.6	0.96894
404.8	0.96857
405.0	0.96866
405.2	0.96771
405.4	0.96794
405.6	0.96677
405.8	0.96558
406.0	0.96579
406.2	0.96589
406.4	0.96794
406.6	0.97115
406.8	0.97275
407.0	0.9754
407.2	0.97933
407.4	0.98261
407.6	0.98419
407.8	0.98354
408.0	0.98378
408.2	0.98231
408.4	0.97911
408.6	0.97551
408.8	0.97282
409.0	0.97063
409.2	0.96874
409.4	0.96705
409.6	0.96725
409.8	0.96766
410.0	0.97153
410.2	0.97335
410.4	0.97509
410.6	0.97753
410.8	0.97863
411.0	0.97925
411.2	0.97834
411.4	0.97731
411.6	0.9755
411.8	0.97275
412.0	0.97135
412.2	0.96915
412.4	0.96808
412.6	0.96826
412.8	0.96906
413.0	0.97012
413.2	0.97059
413.4	0.97274
413.6	0.97441
413.8	0.97472
414.0	0.97639
414.2	0.97661
414.4	0.97726
414.6	0.9775
414.8	0.9751
415.0	0.97562
415.2	0.97445
415.4	0.97631
415.6	0.97742
415.8	0.97743
416.0	0.98014
416.2	0.98169
416.4	0.98377
416.6	0.98612
416.8	0.98682
417.0	0.98774
417.2	0.98862
417.4	0.98641
417.6	0.98593
417.8	0.9846
418.0	0.98248
418.2	0.9815
418.4	0.98021
418.6	0.98004
418.8	0.97863
419.0	0.97982
419.2	0.98073
419.4	0.98188
419.6	0.98197
419.8	0.98252
420.0	0.98353
420.2	0.98263
420.4	0.98093
420.6	0.97975
420.8	0.97733
421.0	0.97622
421.2	0.97463
421.4	0.97269
421.6	0.97159
421.8	0.97122
422.0	0.97016
422.2	0.9699
422.4	0.97094
422.6	0.97131
422.8	0.97121
423.0	0.97169
423.2	0.97139
423.4	0.97069
423.6	0.97007
423.8	0.96937
424.0	0.96858
424.2	0.9678
424.4	0.96691
424.6	0.96625
424.8	0.96787
425.0	0.96991
425.2	0.97194
425.4	0.97408
425.6	0.97569
425.8	0.97875
426.0	0.98092
426.2	0.9826
426.4	0.98357
426.6	0.98314
426.8	0.98333
427.0	0.9808
427.2	0.97857
427.4	0.97613
427.6	0.97436
427.8	0.97105
428.0	0.96893
428.2	0.96786
428.4	0.96724
428.6	0.96682
428.8	0.96823
429.0	0.9699
429.2	0.97229
429.4	0.97392
429.6	0.97679
429.8	0.97862
430.0	0.97979
430.2	0.98072
430.4	0.98089
430.6	0.9802
430.8	0.97947
431.0	0.97787
431.2	0.97623
431.4	0.97527
431.6	0.97256
431.8	0.97227
432.0	0.97121
432.2	0.97165
432.4	0.97257
432.6	0.97323
432.8	0.97379
433.0	0.97656
433.2	0.97804
433.4	0.98005
433.6	0.98119
433.8	0.98286
434.0	0.98358
434.2	0.98371
434.4	0.98432
434.6	0.98341
434.8	0.98343
435.0	0.98234
435.2	0.9811
435.4	0.9804
435.6	0.97929
435.8	0.97832
436.0	0.97736
436.2	0.97592
436.4	0.97619
436.6	0.97613
436.8	0.97535
437.0	0.97564
437.2	0.97581
437.4	0.97629
437.6	0.97643
437.8	0.97752
438.0	0.97938
438.2	0.9792
438.4	0.98117
438.6	0.98183
438.8	0.98178
439.0	0.98337
439.2	0.98303
439.4	0.98368
439.6	0.98261
439.8	0.98242
440.0	0.98139
440.2	0.98014
440.4	0.97878
440.6	0.97762
440.8	0.97658
441.0	0.97537
441.2	0.97493
441.4	0.97408
441.6	0.97446
441.8	0.97407
442.0	0.97555
442.2	0.97613
442.4	0.97623
442.6	0.97711
442.8	0.97861
443.0	0.97905
443.2	0.97838
443.4	0.97876
443.6	0.97778
443.8	0.9772
444.0	0.97516
444.2	0.9749
444.4	0.97298
444.6	0.97075
444.8	0.96996
445.0	0.96854
445.2	0.96658
445.4	0.96642
445.6	0.9667
445.8	0.96583
446.0	0.96686
446.2	0.96648
446.4	0.96751
446.6	0.96859
446.8	0.96948
447.0	0.96983
447.2	0.9703
447.4	0.97091
447.6	0.97117
447.8	0.97112
448.0	0.97231
448.2	0.97193
448.4	0.97353
448.6	0.97317
448.8	0.97408
449.0	0.97542
449.2	0.97599
449.4	0.97831
449.6	0.98003
449.8	0.98174
450.0	0.98295
450.2	0.98418
450.4	0.9855
450.6	0.98633
450.8	0.98699
451.0	0.98646
451.2	0.98685
451.4	0.98592
451.6	0.98516
451.8	0.98354
452.0	0.98334
452.2	0.98153
452.4	0.98041
452.6	0.97862
452.8	0.97819
453.0	0.97735
453.2	0.97612
453.4	0.97585
453.6	0.97589
453.8	0.97497
454.0	0.97499
454.2	0.97517
454.4	0.97529
454.6	0.9754
454.8	0.97503
455.0	0.97558
455.2	0.97533
455.4	0.97638
455.6	0.97649
455.8	0.97742
456.0	0.97803
456.2	0.97864
456.4	0.97912
456.6	0.98022
456.8	0.9818
457.0	0.98257
457.2	0.98392
457.4	0.98471
457.6	0.98586
457.8	0.98504
458.0	0.98524
458.2	0.98478
458.4	0.98409
458.6	0.98347
458.8	0.98239
459.0	0.98153
459.2	0.98057
459.4	0.97991
459.6	0.98065
459.8	0.97972
460.0	0.98006
460.2	0.98083
460.4	0.98217
460.6	0.98291
460.8	0.98417
461.0	0.98498
461.2	0.98592
461.4	0.98682
461.6	0.98722
461.8	0.98721
462.0	0.98652
462.2	0.98558
462.4	0.98413
462.6	0.98252
462.8	0.98112
463.0	0.97814
463.2	0.97642
463.4	0.97399
463.6	0.97303
463.8	0.97163
464.0	0.97121
464.2	0.97154
464.4	0.97174
464.6	0.97293
464.8	0.97432
465.0	0.9763
465.2	0.97729
465.4	0.97914
465.6	0.98062
465.8	0.98131
466.0	0.982
466.2	0.98241
466.4	0.98129
466.6	0.98023
466.8	0.97886
467.0	0.97663
467.2	0.97386
467.4	0.97253
467.6	0.97034
467.8	0.96943
468.0	0.96742
468.2	0.96648
468.4	0.96717
468.6	0.96699
468.8	0.96762
469.0	0.96861
469.2	0.96962
469.4	0.97071
469.6	0.9727
469.8	0.97325
470.0	0.97503
470.2	0.97524
470.4	0.97598
470.6	0.9756
470.8	0.97488
471.0	0.97472
471.2	0.97376
471.4	0.97261
471.6	0.97218
471.8	0.97125
472.0	0.97019
472.2	0.9692
472.4	0.96909
472.6	0.97045
472.8	0.97042
473.0	0.97184
473.2	0.97336
473.4	0.9744
473.6	0.97708
473.8	0.97848
474.0	0.98096
474.2	0.98235
474.4	0.98408
474.6	0.98565
474.8	0.98656
475.0	0.98762
475.2	0.98797
475.4	0.98863
475.6	0.98809
475.8	0.9885
476.0	0.98849
476.2	0.98735
476.4	0.98688
476.6	0.98582
476.8	0.98574
477.0	0.98536
477.2	0.98495
477.4	0.98565
477.6	0.98452
477.8	0.98498
478.0	0.98515
478.2	0.98466
478.4	0.98461
478.6	0.9847
478.8	0.98427
479.0	0.98371
479.2	0.98339
479.4	0.98358
479.6	0.9834
479.8	0.98318
480.0	0.98347
480.2	0.98334
480.4	0.98367
480.6	0.98383
480.8	0.98439
481.0	0.98466
481.2	0.9846
481.4	0.98608
481.6	0.98586
481.8	0.98647
482.0	0.98581
482.2	0.98525
482.4	0.98359
482.6	0.98263
482.8	0.98089
483.0	0.97856
483.2	0.97697
483.4	0.97505
483.6	0.97234
483.8	0.97027
484.0	0.96821
484.2	0.96655
484.4	0.96508
484.6	0.96462
484.8	0.96388
485.0	0.96486
485.2	0.96547
485.4	0.96672
485.6	0.96892
485.8	0.9713
486.0	0.97417
486.2	0.97635
486.4	0.97941
486.6	0.98172
486.8	0.98374
487.0	0.98598
487.2	0.98656
487.4	0.98743
487.6	0.98771
487.8	0.98722
488.0	0.98668
488.2	0.98515
488.4	0.98306
488.6	0.98193
488.8	0.97986
489.0	0.97853
489.2	0.97656
489.4	0.97591
489.6	0.97529
489.8	0.97435
490.0	0.97488
490.2	0.97552
490.4	0.9759
490.6	0.97673
490.8	0.97764
491.0	0.9792
491.2	0.97988
491.4	0.98037
491.6	0.98125
491.8	0.98138
492.0	0.98121
492.2	0.9806
492.4	0.9795
492.6	0.97793
492.8	0.97694
493.0	0.97565
493.2	0.97313
493.4	0.97205
493.6	0.97087
493.8	0.96925
494.0	0.96839
494.2	0.96825
494.4	0.96879
494.6	0.96882
494.8	0.97008
495.0	0.97159
495.2	0.97271
495.4	0.97474
495.6	0.97696
495.8	0.9788
496.0	0.98093
496.2	0.98205
496.4	0.98388
496.6	0.98425
496.8	0.98511
497.0	0.98466
497.2	0.98498
497.4	0.98378
497.6	0.98288
497.8	0.98172
498.0	0.98003
498.2	0.97825
498.4	0.97733
498.6	0.97538
498.8	0.97384
499.0	0.9729
499.2	0.972
499.4	0.97115
499.6	0.97128
499.8	0.97116
500.0	0.97134
500.2	0.97145
500.4	0.97229
500.6	0.97261
500.8	0.97376
501.0	0.97353
501.2	0.97455
501.4	0.97486
501.6	0.97528
501.8	0.97492
502.0	0.97481
502.2	0.97434
502.4	0.97441
502.6	0.97408
502.8	0.97404
503.0	0.9737
503.2	0.97367
503.4	0.97389
503.6	0.97429
503.8	0.97465
504.0	0.9752
504.2	0.97611
504.4	0.97658
504.6	0.97813
504.8	0.97946
505.0	0.9801
505.2	0.98136
505.4	0.98249
505.6	0.98295
505.8	0.9834
506.0	0.98352
506.2	0.98349
506.4	0.98324
506.6	0.98232
506.8	0.98219
507.0	0.98052
507.2	0.97904
507.4	0.97782
507.6	0.97652
507.8	0.97563
508.0	0.97494
508.2	0.97401
508.4	0.97311
508.6	0.97351
508.8	0.97365
509.0	0.97407
509.2	0.97533
509.4	0.97651
509.6	0.97814
509.8	0.9797
510.0	0.98097
510.2	0.98309
510.4	0.98476
510.6	0.98634
510.8	0.98738
511.0	0.98866
511.2	0.98938
511.4	0.98943
511.6	0.98978
511.8	0.98949
512.0	0.98854
512.2	0.98764
512.4	0.98614
512.6	0.98482
512.8	0.98295
513.0	0.98079
513.2	0.9789
513.4	0.97735
513.6	0.97566
513.8	0.97391
514.0	0.97275
514.2	0.9712
514.4	0.97083
514.6	0.96988
514.8	0.97006
515.0	0.96998
515.2	0.96986
515.4	0.97007
515.6	0.97097
515.8	0.97172
516.0	0.97275
516.2	0.97352
516.4	0.97459
516.6	0.97598
516.8	0.97686
517.0	0.97837
517.2	0.97969
517.4	0.98081
517.6	0.98195
517.8	0.98359
518.0	0.9845
518.2	0.98536
518.4	0.98637
518.6	0.98702
518.8	0.98822
519.0	0.9888
519.2	0.98926
519.4	0.98964
519.6	0.98934
519.8	0.98888
520.0	0.98855
520.2	0.98748
520.4	0.98614
520.6	0.98485
520.8	0.98302
521.0	0.98095
521.2	0.97842
521.4	0.9757
521.6	0.97326
521.8	0.97072
522.0	0.96758
522.2	0.96487
522.4	0.96217
522.6	0.95909
522.8	0.95702
523.0	0.95466
523.2	0.95324
523.4	0.95178
523.6	0.95076
523.8	0.95009
524.0	0.95023
524.2	0.95047
524.4	0.95112
524.6	0.95245
524.8	0.95393
525.0	0.95576
525.2	0.95771
525.4	0.95996
525.6	0.96252
525.8	0.96553
526.0	0.96775
526.2	0.97095
526.4	0.97343
526.6	0.9759
526.8	0.97849
527.0	0.98049
527.2	0.98213
527.4	0.98372
527.6	0.98461
527.8	0.98579
528.0	0.98603
528.2	0.98647
528.4	0.98616
528.6	0.98558
528.8	0.98498
529.0	0.98376
529.2	0.98295
529.4	0.98138
529.6	0.97945
529.8	0.97832
530.0	0.97669
530.2	0.97513
530.4	0.97341
530.6	0.97183
530.8	0.97055
531.0	0.96948
531.2	0.9684
531.4	0.96757
531.6	0.96724
531.8	0.96694
532.0	0.96713
532.2	0.96724
532.4	0.96774
532.6	0.96821
532.8	0.96939
533.0	0.97063
533.2	0.97207
533.4	0.97379
533.6	0.97509
533.8	0.97688
534.0	0.97861
534.2	0.98005
534.4	0.98188
534.6	0.98279
534.8	0.98413
535.0	0.98545
535.2	0.98635
535.4	0.98683
535.6	0.98672
535.8	0.98665
536.0	0.98603
536.2	0.98532
536.4	0.98464
536.6	0.98362
536.8	0.98231
537.0	0.98079
537.2	0.97925
537.4	0.97818
537.6	0.97637
537.8	0.97536
538.0	0.97381
538.2	0.97304
538.4	0.97259
538.6	0.9717
538.8	0.97166
539.0	0.97118
539.2	0.97129
539.4	0.97167
539.6	0.97209
539.8	0.97305
540.0	0.97359
540.2	0.97482
540.4	0.97584
540.6	0.97713
540.8	0.97818
541.0	0.97876
541.2	0.97967
541.4	0.9806
541.6	0.98123
541.8	0.98153
542.0	0.982
542.2	0.98242
542.4	0.98249
542.6	0.98211
542.8	0.98226
543.0	0.98205
543.2	0.98173
543.4	0.98128
543.6	0.98074
543.8	0.98054
544.0	0.9799
544.2	0.9795
544.4	0.97916
544.6	0.97868
544.8	0.97847
545.0	0.97798
545.2	0.9775
545.4	0.97725
545.6	0.97699
545.8	0.97661
546.0	0.97618
546.2	0.9756
546.4	0.9752
546.6	0.97522
546.8	0.97427
547.0	0.97372
547.2	0.97287
547.4	0.97223
547.6	0.97161
547.8	0.97103
548.0	0.97032
548.2	0.96959
548.4	0.96908
548.6	0.96838
548.8	0.96808
549.0	0.96774
549.2	0.96727
549.4	0.9673
549.6	0.96726
549.8	0.9682
550.0	0.96765
550.2	0.96863
550.4	0.96909
550.6	0.96975
550.8	0.97066
551.0	0.97144
551.2	0.97264
551.4	0.97348
551.6	0.97436
551.8	0.97532
552.0	0.97598
552.2	0.97712
552.4	0.9782
552.6	0.97847
552.8	0.97908
553.0	0.97961
553.2	0.97952
553.4	0.97948
553.6	0.98021
553.8	0.97984
554.0	0.9796
554.2	0.97931
554.4	0.97905
554.6	0.97911
554.8	0.97872
555.0	0.97825
555.2	0.97803
555.4	0.97747
555.6	0.97688
555.8	0.97645
556.0	0.97581
556.2	0.97582
556.4	0.97502
556.6	0.97473
556.8	0.97386
557.0	0.97319
557.2	0.97252
557.4	0.97189
557.6	0.97134
557.8	0.97048
558.0	0.9699
558.2	0.9692
558.4	0.9687
558.6	0.96802
558.8	0.96742
559.0	0.96698
559.2	0.96699
559.4	0.96689
559.6	0.96678
559.8	0.96746
560.0	0.96821
560.2	0.96841
560.4	0.96957
560.6	0.97037
560.8	0.97237
561.0	0.97367
561.2	0.97515
561.4	0.97688
561.6	0.97868
561.8	0.98045
562.0	0.98235
562.2	0.98369
562.4	0.98537
562.6	0.98703
562.8	0.98731
563.0	0.98856
563.2	0.98862
563.4	0.98877
563.6	0.98901
563.8	0.98819
564.0	0.98704
564.2	0.98568
564.4	0.98491
564.6	0.98289
564.8	0.98101
565.0	0.97922
565.2	0.97756
565.4	0.97586
565.6	0.97407
565.8	0.97263
566.0	0.97132
566.2	0.97033
566.4	0.96938
566.6	0.96897
566.8	0.96911
567.0	0.9696
567.2	0.97037
567.4	0.97117
567.6	0.97246
567.8	0.97364
568.0	0.97514
568.2	0.97714
568.4	0.97912
568.6	0.98107
568.8	0.9826
569.0	0.98394
569.2	0.9857
569.4	0.98664
569.6	0.9876
569.8	0.98791
570.0	0.9881
570.2	0.98788
570.4	0.98724
570.6	0.98664
570.8	0.98524
571.0	0.98351
571.2	0.9818
571.4	0.98012
571.6	0.97815
571.8	0.97607
572.0	0.97409
572.2	0.97226
572.4	0.97057
572.6	0.96905
572.8	0.96762
573.0	0.96722
573.2	0.96587
573.4	0.96558
573.6	0.96581
573.8	0.96625
574.0	0.96648
574.2	0.96764
574.4	0.96901
574.6	0.96965
574.8	0.9709
575.0	0.97251
575.2	0.97356
575.4	0.97518
575.6	0.97673
575.8	0.97757
576.0	0.97856
576.2	0.97937
576.4	0.98016
576.6	0.98025
576.8	0.98034
577.0	0.98082
577.2	0.9799
577.4	0.98012
577.6	0.97943
577.8	0.97873
578.0	0.9779
578.2	0.97719
578.4	0.97672
578.6	0.97601
578.8	0.97533
579.0	0.97495
579.2	0.97453
579.4	0.97457
579.6	0.97447
579.8	0.97458
580.0	0.97507
580.2	0.97577
580.4	0.97609
580.6	0.97673
580.8	0.97751
581.0	0.97867
581.2	0.97935
581.4	0.97985
581.6	0.98096
581.8	0.98127
582.0	0.9821
582.2	0.98273
582.4	0.98274
582.6	0.98286
582.8	0.98304
583.0	0.98254
583.2	0.98229
583.4	0.98199
583.6	0.98131
583.8	0.98081
584.0	0.98008
584.2	0.9796
584.4	0.97871
584.6	0.97815
584.8	0.97769
585.0	0.97745
585.2	0.97718
585.4	0.97704
585.6	0.97666
585.8	0.9768
586.0	0.97696
586.2	0.97748
586.4	0.97784
586.6	0.97784
586.8	0.97819
587.0	0.97887
587.2	0.97932
587.4	0.97904
587.6	0.97924
587.8	0.97973
588.0	0.97928
588.2	0.97888
588.4	0.97901
588.6	0.97802
588.8	0.97775
589.0	0.97689
589.2	0.97612
589.4	0.97516
589.6	0.97383
589.8	0.97329
590.0	0.97241
590.2	0.97185
590.4	0.97062
590.6	0.97064
590.8	0.97012
591.0	0.9696
591.2	0.9698
591.4	0.97002
591.6	0.97052
591.8	0.97089
592.0	0.97146
592.2	0.97238
592.4	0.97336
592.6	0.97436
592.8	0.97534
593.0	0.97654
593.2	0.97761
593.4	0.97756
593.6	0.97909
593.8	0.97912
594.0	0.97961
594.2	0.97941
594.4	0.97908
594.6	0.97867
594.8	0.97769
595.0	0.97656
595.2	0.97514
595.4	0.97383
595.6	0.97259
595.8	0.97051
596.0	0.96863
596.2	0.96665
596.4	0.96533
596.6	0.96371
596.8	0.96253
597.0	0.96108
597.2	0.96037
597.4	0.96002
597.6	0.95973
597.8	0.95997
598.0	0.96034
598.2	0.96126
598.4	0.96227
598.6	0.9635
598.8	0.96526
599.0	0.96694
599.2	0.96866
599.4	0.97067
599.6	0.97285
599.8	0.97512
600.0	0.9767
600.2	0.9785
600.4	0.97967
600.6	0.98091
600.8	0.98212
601.0	0.98212
601.2	0.9823
601.4	0.98206
601.6	0.98169
601.8	0.9807
602.0	0.9798
602.2	0.97837
602.4	0.97701
602.6	0.97555
602.8	0.97398
603.0	0.97253
603.2	0.97115
603.4	0.96964
603.6	0.96876
603.8	0.96771
604.0	0.96691
604.2	0.96658
604.4	0.9666
604.6	0.96699
604.8	0.96766
605.0	0.96889
605.2	0.96973
605.4	0.97173
605.6	0.97284
605.8	0.97473
606.0	0.97619
606.2	0.97822
606.4	0.9798
606.6	0.98138
606.8	0.98289
607.0	0.98391
607.2	0.98496
607.4	0.98571
607.6	0.98649
607.8	0.98654
608.0	0.98502
608.2	0.98352
608.4	0.9831
608.6	0.98238
608.8	0.9822
609.0	0.98032
609.2	0.97935
609.4	0.97812
609.6	0.97745
609.8	0.97664
610.0	0.97598
610.2	0.97538
610.4	0.97529
610.6	0.9743
610.8	0.97485
611.0	0.97537
611.2	0.97571
611.4	0.9769
611.6	0.9774
611.8	0.97865
612.0	0.97921
612.2	0.98086
612.4	0.98124
612.6	0.98261
612.8	0.98352
613.0	0.98331
613.2	0.98393
613.4	0.98417
613.6	0.98341
613.8	0.98292
614.0	0.98253
614.2	0.98112
614.4	0.97878
614.6	0.97782
614.8	0.976
615.0	0.97381
615.2	0.97239
615.4	0.97041
615.6	0.9687
615.8	0.96691
616.0	0.96576
616.2	0.965
616.4	0.96423
616.6	0.96371
616.8	0.96398
617.0	0.96443
617.2	0.96504
617.4	0.96625
617.6	0.96791
617.8	0.96998
618.0	0.97154
618.2	0.97372
618.4	0.97616
618.6	0.97783
618.8	0.97968
619.0	0.98189
619.2	0.98382
619.4	0.98515
619.6	0.98553
619.8	0.98623
620.0	0.98642
620.2	0.98692
620.4	0.98587
620.6	0.98485
620.8	0.98334
621.0	0.98172
621.2	0.98033
621.4	0.97876
621.6	0.97649
621.8	0.97538
622.0	0.97348
622.2	0.97221
622.4	0.97046
622.6	0.97017
622.8	0.96982
623.0	0.96983
623.2	0.97047
623.4	0.97136
623.6	0.97103
623.8	0.97253
624.0	0.97425
624.2	0.9763
624.4	0.97728
624.6	0.97826
624.8	0.98019
625.0	0.98135
625.2	0.98209
625.4	0.98197
625.6	0.98202
625.8	0.98189
626.0	0.98142
626.2	0.98026
626.4	0.97816
626.6	0.97662
626.8	0.97413
627.0	0.97252
627.2	0.97066
627.4	0.96868
627.6	0.96695
627.8	0.96553
628.0	0.96437
628.2	0.96366
628.4	0.96369
628.6	0.96399
628.8	0.96451
629.0	0.96539
629.2	0.96759
629.4	0.96975
629.6	0.97196
629.8	0.97364
630.0	0.97584
630.2	0.97786
630.4	0.97891
630.6	0.98052
630.8	0.98079
631.0	0.98132
631.2	0.98056
631.4	0.97943
631.6	0.97846
631.8	0.9765
632.0	0.97471
632.2	0.97292
632.4	0.97154
632.6	0.96948
632.8	0.96909
633.0	0.96851
633.2	0.96951
633.4	0.97047
633.6	0.97246
633.8	0.97442
634.0	0.97655
634.2	0.97939
634.4	0.98136
634.6	0.98233
634.8	0.98228
635.0	0.98065
635.2	0.97745
635.4	0.97243
635.6	0.96568
635.8	0.95714
636.0	0.94877
636.2	0.93936
636.4	0.93101
636.6	0.92371
636.8	0.91938
637.0	0.91618
637.2	0.91569
637.4	0.91431
637.6	0.91128
637.8	0.89869
638.0	0.87179
638.2	0.82026
638.4	0.74193
638.6	0.63779
638.8	0.50708
639.0	0.39484
639.2	0.2975
639.4	0.21984
639.6	0.16135
639.8	0.11826
640.0	0.08737
640.2	0.06457
640.4	0.04819
640.6	0.03634
640.8	0.02769
641.0	0.02134
641.2	0.01656
641.4	0.01336
641.6	0.01057
641.8	0.00843
642.0	0.00677
642.2	0.00548
642.4	0.00447
642.6	0.00366
642.8	0.00302
643.0	0.00252
643.2	0.00209
643.4	0.00177
643.6	0.00149
643.8	0.00127
644.0	0.00108
644.2	9.2112e-04
644.4	7.9822e-04
644.6	6.9149e-04
644.8	6.0581e-04
645.0	5.2422e-04
645.2	4.5337e-04
645.4	3.9585e-04
645.6	3.516e-04
645.8	3.1222e-04
646.0	2.7597e-04
646.2	2.4805e-04
646.4	2.2284e-04
646.6	1.9898e-04
646.8	1.7959e-04
647.0	1.622e-04
647.2	1.4786e-04
647.4	1.3662e-04
647.6	1.2323e-04
647.8	1.127e-04
648.0	1.031e-04
648.2	9.5438e-05
648.4	9.0168e-05
648.6	8.2174e-05
648.8	7.7053e-05
649.0	7.0926e-05
649.2	6.6865e-05
649.4	6.2529e-05
649.6	5.7771e-05
649.8	5.4564e-05
650.0	5.1864e-05
650.2	4.9254e-05
650.4	4.691e-05
650.6	4.4071e-05
650.8	4.2163e-05
651.0	4.073e-05
651.2	3.8319e-05
651.4	3.6173e-05
651.6	3.5663e-05
651.8	3.4188e-05
652.0	3.2088e-05
652.2	3.0955e-05
652.4	3.092e-05
652.6	2.8835e-05
652.8	2.804e-05
653.0	2.7206e-05
653.2	2.6398e-05
653.4	2.5613e-05
653.6	2.4851e-05
653.8	2.4112e-05
654.0	2.3396e-05
654.2	2.2604e-05
654.4	2.1458e-05
654.6	2.0371e-05
654.8	1.9339e-05
655.0	1.8359e-05
655.2	1.7428e-05
655.4	1.6545e-05
655.6	1.5707e-05
655.8	1.4911e-05
656.0	1.4155e-05
656.2	1.3438e-05
656.4	1.2757e-05
656.6	1.2111e-05
656.8	1.1497e-05
657.0	1.0914e-05
657.2	1.0361e-05
657.4	9.8363e-06
657.6	9.3379e-06
657.8	8.8924e-06
658.0	8.478e-06
658.2	8.0829e-06
658.4	7.7062e-06
658.6	7.347e-06
658.8	7.0046e-06
659.0	6.6782e-06
659.2	6.3669e-06
659.4	6.0702e-06
659.6	5.7873e-06
659.8	5.5176e-06
660.0	5.2604e-06
660.2	5.0153e-06
660.4	4.7815e-06
660.6	4.5587e-06
660.8	4.3462e-06
661.0	4.1437e-06
661.2	3.9506e-06
661.4	3.7664e-06
661.6	3.5909e-06
661.8	3.4236e-06
662.0	3.264e-06
662.2	3.1119e-06
662.4	2.9669e-06
662.6	2.8497e-06
662.8	2.8082e-06
663.0	2.7674e-06
663.2	2.7271e-06
663.4	2.6874e-06
663.6	2.6483e-06
663.8	2.6098e-06
664.0	2.5718e-06
664.2	2.5344e-06
664.4	2.4975e-06
664.6	2.4611e-06
664.8	2.4253e-06
665.0	2.39e-06
665.2	2.3552e-06
665.4	2.321e-06
665.6	2.2872e-06
665.8	2.2539e-06
666.0	2.2211e-06
666.2	2.1888e-06
666.4	2.1569e-06
666.6	2.1255e-06
666.8	2.0946e-06
667.0	2.0641e-06
667.2	2.0341e-06
667.4	2.0045e-06
667.6	1.9888e-06
667.8	1.9785e-06
668.0	1.9683e-06
668.2	1.9581e-06
668.4	1.948e-06
668.6	1.9379e-06
668.8	1.9278e-06
669.0	1.9179e-06
669.2	1.9079e-06
669.4	1.898e-06
669.6	1.8882e-06
669.8	1.8784e-06
670.0	1.8687e-06
670.2	1.8591e-06
670.4	1.8494e-06
670.6	1.8399e-06
670.8	1.8303e-06
671.0	1.8209e-06
671.2	1.8114e-06
671.4	1.802e-06
671.6	1.7927e-06
671.8	1.7834e-06
672.0	1.7742e-06
672.2	1.765e-06
672.4	1.7535e-06
672.6	1.7346e-06
672.8	1.7158e-06
673.0	1.6973e-06
673.2	1.6789e-06
673.4	1.6607e-06
673.6	1.6428e-06
673.8	1.625e-06
674.0	1.6074e-06
674.2	1.59e-06
674.4	1.5728e-06
674.6	1.5558e-06
674.8	1.539e-06
675.0	1.5224e-06
675.2	1.5059e-06
675.4	1.4896e-06
675.6	1.4735e-06
675.8	1.4576e-06
676.0	1.4418e-06
676.2	1.4262e-06
676.4	1.4108e-06
676.6	1.3955e-06
676.8	1.3804e-06
677.0	1.3655e-06
677.2	1.3507e-06
677.4	1.383e-06
677.6	1.4324e-06
677.8	1.4836e-06
678.0	1.5366e-06
678.2	1.5915e-06
678.4	1.6484e-06
678.6	1.7073e-06
678.8	1.7683e-06
679.0	1.8315e-06
679.2	1.897e-06
679.4	1.9647e-06
679.6	2.035e-06
679.8	2.1077e-06
680.0	2.183e-06
680.2	2.261e-06
680.4	2.3418e-06
680.6	2.4255e-06
680.8	2.5122e-06
681.0	2.6019e-06
681.2	2.6949e-06
681.4	2.7912e-06
681.6	2.891e-06
681.8	2.9943e-06
682.0	3.1013e-06
682.2	3.1886e-06
682.4	3.2053e-06
682.6	3.222e-06
682.8	3.2388e-06
683.0	3.2557e-06
683.2	3.2727e-06
683.4	3.2898e-06
683.6	3.307e-06
683.8	3.3242e-06
684.0	3.3416e-06
684.2	3.359e-06
684.4	3.3765e-06
684.6	3.3942e-06
684.8	3.4119e-06
685.0	3.4297e-06
685.2	3.4476e-06
685.4	3.4656e-06
685.6	3.4837e-06
685.8	3.5018e-06
686.0	3.5201e-06
686.2	3.5385e-06
686.4	3.5569e-06
686.6	3.5755e-06
686.8	3.5942e-06
687.0	3.6129e-06
687.2	3.7714e-06
687.4	3.988e-06
687.6	4.2171e-06
687.8	4.4593e-06
688.0	4.7154e-06
688.2	4.9862e-06
688.4	5.2726e-06
688.6	5.5754e-06
688.8	5.8956e-06
689.0	6.2342e-06
689.2	6.5923e-06
689.4	6.9709e-06
689.6	7.3713e-06
689.8	7.7946e-06
690.0	8.2423e-06
690.2	8.7157e-06
690.4	9.2163e-06
690.6	9.7456e-06
690.8	1.0305e-05
691.0	1.0897e-05
691.2	1.1523e-05
691.4	1.2185e-05
691.6	1.2885e-05
691.8	1.3625e-05
692.0	1.3874e-05
692.2	1.2614e-05
692.4	1.147e-05
692.6	1.0429e-05
692.8	9.482e-06
693.0	8.6214e-06
693.2	7.839e-06
693.4	7.1275e-06
693.6	6.4806e-06
693.8	5.8924e-06
694.0	5.3576e-06
694.2	4.8713e-06
694.4	4.4292e-06
694.6	4.0272e-06
694.8	3.6617e-06
695.0	3.3294e-06
695.2	3.0272e-06
695.4	2.7524e-06
695.6	2.5026e-06
695.8	2.2755e-06
696.0	2.069e-06
696.2	1.8812e-06
696.4	1.7104e-06
696.6	1.5552e-06
696.8	1.4141e-06
697.0	1.3807e-06
697.2	1.3796e-06
697.4	1.3785e-06
697.6	1.3774e-06
697.8	1.3763e-06
698.0	1.3752e-06
698.2	1.3741e-06
698.4	1.3731e-06
698.6	1.372e-06
698.8	1.3709e-06
699.0	1.3698e-06
699.2	1.3687e-06
699.4	1.3677e-06
699.6	1.3666e-06
699.8	1.3655e-06
700.0	1.3644e-06
700.2	1.3634e-06
700.4	1.3623e-06
700.6	1.3612e-06
700.8	1.3601e-06
701.0	1.3591e-06
701.2	1.358e-06
701.4	1.3569e-06
701.6	1.3559e-06
701.8	1.3675e-06
702.0	1.4195e-06
702.2	1.4734e-06
702.4	1.5294e-06
702.6	1.5875e-06
702.8	1.6478e-06
703.0	1.7104e-06
703.2	1.7754e-06
703.4	1.8429e-06
703.6	1.9129e-06
703.8	1.9856e-06
704.0	2.0611e-06
704.2	2.1394e-06
704.4	2.2207e-06
704.6	2.3051e-06
704.8	2.3927e-06
705.0	2.4836e-06
705.2	2.578e-06
705.4	2.6759e-06
705.6	2.7776e-06
705.8	2.8832e-06
706.0	2.9927e-06
706.2	3.1065e-06
706.4	3.2245e-06
706.6	3.1969e-06
706.8	2.9862e-06
707.0	2.7894e-06
707.2	2.6055e-06
707.4	2.4338e-06
707.6	2.2734e-06
707.8	2.1235e-06
708.0	1.9836e-06
708.2	1.8528e-06
708.4	1.7307e-06
708.6	1.6166e-06
708.8	1.5101e-06
709.0	1.4105e-06
709.2	1.3176e-06
709.4	1.2307e-06
709.6	1.1496e-06
709.8	1.0738e-06
710.0	1.0044e-06
710.2	9.7405e-07
710.4	9.4465e-07
710.6	9.1613e-07
710.8	8.8847e-07
711.0	8.6165e-07
711.2	8.3564e-07
711.4	8.1041e-07
711.6	7.8594e-07
711.8	7.6222e-07
712.0	7.392e-07
712.2	7.1689e-07
712.4	6.9525e-07
712.6	6.7426e-07
712.8	6.539e-07
713.0	6.3416e-07
713.2	6.1502e-07
713.4	6.0278e-07
713.6	6.0331e-07
713.8	6.0384e-07
714.0	6.0437e-07
714.2	6.049e-07
714.4	6.0543e-07
714.6	6.0596e-07
714.8	6.0649e-07
715.0	6.0702e-07
715.2	5.9366e-07
715.4	5.7565e-07
715.6	5.5819e-07
715.8	5.4125e-07
716.0	5.2483e-07
716.2	5.0891e-07
716.4	4.9347e-07
716.6	4.785e-07
716.8	4.6398e-07
717.0	4.4748e-07
717.2	4.3017e-07
717.4	4.1353e-07
717.6	3.9754e-07
717.8	3.8216e-07
718.0	3.6737e-07
718.2	3.5316e-07
718.4	3.395e-07
718.6	3.2637e-07
718.8	3.2034e-07
719.0	3.2028e-07
719.2	3.2022e-07
719.4	3.2016e-07
719.6	3.201e-07
719.8	3.2004e-07
720.0	3.1998e-07
720.2	3.1991e-07
720.4	3.1985e-07
720.6	3.1828e-07
720.8	3.1474e-07
721.0	3.1123e-07
721.2	3.0776e-07
721.4	3.0433e-07
721.6	3.0094e-07
721.8	2.9759e-07
722.0	2.9428e-07
722.2	2.91e-07
722.4	2.8818e-07
722.6	2.8622e-07
722.8	2.8428e-07
723.0	2.8234e-07
723.2	2.8042e-07
723.4	2.7852e-07
723.6	2.7662e-07
723.8	2.7474e-07
724.0	2.7287e-07
724.2	2.7067e-07
724.4	2.6745e-07
724.6	2.6426e-07
724.8	2.611e-07
725.0	2.5799e-07
725.2	2.5491e-07
725.4	2.5187e-07
725.6	2.4886e-07
725.8	2.459e-07
726.0	2.423e-07
726.2	2.3536e-07
726.4	2.2862e-07
726.6	2.2208e-07
726.8	2.1572e-07
727.0	2.0954e-07
727.2	2.0354e-07
727.4	1.9772e-07
727.6	1.9206e-07
727.8	1.8644e-07
728.0	1.7943e-07
728.2	1.7269e-07
728.4	1.6621e-07
728.6	1.5997e-07
728.8	1.5396e-07
729.0	1.4818e-07
729.2	1.4261e-07
729.4	1.3725e-07
729.6	1.321e-07
729.8	1.3841e-07
730.0	1.4515e-07
730.2	1.5222e-07
730.4	1.5963e-07
730.6	1.674e-07
730.8	1.7555e-07
731.0	1.841e-07
731.2	1.9306e-07
731.4	2.0246e-07
731.6	2.0329e-07
731.8	2.0319e-07
732.0	2.031e-07
732.2	2.03e-07
732.4	2.029e-07
732.6	2.0281e-07
732.8	2.0271e-07
733.0	2.0261e-07
733.2	2.0252e-07
733.4	2.0304e-07
733.6	2.0369e-07
733.8	2.0434e-07
734.0	2.05e-07
734.2	2.0566e-07
734.4	2.0632e-07
734.6	2.0698e-07
734.8	2.0764e-07
735.0	2.0831e-07
735.2	2.048e-07
735.4	2.0001e-07
735.6	1.9532e-07
735.8	1.9075e-07
736.0	1.8628e-07
736.2	1.8192e-07
736.4	1.7766e-07
736.6	1.7349e-07
736.8	1.6943e-07
737.0	1.5785e-07
737.2	1.4385e-07
737.4	1.3108e-07
737.6	1.1945e-07
737.8	1.0885e-07
738.0	9.919e-08
738.2	7.3623e-08
738.4	5.4646e-08
738.6	4.056e-08
738.8	3.0105e-08
739.0	2.2345e-08
739.2	2.0103e-08
739.4	2.2005e-08
739.6	2.4088e-08
739.8	2.6368e-08
740.0	2.8864e-08
740.2	3.1596e-08
740.4	3.4586e-08
740.6	3.786e-08
740.8	4.1443e-08
741.0	4.5366e-08
741.2	4.966e-08
741.4	5.436e-08
741.6	5.9506e-08
741.8	6.5138e-08
742.0	7.1303e-08
742.2	7.8052e-08
742.4	8.544e-08
742.6	9.3527e-08
742.8	9.7808e-08
743.0	8.9816e-08
743.2	8.2477e-08
743.4	7.5737e-08
743.6	6.9549e-08
743.8	6.3866e-08
744.0	5.8647e-08
744.2	5.3855e-08
744.4	4.9454e-08
744.6	4.5413e-08
744.8	4.1702e-08
745.0	3.8295e-08
745.2	3.5166e-08
745.4	3.2292e-08
745.6	2.9654e-08
745.8	2.7231e-08
746.0	2.5005e-08
746.2	2.2962e-08
746.4	2.1194e-08
746.6	2.3082e-08
746.8	2.5137e-08
747.0	2.7376e-08
747.2	2.9814e-08
747.4	3.2469e-08
747.6	3.5361e-08
747.8	3.851e-08
748.0	4.194e-08
748.2	4.5675e-08
748.4	4.9743e-08
748.6	5.4173e-08
748.8	5.8998e-08
749.0	6.4252e-08
749.2	6.9974e-08
749.4	7.6206e-08
749.6	8.2993e-08
749.8	9.0384e-08
750.0	9.8434e-08
750.2	1.0e-07
750.4	1.0e-07
750.6	1.0e-07
750.8	1.0e-07
751.0	1.0e-07
751.2	1.0e-07
751.4	1.0e-07
751.6	1.0e-07
751.8	1.0e-07
752.0	1.0e-07
752.2	1.0e-07
752.4	1.0e-07
752.6	1.0e-07
752.8	1.0e-07
753.0	1.0e-07
753.2	1.0e-07
753.4	1.0e-07
753.6	1.0e-07
753.8	1.0e-07
754.0	1.0e-07
754.2	1.0e-07
754.4	1.0e-07
754.6	1.0e-07
754.8	1.0e-07
755.0	1.0e-07
755.2	1.0e-07
755.4	1.0e-07
755.6	1.0e-07
755.8	1.0e-07
756.0	1.0e-07
756.2	1.0e-07
756.4	1.0e-07
756.6	1.0e-07
756.8	1.0e-07
757.0	1.0e-07
757.2	1.0e-07
757.4	1.0e-07
757.6	1.0e-07
757.8	1.0e-07
758.0	1.0e-07
758.2	1.0e-07
758.4	1.0e-07
758.6	1.0e-07
758.8	1.0e-07
759.0	1.0e-07
759.2	1.0e-07
759.4	1.0e-07
759.6	1.0e-07
759.8	1.0e-07
760.0	1.0e-07
760.2	1.0e-07
760.4	1.0e-07
760.6	1.0e-07
760.8	1.0e-07
761.0	1.0e-07
761.2	1.0e-07
761.4	1.0e-07
761.6	1.0e-07
761.8	1.0e-07
762.0	1.0e-07
762.2	1.0e-07
762.4	1.0e-07
762.6	1.0e-07
762.8	1.0e-07
763.0	1.0e-07
763.2	1.0e-07
763.4	1.0e-07
763.6	1.0e-07
763.8	1.0e-07
764.0	1.0e-07
764.2	1.0e-07
764.4	1.0e-07
764.6	1.0e-07
764.8	1.0e-07
765.0	1.0e-07
765.2	1.0e-07
765.4	1.0e-07
765.6	1.0e-07
765.8	1.0e-07
766.0	1.0e-07
766.2	1.0e-07
766.4	1.0e-07
766.6	1.0e-07
766.8	1.0e-07
767.0	1.0e-07
767.2	1.0e-07
767.4	1.0e-07
767.6	1.0e-07
767.8	1.0e-07
768.0	1.0e-07
768.2	1.0e-07
768.4	1.0e-07
768.6	1.0e-07
768.8	1.0e-07
769.0	1.0e-07
769.2	1.0e-07
769.4	1.0e-07
769.6	1.0e-07
769.8	1.0e-07
770.0	1.0e-07
770.2	1.0e-07
770.4	1.0e-07
770.6	1.0e-07
770.8	1.0e-07
771.0	1.0e-07
771.2	1.0e-07
771.4	1.0e-07
771.6	1.0e-07
771.8	1.0e-07
772.0	1.0e-07
772.2	1.0e-07
772.4	1.0e-07
772.6	1.0e-07
772.8	1.0e-07
773.0	1.0e-07
773.2	1.0e-07
773.4	1.0e-07
773.6	1.0e-07
773.8	1.0e-07
774.0	1.0e-07
774.2	1.0e-07
774.4	1.0e-07
774.6	1.0e-07
774.8	1.0e-07
775.0	1.0e-07
775.2	1.0e-07
775.4	1.0e-07
775.6	1.0e-07
775.8	1.0e-07
776.0	1.0e-07
776.2	1.0e-07
776.4	1.0e-07
776.6	1.0e-07
776.8	1.0e-07
777.0	1.0e-07
777.2	1.0e-07
777.4	1.0e-07
777.6	1.0e-07
777.8	1.0e-07
778.0	1.0e-07
778.2	1.0e-07
778.4	1.0e-07
778.6	1.0e-07
778.8	1.0e-07
779.0	1.0e-07
779.2	1.0e-07
779.4	1.0e-07
779.6	1.0e-07
779.8	1.0e-07
780.0	1.0e-07
780.2	1.0e-07
780.4	1.0e-07
780.6	1.0e-07
780.8	1.0e-07
781.0	1.0e-07
781.2	1.0e-07
781.4	1.0e-07
781.6	1.0e-07
781.8	1.0e-07
782.0	1.0e-07
782.2	1.0e-07
782.4	1.0e-07
782.6	1.0e-07
782.8	1.0e-07
783.0	1.0e-07
783.2	1.0e-07
783.4	1.0e-07
783.6	1.0e-07
783.8	1.0e-07
784.0	1.0e-07
784.2	1.0e-07
784.4	1.0e-07
784.6	1.0e-07
784.8	1.0e-07
785.0	1.0e-07
785.2	1.0e-07
785.4	1.0e-07
785.6	1.0e-07
785.8	1.0e-07
786.0	1.0e-07
786.2	1.0e-07
786.4	1.0e-07
786.6	1.0e-07
786.8	1.0e-07
787.0	1.0e-07
787.2	1.0e-07
787.4	1.0e-07
787.6	1.0e-07
787.8	1.0e-07
788.0	1.0e-07
788.2	1.0e-07
788.4	1.0e-07
788.6	1.0e-07
788.8	1.0e-07
789.0	1.0e-07
789.2	1.0e-07
789.4	1.0e-07
789.6	1.0e-07
789.8	1.0e-07
790.0	1.0e-07
790.2	1.0e-07
790.4	1.0e-07
790.6	1.0e-07
790.8	1.0e-07
791.0	1.0e-07
791.2	1.0e-07
791.4	1.0e-07
791.6	1.0e-07
791.8	1.0e-07
792.0	1.0e-07
792.2	1.0e-07
792.4	1.0e-07
792.6	1.0e-07
792.8	1.0e-07
793.0	1.0e-07
793.2	1.0e-07
793.4	1.0e-07
793.6	9.9983e-08
793.8	9.6656e-08
794.0	9.3439e-08
794.2	9.0329e-08
794.4	8.7323e-08
794.6	8.4416e-08
794.8	8.1607e-08
795.0	7.8891e-08
795.2	7.9737e-08
795.4	8.0591e-08
795.6	8.1455e-08
795.8	8.2329e-08
796.0	8.3211e-08
796.2	8.4103e-08
796.4	8.5005e-08
796.6	8.5916e-08
796.8	8.6837e-08
797.0	8.7768e-08
797.2	8.8754e-08
797.4	9.0037e-08
797.6	9.1337e-08
797.8	9.2657e-08
798.0	9.3995e-08
798.2	9.5353e-08
798.4	9.673e-08
798.6	9.8127e-08
798.8	9.9545e-08
799.0	1.0098e-07
799.2	1.0244e-07
799.4	1.0392e-07
799.6	1.0542e-07
799.8	1.0695e-07
800.0	1.0849e-07
800.2	1.1006e-07
800.4	1.1165e-07
800.6	1.1326e-07
800.8	1.1598e-07
801.0	1.3602e-07
801.2	1.5953e-07
801.4	1.8709e-07
801.6	2.1941e-07
801.8	2.5732e-07
802.0	3.0178e-07
802.2	3.5393e-07
802.4	4.1508e-07
802.6	4.8679e-07
802.8	5.709e-07
803.0	6.6954e-07
803.2	6.9156e-07
803.4	7.143e-07
803.6	7.3779e-07
803.8	7.6205e-07
804.0	7.8711e-07
804.2	8.1369e-07
804.4	8.9022e-07
804.6	9.7395e-07
804.8	1.0655e-06
805.0	1.1658e-06
805.2	1.2754e-06
805.4	1.3954e-06
805.6	1.5266e-06
805.8	1.6702e-06
806.0	1.8273e-06
806.2	1.9991e-06
806.4	2.1871e-06
806.6	2.3928e-06
806.8	2.6179e-06
807.0	2.8641e-06
807.2	3.1335e-06
807.4	3.4282e-06
807.6	3.7506e-06
807.8	4.1033e-06
808.0	3.8222e-06
808.2	3.472e-06
808.4	3.154e-06
808.6	2.865e-06
808.8	2.6026e-06
809.0	2.3641e-06
809.2	2.1476e-06
809.4	1.9508e-06
809.6	1.7721e-06
809.8	1.6098e-06
810.0	1.4623e-06
810.2	1.3283e-06
810.4	1.2066e-06
810.6	1.0961e-06
810.8	9.9569e-07
811.0	9.0447e-07
811.2	8.2161e-07
811.4	7.4635e-07
811.6	7.6843e-07
811.8	8.3066e-07
812.0	8.9792e-07
812.2	9.7063e-07
812.4	1.0492e-06
812.6	1.1342e-06
812.8	1.226e-06
813.0	1.3253e-06
813.2	1.4327e-06
813.4	1.5487e-06
813.6	1.6741e-06
813.8	1.8096e-06
814.0	1.9562e-06
814.2	2.1146e-06
814.4	2.2858e-06
814.6	2.4709e-06
814.8	2.671e-06
815.0	2.8873e-06
815.2	3.0291e-06
815.4	3.1125e-06
815.6	3.1981e-06
815.8	3.2862e-06
816.0	3.3766e-06
816.2	3.4696e-06
816.4	3.5651e-06
816.6	3.6632e-06
816.8	3.764e-06
817.0	3.8676e-06
817.2	3.974e-06
817.4	4.0834e-06
817.6	4.1958e-06
817.8	4.3113e-06
818.0	4.43e-06
818.2	4.5519e-06
818.4	4.6772e-06
818.6	4.8059e-06
818.8	4.7452e-06
819.0	4.4751e-06
819.2	4.2205e-06
819.4	3.9803e-06
819.6	3.7538e-06
819.8	3.5401e-06
820.0	3.3387e-06
820.2	3.1487e-06
820.4	2.9695e-06
820.6	2.8005e-06
820.8	2.6411e-06
821.0	2.4908e-06
821.2	2.3491e-06
821.4	2.2154e-06
821.6	2.0893e-06
821.8	1.9704e-06
822.0	1.8583e-06
822.2	1.7525e-06
822.4	1.7154e-06
822.6	1.7963e-06
822.8	1.881e-06
823.0	1.9697e-06
823.2	2.0626e-06
823.4	2.1599e-06
823.6	2.2618e-06
823.8	2.3685e-06
824.0	2.4802e-06
824.2	2.5972e-06
824.4	2.7197e-06
824.6	2.848e-06
824.8	2.9823e-06
825.0	3.123e-06
825.2	3.2703e-06
825.4	3.4245e-06
825.6	3.5861e-06
825.8	3.7552e-06
826.0	3.9426e-06
826.2	4.1716e-06
826.4	4.4139e-06
826.6	4.6703e-06
826.8	4.9417e-06
827.0	5.2287e-06
827.2	5.5325e-06
827.4	5.8539e-06
827.6	6.1939e-06
827.8	6.5537e-06
828.0	6.9345e-06
828.2	7.3373e-06
828.4	7.7635e-06
828.6	8.2145e-06
828.8	8.6917e-06
829.0	9.1966e-06
829.2	9.7309e-06
829.4	1.0296e-05
829.6	1.0721e-05
829.8	1.0231e-05
830.0	9.7637e-06
830.2	9.3175e-06
830.4	8.8916e-06
830.6	8.4852e-06
830.8	8.0974e-06
831.0	7.7273e-06
831.2	7.3741e-06
831.4	7.0371e-06
831.6	6.7155e-06
831.8	6.4085e-06
832.0	6.1156e-06
832.2	5.8361e-06
832.4	5.5694e-06
832.6	5.3148e-06
832.8	5.0719e-06
833.0	4.8401e-06
833.2	4.6295e-06
833.4	4.5649e-06
833.6	4.5012e-06
833.8	4.4385e-06
834.0	4.3766e-06
834.2	4.3155e-06
834.4	4.2553e-06
834.6	4.196e-06
834.8	4.1374e-06
835.0	4.0797e-06
835.2	4.0228e-06
835.4	3.9667e-06
835.6	3.9114e-06
835.8	3.8568e-06
836.0	3.8031e-06
836.2	3.75e-06
836.4	3.6977e-06
836.6	3.6461e-06
836.8	3.5953e-06
837.0	3.2686e-06
837.2	2.9705e-06
837.4	2.6995e-06
837.6	2.4533e-06
837.8	2.2295e-06
838.0	2.0261e-06
838.2	1.8413e-06
838.4	1.6733e-06
838.6	1.5207e-06
838.8	1.382e-06
839.0	1.2559e-06
839.2	1.1413e-06
839.4	1.0372e-06
839.6	9.4262e-07
839.8	8.5663e-07
840.0	7.7849e-07
840.2	7.0748e-07
840.4	6.4294e-07
840.6	5.9709e-07
840.8	5.5541e-07
841.0	5.1664e-07
841.2	4.8058e-07
841.4	4.4703e-07
841.6	4.1583e-07
841.8	3.868e-07
842.0	3.598e-07
842.2	3.3469e-07
842.4	3.1132e-07
842.6	2.8959e-07
842.8	2.6938e-07
843.0	2.5057e-07
843.2	2.3308e-07
843.4	2.1681e-07
843.6	2.0168e-07
843.8	1.876e-07
844.0	1.7451e-07
844.2	1.7025e-07
844.4	1.6723e-07
844.6	1.6427e-07
844.8	1.6136e-07
845.0	1.585e-07
845.2	1.5569e-07
845.4	1.5293e-07
845.6	1.5022e-07
845.8	1.4756e-07
846.0	1.4494e-07
846.2	1.4238e-07
846.4	1.3985e-07
846.6	1.3737e-07
846.8	1.3494e-07
847.0	1.3255e-07
847.2	1.302e-07
847.4	1.2789e-07
847.6	1.2563e-07
847.8	1.2475e-07
848.0	1.2415e-07
848.2	1.2356e-07
848.4	1.2297e-07
848.6	1.2238e-07
848.8	1.2179e-07
849.0	1.2121e-07
849.2	1.2063e-07
849.4	1.2005e-07
849.6	1.1948e-07
849.8	1.1891e-07
850.0	1.1834e-07
850.2	1.1777e-07
850.4	1.1721e-07
850.6	1.1665e-07
850.8	1.1609e-07
851.0	1.1553e-07
851.2	1.1498e-07
851.4	1.161e-07
851.6	1.1769e-07
851.8	1.193e-07
852.0	1.2093e-07
852.2	1.2259e-07
852.4	1.2426e-07
852.6	1.2596e-07
852.8	1.2768e-07
853.0	1.2943e-07
853.2	1.312e-07
853.4	1.3299e-07
853.6	1.3481e-07
853.8	1.3666e-07
854.0	1.3853e-07
854.2	1.4042e-07
854.4	1.4234e-07
854.6	1.4429e-07
854.8	1.4626e-07
855.0	1.4954e-07
855.2	1.5329e-07
855.4	1.5713e-07
855.6	1.6107e-07
855.8	1.6511e-07
856.0	1.6925e-07
856.2	1.735e-07
856.4	1.7785e-07
856.6	1.8231e-07
856.8	1.8688e-07
857.0	1.9157e-07
857.2	1.9637e-07
857.4	2.013e-07
857.6	2.0635e-07
857.8	2.1152e-07
858.0	2.1683e-07
858.2	2.2226e-07
858.4	2.2784e-07
858.6	2.2296e-07
858.8	2.1475e-07
859.0	2.0684e-07
859.2	1.9922e-07
859.4	1.9188e-07
859.6	1.8481e-07
859.8	1.7801e-07
860.0	1.7145e-07
860.2	1.6514e-07
860.4	1.5905e-07
860.6	1.532e-07
860.8	1.4755e-07
861.0	1.4212e-07
861.2	1.3688e-07
861.4	1.3184e-07
861.6	1.2699e-07
861.8	1.2231e-07
862.0	1.178e-07
862.2	1.1481e-07
862.4	1.1238e-07
862.6	1.1e-07
862.8	1.0766e-07
863.0	1.0538e-07
863.2	1.0315e-07
863.4	1.0096e-07
863.6	9.8818e-08
863.8	9.6722e-08
864.0	9.4671e-08
864.2	9.2663e-08
864.4	9.0698e-08
864.6	8.8775e-08
864.8	8.6892e-08
865.0	8.505e-08
865.2	8.3246e-08
865.4	8.1481e-08
865.6	7.9753e-08
865.8	7.872e-08
866.0	7.7936e-08
866.2	7.716e-08
866.4	7.6392e-08
866.6	7.5631e-08
866.8	7.4878e-08
867.0	7.4132e-08
867.2	7.3394e-08
867.4	7.2663e-08
867.6	7.1939e-08
867.8	7.1223e-08
868.0	7.0513e-08
868.2	7.0598e-08
868.4	7.0683e-08
868.6	7.0768e-08
868.8	7.0853e-08
869.0	7.0938e-08
869.2	7.1023e-08
869.4	7.1059e-08
869.6	7.0993e-08
869.8	7.0927e-08
870.0	7.0861e-08
870.2	7.0796e-08
870.4	7.073e-08
870.6	7.0664e-08
870.8	7.0599e-08
871.0	7.0533e-08
871.2	7.0468e-08
871.4	7.0403e-08
871.6	7.0337e-08
871.8	7.0272e-08
872.0	7.0207e-08
872.2	7.0142e-08
872.4	7.0077e-08
872.6	7.0012e-08
872.8	6.9947e-08
873.0	6.9739e-08
873.2	6.9117e-08
873.4	6.8501e-08
873.6	6.789e-08
873.8	6.7285e-08
874.0	6.6685e-08
874.2	6.609e-08
874.4	6.5501e-08
874.6	6.4917e-08
874.8	6.4338e-08
875.0	6.3764e-08
875.2	6.3196e-08
875.4	6.2632e-08
875.6	6.2074e-08
875.8	6.152e-08
876.0	6.0972e-08
876.2	6.0428e-08
876.4	5.9889e-08
876.6	5.9828e-08
876.8	6.1755e-08
877.0	6.3745e-08
877.2	6.5798e-08
877.4	6.7918e-08
877.6	7.0106e-08
877.8	7.2365e-08
878.0	7.4696e-08
878.2	7.7102e-08
878.4	7.9586e-08
878.6	8.215e-08
878.8	8.4797e-08
879.0	8.7529e-08
879.2	9.0349e-08
879.4	9.3259e-08
879.6	9.6264e-08
879.8	9.9365e-08
880.0	1.0257e-07
880.2	1.0588e-07
880.4	1.0938e-07
880.6	1.13e-07
880.8	1.1673e-07
881.0	1.2059e-07
881.2	1.2457e-07
881.4	1.2869e-07
881.6	1.3294e-07
881.8	1.3733e-07
882.0	1.4187e-07
882.2	1.4656e-07
882.4	1.514e-07
882.6	1.5641e-07
882.8	1.6157e-07
883.0	1.6691e-07
883.2	1.7243e-07
883.4	1.7813e-07
883.6	1.8401e-07
883.8	1.9061e-07
884.0	2.0236e-07
884.2	2.1483e-07
884.4	2.2807e-07
884.6	2.4213e-07
884.8	2.5705e-07
885.0	2.7289e-07
885.2	2.897e-07
885.4	3.0756e-07
885.6	3.2651e-07
885.8	3.4663e-07
886.0	3.6799e-07
886.2	3.9067e-07
886.4	4.1475e-07
886.6	4.403e-07
886.8	4.6744e-07
887.0	4.9624e-07
887.2	5.2683e-07
887.4	5.5591e-07
887.6	5.4115e-07
887.8	5.2678e-07
888.0	5.128e-07
888.2	4.9918e-07
888.4	4.8593e-07
888.6	4.7303e-07
888.8	4.6047e-07
889.0	4.4825e-07
889.2	4.3635e-07
889.4	4.2476e-07
889.6	4.1348e-07
889.8	4.0251e-07
890.0	3.9182e-07
890.2	3.8142e-07
890.4	3.7129e-07
890.6	3.6143e-07
890.8	3.5184e-07
891.0	3.4252e-07
891.2	3.3385e-07
891.4	3.2541e-07
891.6	3.1717e-07
891.8	3.0915e-07
892.0	3.0133e-07
892.2	2.9371e-07
892.4	2.8628e-07
892.6	2.7903e-07
892.8	2.7197e-07
893.0	2.6509e-07
893.2	2.5839e-07
893.4	2.5185e-07
893.6	2.4548e-07
893.8	2.3927e-07
894.0	2.3321e-07
894.2	2.2731e-07
894.4	2.2156e-07
894.6	2.1619e-07
894.8	2.1827e-07
895.0	2.2038e-07
895.2	2.2251e-07
895.4	2.2466e-07
895.6	2.2683e-07
895.8	2.2902e-07
896.0	2.3123e-07
896.2	2.3347e-07
896.4	2.3572e-07
896.6	2.38e-07
896.8	2.403e-07
897.0	2.4262e-07
897.2	2.4496e-07
897.4	2.4733e-07
897.6	2.4972e-07
897.8	2.5213e-07
898.0	2.5457e-07
898.2	2.5716e-07
898.4	2.6531e-07
898.6	2.7372e-07
898.8	2.8239e-07
899.0	2.9133e-07
899.2	3.0056e-07
899.4	3.1008e-07
899.6	3.1991e-07
899.8	3.3004e-07
900.0	3.405e-07
900.2	3.5128e-07
900.4	3.6241e-07
900.6	3.7389e-07
900.8	3.8574e-07
901.0	3.9796e-07
901.2	4.1056e-07
901.4	4.2357e-07
901.6	4.3699e-07
901.8	4.5014e-07
902.0	4.4108e-07
902.2	4.3221e-07
902.4	4.2352e-07
902.6	4.1501e-07
902.8	4.0666e-07
903.0	3.9848e-07
903.2	3.9047e-07
903.4	3.8262e-07
903.6	3.7492e-07
903.8	3.6738e-07
904.0	3.5999e-07
904.2	3.5276e-07
904.4	3.4566e-07
904.6	3.3871e-07
904.8	3.319e-07
905.0	3.2522e-07
905.2	3.1868e-07
905.4	3.1171e-07
905.6	2.9339e-07
905.8	2.7615e-07
906.0	2.5992e-07
906.2	2.4464e-07
906.4	2.3026e-07
906.6	2.1673e-07
906.8	2.0399e-07
907.0	1.92e-07
907.2	1.8072e-07
907.4	1.701e-07
907.6	1.601e-07
907.8	1.5069e-07
908.0	1.4183e-07
908.2	1.335e-07
908.4	1.2565e-07
908.6	1.1827e-07
908.8	1.1132e-07
909.0	1.0519e-07
909.2	1.0474e-07
909.4	1.0429e-07
909.6	1.0384e-07
909.8	1.0339e-07
910.0	1.0295e-07
910.2	1.0251e-07
910.4	1.0207e-07
910.6	1.0163e-07
910.8	1.0119e-07
911.0	1.0076e-07
911.2	1.0032e-07
911.4	9.9892e-08
911.6	9.9463e-08
911.8	9.9036e-08
912.0	9.861e-08
912.2	9.8187e-08
912.4	9.7765e-08
912.6	9.7427e-08
912.8	9.7793e-08
913.0	9.816e-08
913.2	9.8528e-08
913.4	9.8898e-08
913.6	9.9269e-08
913.8	9.9642e-08
914.0	1.0002e-07
914.2	1.0039e-07
914.4	1.0077e-07
914.6	1.0115e-07
914.8	1.0153e-07
915.0	1.0191e-07
915.2	1.0229e-07
915.4	1.0267e-07
915.6	1.0306e-07
915.8	1.0345e-07
916.0	1.0383e-07
916.2	1.042e-07
916.4	1.0444e-07
916.6	1.0467e-07
916.8	1.0491e-07
917.0	1.0515e-07
917.2	1.0539e-07
917.4	1.0563e-07
917.6	1.0587e-07
917.8	1.0611e-07
918.0	1.0635e-07
918.2	1.0659e-07
918.4	1.0683e-07
918.6	1.0708e-07
918.8	1.0732e-07
919.0	1.0756e-07
919.2	1.0781e-07
919.4	1.0805e-07
919.6	1.083e-07
919.8	1.0889e-07
920.0	1.1088e-07
920.2	1.1291e-07
920.4	1.1498e-07
920.6	1.1709e-07
920.8	1.1923e-07
921.0	1.2141e-07
921.2	1.2364e-07
921.4	1.259e-07
921.6	1.2821e-07
921.8	1.3055e-07
922.0	1.3294e-07
922.2	1.3538e-07
922.4	1.3786e-07
922.6	1.4038e-07
922.8	1.4295e-07
923.0	1.4557e-07
923.2	1.4824e-07
923.4	1.5106e-07
923.6	1.5427e-07
923.8	1.5755e-07
924.0	1.609e-07
924.2	1.6432e-07
924.4	1.6782e-07
924.6	1.7138e-07
924.8	1.7503e-07
925.0	1.7875e-07
925.2	1.8255e-07
925.4	1.8643e-07
925.6	1.9039e-07
925.8	1.9443e-07
926.0	1.9857e-07
926.2	2.0279e-07
926.4	2.071e-07
926.6	2.115e-07
926.8	2.16e-07
927.0	2.2313e-07
927.2	2.3579e-07
927.4	2.4917e-07
927.6	2.6331e-07
927.8	2.7825e-07
928.0	2.9404e-07
928.2	3.1073e-07
928.4	3.2837e-07
928.6	3.47e-07
928.8	3.6669e-07
929.0	3.875e-07
929.2	4.0949e-07
929.4	4.3273e-07
929.6	4.5729e-07
929.8	4.8324e-07
930.0	5.1066e-07
930.2	5.3964e-07
930.4	5.7027e-07
930.6	6.0593e-07
930.8	6.4879e-07
931.0	6.9468e-07
931.2	7.4382e-07
931.4	7.9644e-07
931.6	8.5277e-07
931.8	9.131e-07
932.0	9.7768e-07
932.2	1.0301e-06
932.4	1.0853e-06
932.6	1.1435e-06
932.8	1.2049e-06
933.0	1.2695e-06
933.2	1.3375e-06
933.4	1.4092e-06
933.6	1.4848e-06
933.8	1.5644e-06
934.0	1.6483e-06
934.2	1.7367e-06
934.4	1.8298e-06
934.6	1.9279e-06
934.8	1.9477e-06
935.0	1.9629e-06
935.2	1.9781e-06
935.4	1.9935e-06
935.6	2.009e-06
935.8	2.0247e-06
936.0	2.0404e-06
936.2	2.0563e-06
936.4	2.0723e-06
936.6	2.0884e-06
936.8	2.1047e-06
937.0	2.1211e-06
937.2	2.1376e-06
937.4	2.1542e-06
937.6	2.171e-06
937.8	2.1879e-06
938.0	2.2049e-06
938.2	2.2221e-06
938.4	2.1932e-06
938.6	2.1645e-06
938.8	2.1362e-06
939.0	2.1082e-06
939.2	2.0806e-06
939.4	2.0533e-06
939.6	2.0265e-06
939.8	1.9999e-06
940.0	1.9737e-06
940.2	1.9479e-06
940.4	1.9224e-06
940.6	1.8972e-06
940.8	1.8724e-06
941.0	1.8479e-06
941.2	1.8237e-06
941.4	1.7998e-06
941.6	1.7762e-06
941.8	1.7551e-06
942.0	1.7743e-06
942.2	1.7937e-06
942.4	1.8133e-06
942.6	1.8332e-06
942.8	1.8533e-06
943.0	1.8735e-06
943.2	1.894e-06
943.4	1.9148e-06
943.6	1.9357e-06
943.8	1.9569e-06
944.0	1.9783e-06
944.2	2.0e-06
944.4	2.0219e-06
944.6	2.044e-06
944.8	2.0664e-06
945.0	2.089e-06
945.2	2.1118e-06
945.4	2.13e-06
945.6	2.1106e-06
945.8	2.0914e-06
946.0	2.0723e-06
946.2	2.0534e-06
946.4	2.0347e-06
946.6	2.0162e-06
946.8	1.9978e-06
947.0	1.9796e-06
947.2	1.9615e-06
947.4	1.9437e-06
947.6	1.9259e-06
947.8	1.9084e-06
948.0	1.891e-06
948.2	1.8738e-06
948.4	1.8567e-06
948.6	1.8398e-06
948.8	1.823e-06
949.0	1.79e-06
949.2	1.6905e-06
949.4	1.5966e-06
949.6	1.5079e-06
949.8	1.4241e-06
950.0	1.3449e-06
950.2	1.2702e-06
950.4	1.1996e-06
950.6	1.133e-06
950.8	1.07e-06
951.0	1.0105e-06
951.2	9.5439e-07
951.4	9.0135e-07
951.6	8.5127e-07
951.8	8.0396e-07
952.0	7.5929e-07
952.2	7.171e-07
952.4	6.7725e-07
952.6	6.3633e-07
952.8	5.8962e-07
953.0	5.4634e-07
953.2	5.0624e-07
953.4	4.6908e-07
953.6	4.3465e-07
953.8	4.0275e-07
954.0	3.7318e-07
954.2	3.4579e-07
954.4	3.2041e-07
954.6	2.9689e-07
954.8	2.751e-07
955.0	2.549e-07
955.2	2.3619e-07
955.4	2.1886e-07
955.6	2.0279e-07
955.8	1.8791e-07
956.0	1.7411e-07
956.2	1.6323e-07
956.4	1.5615e-07
956.6	1.4939e-07
956.8	1.4292e-07
957.0	1.3672e-07
957.2	1.308e-07
957.4	1.2513e-07
957.6	1.1971e-07
957.8	1.1452e-07
958.0	1.0956e-07
958.2	1.0482e-07
958.4	1.0027e-07
958.6	9.593e-08
958.8	9.1774e-08
959.0	8.7798e-08
959.2	8.3994e-08
959.4	8.0355e-08
959.6	7.6873e-08
959.8	7.4315e-08
960.0	7.2694e-08
960.2	7.1109e-08
960.4	6.9557e-08
960.6	6.804e-08
960.8	6.6556e-08
961.0	6.5104e-08
961.2	6.3684e-08
961.4	6.2295e-08
961.6	6.0936e-08
961.8	5.9607e-08
962.0	5.8306e-08
962.2	5.7035e-08
962.4	5.579e-08
962.6	5.4573e-08
962.8	5.3383e-08
963.0	5.2218e-08
963.2	5.1079e-08
963.4	5.0434e-08
963.6	5.0133e-08
963.8	4.9835e-08
964.0	4.9539e-08
964.2	4.9244e-08
964.4	4.8951e-08
964.6	4.8659e-08
964.8	4.837e-08
965.0	4.8082e-08
965.2	4.7796e-08
965.4	4.7511e-08
965.6	4.7229e-08
965.8	4.6948e-08
966.0	4.6668e-08
966.2	4.639e-08
966.4	4.6114e-08
966.6	4.584e-08
966.8	4.5567e-08
967.0	4.6448e-08
967.2	4.7857e-08
967.4	4.9309e-08
967.6	5.0805e-08
967.8	5.2347e-08
968.0	5.3936e-08
968.2	5.5572e-08
968.4	5.7259e-08
968.6	5.8996e-08
968.8	6.0786e-08
969.0	6.2631e-08
969.2	6.4531e-08
969.4	6.649e-08
969.6	6.8507e-08
969.8	7.0586e-08
970.0	7.2728e-08
970.2	7.4935e-08
970.4	7.7209e-08
970.6	7.7816e-08
970.8	7.8075e-08
971.0	7.8334e-08
971.2	7.8594e-08
971.4	7.8856e-08
971.6	7.9118e-08
971.8	7.9381e-08
972.0	7.9644e-08
972.2	8.0168e-08
972.4	8.0695e-08
972.6	8.1225e-08
972.8	8.1759e-08
973.0	8.2296e-08
973.2	8.2837e-08
973.4	8.3381e-08
973.6	8.3929e-08
973.8	8.4481e-08
974.0	8.5036e-08
974.2	8.5595e-08
974.4	8.6157e-08
974.6	8.7063e-08
974.8	8.946e-08
975.0	9.1922e-08
975.2	9.4452e-08
975.4	9.7051e-08
975.6	9.9722e-08
975.8	1.0247e-07
976.0	1.0529e-07
976.2	1.0819e-07
976.4	1.1116e-07
976.6	1.1422e-07
976.8	1.1737e-07
977.0	1.206e-07
977.2	1.2392e-07
977.4	1.2733e-07
977.6	1.3083e-07
977.8	1.3443e-07
978.0	1.3813e-07
978.2	1.417e-07
978.4	1.4469e-07
978.6	1.4774e-07
978.8	1.5086e-07
979.0	1.5404e-07
979.2	1.5728e-07
979.4	1.606e-07
979.6	1.6399e-07
979.8	1.6744e-07
980.0	1.7097e-07
980.2	1.7458e-07
980.4	1.7826e-07
980.6	1.8202e-07
980.8	1.8585e-07
981.0	1.8977e-07
981.2	1.9377e-07
981.4	1.9786e-07
981.6	2.0203e-07
981.8	2.0854e-07
982.0	2.2018e-07
982.2	2.3246e-07
982.4	2.4544e-07
982.6	2.5913e-07
982.8	2.736e-07
983.0	2.8886e-07
983.2	3.0498e-07
983.4	3.22e-07
983.6	3.3997e-07
983.8	3.5895e-07
984.0	3.7898e-07
984.2	4.0013e-07
984.4	4.2246e-07
984.6	4.4603e-07
984.8	4.7092e-07
985.0	4.972e-07
985.2	5.2495e-07
985.4	5.4816e-07
985.6	5.6337e-07
985.8	5.7901e-07
986.0	5.9508e-07
986.2	6.116e-07
986.4	6.2858e-07
986.6	6.4603e-07
986.8	6.6396e-07
987.0	6.8239e-07
987.2	7.0133e-07
987.4	7.2079e-07
987.6	7.408e-07
987.8	7.6136e-07
988.0	7.825e-07
988.2	8.0422e-07
988.4	8.2654e-07
988.6	8.4948e-07
988.8	8.7306e-07
989.0	8.8717e-07
989.2	8.9134e-07
989.4	8.9552e-07
989.6	8.9973e-07
989.8	9.0395e-07
990.0	9.082e-07
990.2	9.1246e-07
990.4	9.1675e-07
990.6	9.2105e-07
990.8	9.2538e-07
991.0	9.2972e-07
991.2	9.3409e-07
991.4	9.3847e-07
991.6	9.4288e-07
991.8	9.4731e-07
992.0	9.5176e-07
992.2	9.5623e-07
992.4	9.6072e-07
992.6	9.7087e-07
992.8	9.8494e-07
993.0	9.9921e-07
993.2	1.0137e-06
993.4	1.0284e-06
993.6	1.0433e-06
993.8	1.0584e-06
994.0	1.0738e-06
994.2	1.0893e-06
994.4	1.1051e-06
994.6	1.1211e-06
994.8	1.1374e-06
995.0	1.1539e-06
995.2	1.1706e-06
995.4	1.1876e-06
995.6	1.2048e-06
995.8	1.2222e-06
996.0	1.24e-06
996.2	1.2618e-06
996.4	1.2857e-06
996.6	1.3101e-06
996.8	1.3349e-06
997.0	1.3602e-06
997.2	1.386e-06
997.4	1.4122e-06
997.6	1.439e-06
997.8	1.4662e-06
998.0	1.494e-06
998.2	1.5223e-06
998.4	1.5511e-06
998.6	1.5805e-06
998.8	1.6104e-06
999.0	1.6409e-06
999.2	1.672e-06
999.4	1.7037e-06
999.6	1.7359e-06
999.8	1.8301e-06
1000.0	1.943e-06
1000.2	1.9952e-06
1000.4	2.0488e-06
1000.6	2.1038e-06
1000.8	2.1604e-06
1001.0	2.2184e-06
1001.2	2.316e-06
1001.4	2.4306e-06
1001.6	2.5508e-06
1001.8	2.677e-06
1002.0	2.8094e-06
1002.2	2.9484e-06
1002.4	3.0942e-06
1002.6	3.2473e-06
1002.8	3.4079e-06
1003.0	3.5764e-06
1003.2	3.7534e-06
1003.4	3.939e-06
1003.6	4.1338e-06
1003.8	4.3383e-06
1004.0	4.5529e-06
1004.2	4.7781e-06
1004.4	5.0145e-06
1004.6	5.2625e-06
1004.8	5.7028e-06
1005.0	6.2136e-06
1005.2	6.7701e-06
1005.4	7.3765e-06
1005.6	8.0373e-06
1005.8	8.7572e-06
1006.0	9.5416e-06
1006.2	1.0396e-05
1006.4	1.1327e-05
1006.6	1.2342e-05
1006.8	1.3447e-05
1007.0	1.4652e-05
1007.2	1.5964e-05
1007.4	1.7394e-05
1007.6	1.8952e-05
1007.8	2.065e-05
1008.0	2.25e-05
1008.2	2.4515e-05
1008.4	2.6345e-05
1008.6	2.8294e-05
1008.8	3.0387e-05
1009.0	3.2634e-05
1009.2	3.5048e-05
1009.4	3.764e-05
1009.6	4.0424e-05
1009.8	4.3414e-05
1010.0	4.6625e-05
1010.2	5.0074e-05
1010.4	5.3777e-05
1010.6	5.7755e-05
1010.8	6.2027e-05
1011.0	6.6614e-05
1011.2	7.1542e-05
1011.4	7.6833e-05
1011.6	8.2516e-05
1011.8	8.7885e-05
1012.0	8.3811e-05
1012.2	7.9925e-05
1012.4	7.622e-05
1012.6	7.2686e-05
1012.8	6.9316e-05
1013.0	6.6103e-05
1013.2	6.3038e-05
1013.4	6.0116e-05
1013.6	5.7329e-05
1013.8	5.4671e-05
1014.0	5.2136e-05
1014.2	4.9719e-05
1014.4	4.7414e-05
1014.6	4.5216e-05
1014.8	4.312e-05
1015.0	4.1121e-05
1015.2	3.9215e-05
1015.4	3.7527e-05
1015.6	3.6446e-05
1015.8	3.5397e-05
1016.0	3.4379e-05
1016.2	3.3389e-05
1016.4	3.2428e-05
1016.6	3.1495e-05
1016.8	3.0588e-05
1017.0	2.9708e-05
1017.2	2.8853e-05
1017.4	2.8022e-05
1017.6	2.7216e-05
1017.8	2.6433e-05
1018.0	2.5672e-05
1018.2	2.4933e-05
1018.4	2.4215e-05
1018.6	2.3518e-05
1018.8	2.2842e-05
1019.0	2.2458e-05
1019.2	2.2664e-05
1019.4	2.2872e-05
1019.6	2.3081e-05
1019.8	2.3293e-05
1020.0	2.3506e-05
1020.2	2.3722e-05
1020.4	2.3939e-05
1020.6	2.4159e-05
1020.8	2.438e-05
1021.0	2.4604e-05
1021.2	2.4829e-05
1021.4	2.5057e-05
1021.6	2.5287e-05
1021.8	2.5519e-05
1022.0	2.5753e-05
1022.2	2.5989e-05
1022.4	2.6227e-05
1022.6	2.6792e-05
1022.8	2.7764e-05
1023.0	2.8771e-05
1023.2	2.9815e-05
1023.4	3.0897e-05
1023.6	3.2018e-05
1023.8	3.3179e-05
1024.0	3.4383e-05
1024.2	3.563e-05
1024.4	3.6923e-05
1024.6	3.8263e-05
1024.8	3.9651e-05
1025.0	4.1089e-05
1025.2	4.2159e-05
1025.4	4.3256e-05
1025.6	4.4381e-05
1025.8	4.5537e-05
1026.0	4.6722e-05
1026.2	4.8303e-05
1026.4	5.0368e-05
1026.6	5.2521e-05
1026.8	5.4766e-05
1027.0	5.7107e-05
1027.2	5.9548e-05
1027.4	6.2094e-05
1027.6	6.4748e-05
1027.8	6.7516e-05
1028.0	7.0402e-05
1028.2	7.3412e-05
1028.4	7.655e-05
1028.6	7.9822e-05
1028.8	8.3234e-05
1029.0	8.6792e-05
1029.2	9.0502e-05
1029.4	9.4371e-05
1029.6	9.8405e-05
1029.8	1.0195e-04
1030.0	1.0517e-04
1030.2	1.0849e-04
1030.4	1.1191e-04
1030.6	1.1545e-04
1030.8	1.1909e-04
1031.0	1.2285e-04
1031.2	1.2673e-04
1031.4	1.3073e-04
1031.6	1.3486e-04
1031.8	1.3912e-04
1032.0	1.4351e-04
1032.2	1.4804e-04
1032.4	1.5272e-04
1032.6	1.5754e-04
1032.8	1.6251e-04
1033.0	1.6764e-04
1033.2	1.7294e-04
1033.4	1.7623e-04
1033.6	1.7881e-04
1033.8	1.8142e-04
1034.0	1.8407e-04
1034.2	1.8676e-04
1034.4	1.8949e-04
1034.6	1.9226e-04
1034.8	1.9507e-04
1035.0	1.9792e-04
1035.2	2.0081e-04
1035.4	2.0375e-04
1035.6	2.0672e-04
1035.8	2.0974e-04
1036.0	2.1281e-04
1036.2	2.1592e-04
1036.4	2.1907e-04
1036.6	2.2227e-04
1036.8	2.2552e-04
1037.0	2.2753e-04
1037.2	2.2938e-04
1037.4	2.3124e-04
1037.6	2.3312e-04
1037.8	2.3501e-04
1038.0	2.3692e-04
1038.2	2.3884e-04
1038.4	2.4078e-04
1038.6	2.4273e-04
1038.8	2.447e-04
1039.0	2.4668e-04
1039.2	2.4869e-04
1039.4	2.507e-04
1039.6	2.5274e-04
1039.8	2.5479e-04
1040.0	2.5686e-04
1040.2	2.5894e-04
1040.4	2.6106e-04
1040.6	2.6384e-04
1040.8	2.6664e-04
1041.0	2.6947e-04
1041.2	2.7234e-04
1041.4	2.7523e-04
1041.6	2.7816e-04
1041.8	2.8112e-04
1042.0	2.841e-04
1042.2	2.8713e-04
1042.4	2.9018e-04
1042.6	2.9326e-04
1042.8	2.9638e-04
1043.0	2.9953e-04
1043.2	3.0271e-04
1043.4	3.0593e-04
1043.6	3.0918e-04
1043.8	3.1247e-04
1044.0	3.1568e-04
1044.2	3.1846e-04
1044.4	3.2126e-04
1044.6	3.2409e-04
1044.8	3.2694e-04
1045.0	3.2982e-04
1045.2	3.2991e-04
1045.4	3.2999e-04
1045.6	3.3008e-04
1045.8	3.3016e-04
1046.0	3.3025e-04
1046.2	3.3036e-04
1046.4	3.3057e-04
1046.6	3.3077e-04
1046.8	3.3098e-04
1047.0	3.3119e-04
1047.2	3.314e-04
1047.4	3.3161e-04
1047.6	3.3182e-04
1047.8	3.3203e-04
1048.0	3.3224e-04
1048.2	3.3245e-04
1048.4	3.3266e-04
1048.6	3.3287e-04
1048.8	3.3308e-04
1049.0	3.3329e-04
1049.2	3.335e-04
1049.4	3.3371e-04
1049.6	3.3392e-04
1049.8	3.3334e-04
1050.0	3.3141e-04
1050.2	3.295e-04
1050.4	3.2759e-04
1050.6	3.257e-04
1050.8	3.2381e-04
1051.0	3.2194e-04
1051.2	3.2008e-04
1051.4	3.1823e-04
1051.6	3.1638e-04
1051.8	3.1455e-04
1052.0	3.1273e-04
1052.2	3.1093e-04
1052.4	3.0913e-04
1052.6	3.0734e-04
1052.8	3.0556e-04
1053.0	3.0379e-04
1053.2	3.0204e-04
1053.4	3.0021e-04
1053.6	2.9831e-04
1053.8	2.9643e-04
1054.0	2.9456e-04
1054.2	2.927e-04
1054.4	2.9086e-04
1054.6	2.8903e-04
1054.8	2.872e-04
1055.0	2.8539e-04
1055.2	2.8359e-04
1055.4	2.818e-04
1055.6	2.8003e-04
1055.8	2.7826e-04
1056.0	2.7651e-04
1056.2	2.7476e-04
1056.4	2.7303e-04
1056.6	2.7131e-04
1056.8	2.696e-04
1057.0	2.6913e-04
1057.2	2.692e-04
1057.4	2.6927e-04
1057.6	2.6934e-04
1057.8	2.694e-04
1058.0	2.6947e-04
1058.2	2.6954e-04
1058.4	2.6961e-04
1058.6	2.6967e-04
1058.8	2.6974e-04
1059.0	2.6981e-04
1059.2	2.6988e-04
1059.4	2.6994e-04
1059.6	2.7001e-04
1059.8	2.7008e-04
1060.0	2.7015e-04
1060.2	2.7022e-04
1060.4	2.7028e-04
1060.6	2.7162e-04
1060.8	2.7314e-04
1061.0	2.7466e-04
1061.2	2.7619e-04
1061.4	2.7773e-04
1061.6	2.7929e-04
1061.8	2.8084e-04
1062.0	2.8241e-04
1062.2	2.8399e-04
1062.4	2.8557e-04
1062.6	2.8717e-04
1062.8	2.8877e-04
1063.0	2.9038e-04
1063.2	2.92e-04
1063.4	2.9363e-04
1063.6	2.9527e-04
1063.8	2.9692e-04
1064.0	2.9868e-04
1064.2	3.0176e-04
1064.4	3.0488e-04
1064.6	3.0803e-04
1064.8	3.1121e-04
1065.0	3.1442e-04
1065.2	3.1454e-04
1065.4	3.1466e-04
1065.6	3.1479e-04
1065.8	3.1491e-04
1066.0	3.1503e-04
1066.2	3.1515e-04
1066.4	3.1789e-04
1066.6	3.2075e-04
1066.8	3.2364e-04
1067.0	3.2655e-04
1067.2	3.2949e-04
1067.4	3.3245e-04
1067.6	3.3544e-04
1067.8	3.3846e-04
1068.0	3.415e-04
1068.2	3.4458e-04
1068.4	3.4768e-04
1068.6	3.508e-04
1068.8	3.5396e-04
1069.0	3.5714e-04
1069.2	3.6036e-04
1069.4	3.636e-04
1069.6	3.6687e-04
1069.8	3.6966e-04
1070.0	3.6945e-04
1070.2	3.6923e-04
1070.4	3.6902e-04
1070.6	3.6881e-04
1070.8	3.686e-04
1071.0	3.6838e-04
1071.2	3.6817e-04
1071.4	3.6796e-04
1071.6	3.6775e-04
1071.8	3.6753e-04
1072.0	3.6732e-04
1072.2	3.6711e-04
1072.4	3.669e-04
1072.6	3.6669e-04
1072.8	3.6647e-04
1073.0	3.6626e-04
1073.2	3.6605e-04
1073.4	3.6413e-04
1073.6	3.5878e-04
1073.8	3.5352e-04
1074.0	3.4833e-04
1074.2	3.4322e-04
1074.4	3.3818e-04
1074.6	3.3322e-04
1074.8	3.2832e-04
1075.0	3.2351e-04
1075.2	3.1876e-04
1075.4	3.1408e-04
1075.6	3.0947e-04
1075.8	3.0493e-04
1076.0	3.0045e-04
1076.2	2.9604e-04
1076.4	2.917e-04
1076.6	2.8741e-04
1076.8	2.832e-04
1077.0	2.7697e-04
1077.2	2.691e-04
1077.4	2.6146e-04
1077.6	2.5403e-04
1077.8	2.4681e-04
1078.0	2.398e-04
1078.2	2.3298e-04
1078.4	2.2636e-04
1078.6	2.1993e-04
1078.8	2.1368e-04
1079.0	2.0761e-04
1079.2	2.0171e-04
1079.4	1.9598e-04
1079.6	1.9041e-04
1079.8	1.85e-04
1080.0	1.7975e-04
1080.2	1.7464e-04
1080.4	1.6968e-04
1080.6	1.6462e-04
1080.8	1.5964e-04
1081.0	1.5481e-04
1081.2	1.5012e-04
1081.4	1.4557e-04
1081.6	1.4117e-04
1081.8	1.3689e-04
1082.0	1.3275e-04
1082.2	1.2873e-04
1082.4	1.2483e-04
1082.6	1.2105e-04
1082.8	1.1739e-04
1083.0	1.1383e-04
1083.2	1.1039e-04
1083.4	1.0704e-04
1083.6	1.038e-04
1083.8	1.0066e-04
1084.0	9.7613e-05
1084.2	9.4836e-05
1084.4	9.2146e-05
1084.6	8.9533e-05
1084.8	8.6994e-05
1085.0	8.4527e-05
1085.2	8.213e-05
1085.4	7.9801e-05
1085.6	7.7538e-05
1085.8	7.5339e-05
1086.0	7.3203e-05
1086.2	7.1127e-05
1086.4	6.911e-05
1086.6	6.715e-05
1086.8	6.5246e-05
1087.0	6.3396e-05
1087.2	6.1598e-05
1087.4	5.9851e-05
1087.6	5.8247e-05
1087.8	5.7118e-05
1088.0	5.601e-05
1088.2	5.4923e-05
1088.4	5.3858e-05
1088.6	5.2813e-05
1088.8	5.1789e-05
1089.0	5.0784e-05
1089.2	4.9799e-05
1089.4	4.8833e-05
1089.6	4.7886e-05
1089.8	4.6957e-05
1090.0	4.6046e-05
1090.2	4.4286e-05
1090.4	4.2592e-05
1090.6	4.0964e-05
1090.8	3.9398e-05
1091.0	3.7891e-05
1091.2	3.6443e-05
1091.4	3.5442e-05
1091.6	3.4681e-05
1091.8	3.3937e-05
1092.0	3.3208e-05
1092.2	3.2495e-05
1092.4	3.1798e-05
1092.6	3.1115e-05
1092.8	3.0447e-05
1093.0	2.9794e-05
1093.2	2.9154e-05
1093.4	2.8528e-05
1093.6	2.7916e-05
1093.8	2.7317e-05
1094.0	2.673e-05
1094.2	2.6156e-05
1094.4	2.5595e-05
1094.6	2.5045e-05
1094.8	2.4508e-05
1095.0	2.4137e-05
1095.2	2.3799e-05
1095.4	2.3465e-05
1095.6	2.3135e-05
1095.8	2.2811e-05
1096.0	2.2491e-05
1096.2	2.2175e-05
1096.4	2.1864e-05
1096.6	2.1557e-05
1096.8	2.1255e-05
1097.0	2.0956e-05
1097.2	2.0662e-05
1097.4	2.0372e-05
1097.6	2.0086e-05
1097.8	1.9805e-05
1098.0	1.9527e-05
1098.2	1.9253e-05
1098.4	1.8975e-05
1098.6	1.8611e-05
1098.8	1.8255e-05
1099.0	1.7905e-05
1099.2	1.7562e-05
1099.4	1.7225e-05
1099.6	1.6895e-05
1099.8	1.6572e-05
1100.0	1.6254e-05
1100.2	1.5943e-05
1100.4	1.5637e-05
1100.6	1.5338e-05
1100.8	1.5044e-05
1101.0	1.4755e-05
1101.2	1.4473e-05
1101.4	1.4195e-05
1101.6	1.3923e-05
1101.8	1.3657e-05
1102.0	1.3451e-05
1102.2	1.3373e-05
1102.4	1.3296e-05
1102.6	1.3219e-05
1102.8	1.3142e-05
1103.0	1.3066e-05
1103.2	1.299e-05
1103.4	1.2915e-05
1103.6	1.284e-05
1103.8	1.2765e-05
1104.0	1.2691e-05
1104.2	1.2618e-05
1104.4	1.2545e-05
1104.6	1.2472e-05
1104.8	1.24e-05
1105.0	1.2328e-05
1105.2	1.2256e-05
1105.4	1.2185e-05
1105.6	1.2146e-05
1105.8	1.2134e-05
1106.0	1.2121e-05
1106.2	1.2109e-05
1106.4	1.2097e-05
1106.6	1.2084e-05
1106.8	1.2072e-05
1107.0	1.2059e-05
1107.2	1.2047e-05
1107.4	1.2035e-05
1107.6	1.2022e-05
1107.8	1.201e-05
1108.0	1.1998e-05
1108.2	1.1985e-05
1108.4	1.1973e-05
1108.6	1.1961e-05
1108.8	1.1949e-05
1109.0	1.1936e-05
1109.2	1.1881e-05
1109.4	1.1815e-05
1109.6	1.175e-05
1109.8	1.1685e-05
1110.0	1.1621e-05
1110.2	1.1557e-05
1110.4	1.1493e-05
1110.6	1.1429e-05
1110.8	1.1366e-05
1111.0	1.1303e-05
1111.2	1.1241e-05
1111.4	1.1179e-05
1111.6	1.1117e-05
1111.8	1.1056e-05
1112.0	1.0995e-05
1112.2	1.0934e-05
1112.4	1.0874e-05
1112.6	1.0821e-05
1112.8	1.0902e-05
1113.0	1.0983e-05
1113.2	1.1065e-05
1113.4	1.1147e-05
1113.6	1.123e-05
1113.8	1.1313e-05
1114.0	1.1398e-05
1114.2	1.1482e-05
1114.4	1.1568e-05
1114.6	1.1654e-05
1114.8	1.1741e-05
1115.0	1.1828e-05
1115.2	1.1916e-05
1115.4	1.2005e-05
1115.6	1.2094e-05
1115.8	1.2184e-05
1116.0	1.2275e-05
1116.2	1.2373e-05
1116.4	1.2488e-05
1116.6	1.2603e-05
1116.8	1.272e-05
1117.0	1.2837e-05
1117.2	1.2956e-05
1117.4	1.3076e-05
1117.6	1.3197e-05
1117.8	1.3319e-05
1118.0	1.3442e-05
1118.2	1.3567e-05
1118.4	1.3692e-05
1118.6	1.3819e-05
1118.8	1.3947e-05
1119.0	1.4076e-05
1119.2	1.4206e-05
1119.4	1.4337e-05
1119.6	1.447e-05
1119.8	2.7165e-05
1120.0	7.6475e-05
1120.2	6.8804e-05
1120.4	6.1902e-05
1120.6	5.5693e-05
1120.8	5.0106e-05
1121.0	4.5349e-05
1121.2	4.9762e-05
1121.4	5.4603e-05
1121.6	5.9916e-05
1121.8	6.5746e-05
1122.0	7.1769e-05
1122.2	6.7891e-05
1122.4	6.4223e-05
1122.6	6.0753e-05
1122.8	5.7471e-05
1123.0	5.477e-05
1123.2	6.6303e-05
1123.4	8.0264e-05
1123.6	9.7165e-05
1123.8	1.1763e-04
1124.0	1.4059e-04
1124.2	1.1118e-04
1124.4	8.7923e-05
1124.6	6.9532e-05
1124.8	5.4987e-05
1125.0	4.3865e-05
1125.2	4.4467e-05
1125.4	4.5077e-05
1125.6	4.5696e-05
1125.8	4.6323e-05
1126.0	4.6991e-05
1126.2	4.857e-05
1126.4	5.0203e-05
1126.6	5.1891e-05
1126.8	5.3635e-05
1127.0	5.5271e-05
1127.2	5.2977e-05
1127.4	5.0779e-05
1127.6	4.8672e-05
1127.8	4.6653e-05
1128.0	4.4792e-05
1128.2	4.4772e-05
1128.4	4.4752e-05
1128.6	4.4731e-05
1128.8	4.4711e-05
1129.0	4.4686e-05
1129.2	4.4521e-05
1129.4	4.4357e-05
1129.6	4.4193e-05
1129.8	4.403e-05
1130.0	4.3873e-05
1130.2	4.3857e-05
1130.4	4.3841e-05
1130.6	4.3825e-05
1130.8	4.381e-05
1131.0	4.4033e-05
1131.2	4.9083e-05
1131.4	5.4711e-05
1131.6	6.0985e-05
1131.8	6.7979e-05
1132.0	7.553e-05
1132.2	6.7864e-05
1132.4	6.0975e-05
1132.6	5.4786e-05
1132.8	4.9225e-05
1133.0	4.4634e-05
1133.2	5.7777e-05
1133.4	7.4788e-05
1133.6	9.6809e-05
1133.8	1.2531e-04
1134.0	1.5986e-04
1134.2	1.3637e-04
1134.4	1.1634e-04
1134.6	9.9243e-05
1134.8	8.4662e-05
1135.0	7.2395e-05
1135.2	6.5532e-05
1135.4	5.9319e-05
1135.6	5.3696e-05
1135.8	4.8605e-05
1136.0	4.4032e-05
1136.2	4.6586e-05
1136.4	4.9289e-05
1136.6	5.2148e-05
1136.8	5.5173e-05
1137.0	5.8302e-05
1137.2	5.6841e-05
1137.4	5.5418e-05
1137.6	5.403e-05
1137.8	5.2676e-05
1138.0	5.1508e-05
1138.2	5.6463e-05
1138.4	6.1895e-05
1138.6	6.785e-05
1138.8	7.4377e-05
1139.0	8.1299e-05
1139.2	8.2103e-05
1139.4	8.2915e-05
1139.6	8.3735e-05
1139.8	8.4563e-05
1140.0	8.5683e-05
1140.2	9.4022e-05
1140.4	1.0317e-04
1140.6	1.1321e-04
1140.8	1.2423e-04
1141.0	1.3604e-04
1141.2	1.2184e-04
1141.4	1.0912e-04
1141.6	9.7722e-05
1141.8	8.7519e-05
1142.0	7.875e-05
1142.2	8.5123e-05
1142.4	9.2012e-05
1142.6	9.9458e-05
1142.8	1.0751e-04
1143.0	1.1506e-04
1143.2	9.6982e-05
1143.4	8.1747e-05
1143.6	6.8905e-05
1143.8	5.8081e-05
1144.0	4.9086e-05
1144.2	4.9312e-05
1144.4	4.9538e-05
1144.6	4.9766e-05
1144.8	4.9995e-05
1145.0	5.0354e-05
1145.2	5.5113e-05
1145.4	6.0322e-05
1145.6	6.6023e-05
1145.8	7.2263e-05
1146.0	7.8735e-05
1146.2	7.7934e-05
1146.4	7.714e-05
1146.6	7.6355e-05
1146.8	7.5577e-05
1147.0	7.4914e-05
1147.2	8.1463e-05
1147.4	8.8585e-05
1147.6	9.633e-05
1147.8	1.0475e-04
1148.0	1.1354e-04
1148.2	1.1075e-04
1148.4	1.0803e-04
1148.6	1.0538e-04
1148.8	1.0279e-04
1149.0	1.0054e-04
1149.2	1.0421e-04
1149.4	1.0801e-04
1149.6	1.1195e-04
1149.8	1.1603e-04
1150.0	1.2034e-04
1150.2	1.302e-04
1150.4	1.4087e-04
1150.6	1.5241e-04
1150.8	1.649e-04
1151.0	1.7814e-04
1151.2	1.8317e-04
1151.4	1.8834e-04
1151.6	1.9366e-04
1151.8	1.9912e-04
1152.0	2.0476e-04
1152.2	2.1224e-04
1152.4	2.1999e-04
1152.6	2.2803e-04
1152.8	2.3636e-04
1153.0	2.4462e-04
1153.2	2.4101e-04
1153.4	2.3746e-04
1153.6	2.3396e-04
1153.8	2.3051e-04
1154.0	2.2811e-04
1154.2	2.4794e-04
1154.4	2.6948e-04
1154.6	2.929e-04
1154.8	3.1836e-04
1155.0	3.4545e-04
1155.2	3.4547e-04
1155.4	3.4548e-04
1155.6	3.455e-04
1155.8	3.4551e-04
1156.0	3.4615e-04
1156.2	3.6032e-04
1156.4	3.7507e-04
1156.6	3.9042e-04
1156.8	4.0641e-04
1157.0	4.229e-04
1157.2	4.3044e-04
1157.4	4.3811e-04
1157.6	4.4592e-04
1157.8	4.5387e-04
1158.0	4.6197e-04
1158.2	4.7053e-04
1158.4	4.7925e-04
1158.6	4.8814e-04
1158.8	4.9719e-04
1159.0	5.0623e-04
1159.2	5.0359e-04
1159.4	5.0097e-04
1159.6	4.9836e-04
1159.8	4.9577e-04
1160.0	4.9344e-04
1160.2	4.9926e-04
1160.4	5.0516e-04
1160.6	5.1112e-04
1160.8	5.1715e-04
1161.0	5.2319e-04
1161.2	5.2218e-04
1161.4	5.2118e-04
1161.6	5.2017e-04
1161.8	5.1917e-04
1162.0	5.1751e-04
1162.2	4.9494e-04
1162.4	4.7335e-04
1162.6	4.5271e-04
1162.8	4.3296e-04
1163.0	4.1443e-04
1163.2	4.3117e-04
1163.4	4.4859e-04
1163.6	4.6672e-04
1163.8	4.8557e-04
1164.0	5.0365e-04
1164.2	4.7328e-04
1164.4	4.4473e-04
1164.6	4.1791e-04
1164.8	3.9271e-04
1165.0	3.6924e-04
1165.2	3.675e-04
1165.4	3.6577e-04
1165.6	3.6404e-04
1165.8	3.6233e-04
1166.0	3.6053e-04
1166.2	3.5582e-04
1166.4	3.5118e-04
1166.6	3.466e-04
1166.8	3.4208e-04
1167.0	3.3751e-04
1167.2	3.225e-04
1167.4	3.0816e-04
1167.6	2.9445e-04
1167.8	2.8136e-04
1168.0	2.692e-04
1168.2	2.6895e-04
1168.4	2.6869e-04
1168.6	2.6844e-04
1168.8	2.6818e-04
1169.0	2.6783e-04
1169.2	2.5812e-04
1169.4	2.4876e-04
1169.6	2.3974e-04
1169.8	2.3105e-04
1170.0	2.233e-04
1170.2	2.334e-04
1170.4	2.4395e-04
1170.6	2.5498e-04
1170.8	2.6651e-04
1171.0	2.7834e-04
1171.2	2.7578e-04
1171.4	2.7324e-04
1171.6	2.7072e-04
1171.8	2.6823e-04
1172.0	2.6573e-04
1172.2	2.6247e-04
1172.4	2.5924e-04
1172.6	2.5605e-04
1172.8	2.529e-04
1173.0	2.4982e-04
1173.2	2.4807e-04
1173.4	2.4632e-04
1173.6	2.4459e-04
1173.8	2.4287e-04
1174.0	2.4156e-04
1174.2	2.4866e-04
1174.4	2.5598e-04
1174.6	2.6352e-04
1174.8	2.7127e-04
1175.0	2.7862e-04
1175.2	2.6181e-04
1175.4	2.4601e-04
1175.6	2.3116e-04
1175.8	2.1721e-04
1176.0	2.0449e-04
1176.2	1.9958e-04
1176.4	1.9479e-04
1176.6	1.9011e-04
1176.8	1.8555e-04
1177.0	1.8145e-04
1177.2	1.8921e-04
1177.4	1.9729e-04
1177.6	2.0573e-04
1177.8	2.1452e-04
1178.0	2.2344e-04
1178.2	2.0775e-04
1178.4	1.9317e-04
1178.6	1.7961e-04
1178.8	1.67e-04
1179.0	1.558e-04
1179.2	1.5938e-04
1179.4	1.6304e-04
1179.6	1.6678e-04
1179.8	1.7061e-04
1180.0	1.746e-04
1180.2	1.8214e-04
1180.4	1.9001e-04
1180.6	1.9822e-04
1180.8	2.0678e-04
1181.0	2.1501e-04
1181.2	2.0874e-04
1181.4	2.0265e-04
1181.6	1.9674e-04
1181.8	1.91e-04
1182.0	1.852e-04
1182.2	1.7148e-04
1182.4	1.5878e-04
1182.6	1.4702e-04
1182.8	1.3613e-04
1183.0	1.2693e-04
1183.2	1.3506e-04
1183.4	1.4372e-04
1183.6	1.5294e-04
1183.8	1.6275e-04
1184.0	1.7262e-04
1184.2	1.6473e-04
1184.4	1.572e-04
1184.6	1.5001e-04
1184.8	1.4315e-04
1185.0	1.3683e-04
1185.2	1.5364e-04
1185.4	1.7251e-04
1185.6	1.937e-04
1185.8	2.1748e-04
1186.0	2.4288e-04
1186.2	2.3369e-04
1186.4	2.2485e-04
1186.6	2.1634e-04
1186.8	2.0816e-04
1187.0	2.0044e-04
1187.2	1.9902e-04
1187.4	1.9762e-04
1187.6	1.9622e-04
1187.8	1.9484e-04
1188.0	1.9372e-04
1188.2	1.9767e-04
1188.4	2.017e-04
1188.6	2.058e-04
1188.8	2.0999e-04
1189.0	2.1408e-04
1189.2	2.1192e-04
1189.4	2.0979e-04
1189.6	2.0768e-04
1189.8	2.056e-04
1190.0	2.0351e-04
1190.2	1.9948e-04
1190.4	1.9553e-04
1190.6	1.9166e-04
1190.8	1.8787e-04
1191.0	1.8459e-04
1191.2	1.935e-04
1191.4	2.0285e-04
1191.6	2.1264e-04
1191.8	2.2291e-04
1192.0	2.3325e-04
1192.2	2.2346e-04
1192.4	2.1409e-04
1192.6	2.051e-04
1192.8	1.965e-04
1193.0	1.8835e-04
1193.2	2.0083e-04
1193.4	2.1414e-04
1193.6	2.2832e-04
1193.8	2.4345e-04
1194.0	2.5865e-04
1194.2	2.4867e-04
1194.4	2.3908e-04
1194.6	2.2986e-04
1194.8	2.21e-04
1195.0	2.1257e-04
1195.2	2.1053e-04
1195.4	2.085e-04
1195.6	2.065e-04
1195.8	2.0451e-04
1196.0	2.0304e-04
1196.2	2.1367e-04
1196.4	2.2485e-04
1196.6	2.3661e-04
1196.8	2.49e-04
1197.0	2.62e-04
1197.2	2.7473e-04
1197.4	2.8808e-04
1197.6	3.0207e-04
1197.8	3.1675e-04
1198.0	3.3194e-04
1198.2	3.2867e-04
1198.4	3.2544e-04
1198.6	3.2223e-04
1198.8	3.1906e-04
1199.0	3.1566e-04
1199.2	3.0618e-04
1199.4	2.9699e-04
1199.6	2.8808e-04
1199.8	2.7943e-04
1200.0	2.7146e-04
1200.2	2.8027e-04
1200.4	2.8936e-04
1200.6	2.9874e-04
1200.8	3.0843e-04
1201.0	3.1847e-04
1201.2	3.3633e-04
1201.4	3.5519e-04
1201.6	3.7511e-04
1201.8	3.9614e-04
1202.0	4.1742e-04
1202.2	4.1356e-04
1202.4	4.0974e-04
1202.6	4.0595e-04
1202.8	4.022e-04
1203.0	3.9875e-04
1203.2	4.0853e-04
1203.4	4.1855e-04
1203.6	4.2882e-04
1203.8	4.3934e-04
1204.0	4.501e-04
1204.2	4.6096e-04
1204.4	4.7207e-04
1204.6	4.8345e-04
1204.8	4.9511e-04
1205.0	5.0685e-04
1205.2	5.1256e-04
1205.4	5.1832e-04
1205.6	5.2416e-04
1205.8	5.3005e-04
1206.0	5.358e-04
1206.2	5.3088e-04
1206.4	5.26e-04
1206.6	5.2117e-04
1206.8	5.1638e-04
1207.0	5.1235e-04
1207.2	5.2185e-04
1207.4	5.3152e-04
1207.6	5.4138e-04
1207.8	5.5142e-04
1208.0	5.6184e-04
1208.2	5.7797e-04
1208.4	5.9455e-04
1208.6	6.1162e-04
1208.8	6.2918e-04
1209.0	6.467e-04
1209.2	6.2987e-04
1209.4	6.1347e-04
1209.6	5.9749e-04
1209.8	5.8194e-04
1210.0	5.6857e-04
1210.2	5.9396e-04
1210.4	6.2047e-04
1210.6	6.4818e-04
1210.8	6.7711e-04
1211.0	7.0629e-04
1211.2	7.021e-04
1211.4	6.9793e-04
1211.6	6.9378e-04
1211.8	6.8966e-04
1212.0	6.857e-04
1212.2	6.9034e-04
1212.4	6.9502e-04
1212.6	6.9972e-04
1212.8	7.0446e-04
1213.0	7.0915e-04
1213.2	7.121e-04
1213.4	7.1505e-04
1213.6	7.1802e-04
1213.8	7.21e-04
1214.0	7.2408e-04
1214.2	7.2979e-04
1214.4	7.3555e-04
1214.6	7.4135e-04
1214.8	7.472e-04
1215.0	7.5323e-04
1215.2	7.6813e-04
1215.4	7.8333e-04
1215.6	7.9883e-04
1215.8	8.1464e-04
1216.0	8.3041e-04
1216.2	8.3908e-04
1216.4	8.4784e-04
1216.6	8.5669e-04
1216.8	8.6563e-04
1217.0	8.7456e-04
1217.2	8.7987e-04
1217.4	8.8521e-04
1217.6	8.9059e-04
1217.8	8.9599e-04
1218.0	9.0089e-04
1218.2	8.706e-04
1218.4	8.4134e-04
1218.6	8.1305e-04
1218.8	7.8572e-04
1219.0	7.5963e-04
1219.2	7.4111e-04
1219.4	7.2305e-04
1219.6	7.0543e-04
1219.8	6.8824e-04
1220.0	6.7274e-04
1220.2	6.9308e-04
1220.4	7.1404e-04
1220.6	7.3562e-04
1220.8	7.5786e-04
1221.0	7.8032e-04
1221.2	7.8072e-04
1221.4	7.8113e-04
1221.6	7.8153e-04
1221.8	7.8193e-04
1222.0	7.8256e-04
1222.2	7.8787e-04
1222.4	7.9322e-04
1222.6	7.986e-04
1222.8	8.0402e-04
1223.0	8.0853e-04
1223.2	7.8266e-04
1223.4	7.5762e-04
1223.6	7.3338e-04
1223.8	7.0991e-04
1224.0	6.8751e-04
1224.2	6.8102e-04
1224.4	6.746e-04
1224.6	6.6823e-04
1224.8	6.6193e-04
1225.0	6.555e-04
1225.2	6.453e-04
1225.4	6.3526e-04
1225.6	6.2538e-04
1225.8	6.1565e-04
1226.0	6.0638e-04
1226.2	6.072e-04
1226.4	6.0802e-04
1226.6	6.0884e-04
1226.8	6.0967e-04
1227.0	6.1093e-04
1227.2	6.3407e-04
1227.4	6.5809e-04
1227.6	6.8301e-04
1227.8	7.0888e-04
1228.0	7.3379e-04
1228.2	7.1802e-04
1228.4	7.0258e-04
1228.6	6.8748e-04
1228.8	6.7271e-04
1229.0	6.5797e-04
1229.2	6.3492e-04
1229.4	6.1267e-04
1229.6	5.9121e-04
1229.8	5.7049e-04
1230.0	5.5052e-04
1230.2	5.3237e-04
1230.4	5.1482e-04
1230.6	4.9785e-04
1230.8	4.8144e-04
1231.0	4.6669e-04
1231.2	4.7603e-04
1231.4	4.8556e-04
1231.6	4.9527e-04
1231.8	5.0518e-04
1232.0	5.1407e-04
1232.2	4.846e-04
1232.4	4.5681e-04
1232.6	4.3061e-04
1232.8	4.0592e-04
1233.0	3.8298e-04
1233.2	3.9456e-04
1233.4	4.0648e-04
1233.6	4.1877e-04
1233.8	4.3142e-04
1234.0	4.4412e-04
1234.2	4.4879e-04
1234.4	4.5351e-04
1234.6	4.5828e-04
1234.8	4.631e-04
1235.0	4.6758e-04
1235.2	4.5301e-04
1235.4	4.389e-04
1235.6	4.2523e-04
1235.8	4.1198e-04
1236.0	3.9929e-04
1236.2	4.1541e-04
1236.4	4.3218e-04
1236.6	4.4963e-04
1236.8	4.6778e-04
1237.0	4.8541e-04
1237.2	4.6908e-04
1237.4	4.5329e-04
1237.6	4.3804e-04
1237.8	4.233e-04
1238.0	4.0959e-04
1238.2	4.2219e-04
1238.4	4.3518e-04
1238.6	4.4856e-04
1238.8	4.6236e-04
1239.0	4.76e-04
1239.2	4.7729e-04
1239.4	4.7858e-04
1239.6	4.7987e-04
1239.8	4.8117e-04
1240.0	4.8217e-04
1240.2	4.732e-04
1240.4	4.6441e-04
1240.6	4.5577e-04
1240.8	4.473e-04
1241.0	4.3901e-04
1241.2	4.3369e-04
1241.4	4.2843e-04
1241.6	4.2323e-04
1241.8	4.181e-04
1242.0	4.1371e-04
1242.2	4.284e-04
1242.4	4.436e-04
1242.6	4.5934e-04
1242.8	4.7565e-04
1243.0	4.9203e-04
1243.2	4.7605e-04
1243.4	4.6059e-04
1243.6	4.4564e-04
1243.8	4.3117e-04
1244.0	4.1769e-04
1244.2	4.1886e-04
1244.4	4.2003e-04
1244.6	4.212e-04
1244.8	4.2238e-04
1245.0	4.2337e-04
1245.2	4.1202e-04
1245.4	4.0097e-04
1245.6	3.9022e-04
1245.8	3.7975e-04
1246.0	3.7043e-04
1246.2	3.8211e-04
1246.4	3.9415e-04
1246.6	4.0657e-04
1246.8	4.1939e-04
1247.0	4.3202e-04
1247.2	4.2211e-04
1247.4	4.1244e-04
1247.6	4.0298e-04
1247.8	3.9374e-04
1248.0	3.8473e-04
1248.2	3.8009e-04
1248.4	3.755e-04
1248.6	3.7097e-04
1248.8	3.6649e-04
1249.0	3.6265e-04
1249.2	3.7792e-04
1249.4	3.9385e-04
1249.6	4.1044e-04
1249.8	4.2773e-04
1250.0	4.4552e-04
1250.2	4.4178e-04
1250.4	4.3807e-04
1250.6	4.3439e-04
1250.8	4.3074e-04
1251.0	4.2777e-04
1251.2	4.4597e-04
1251.4	4.6493e-04
1251.6	4.8471e-04
1251.8	5.0533e-04
1252.0	5.2538e-04
1252.2	5.1839e-04
1252.4	5.115e-04
1252.6	5.0469e-04
1252.8	4.9798e-04
1253.0	4.9207e-04
1253.2	5.2168e-04
1253.4	5.5308e-04
1253.6	5.8637e-04
1253.8	6.2166e-04
1254.0	6.5679e-04
1254.2	6.3839e-04
1254.4	6.2052e-04
1254.6	6.0314e-04
1254.8	5.8625e-04
1255.0	5.704e-04
1255.2	5.8288e-04
1255.4	5.9563e-04
1255.6	6.0866e-04
1255.8	6.2197e-04
1256.0	6.3489e-04
1256.2	6.3129e-04
1256.4	6.277e-04
1256.6	6.2414e-04
1256.8	6.206e-04
1257.0	6.1708e-04
