Typical Measured Spectrum of Semrock FF01-417/60 Optical Filter	
For wavelengths between 320 and 1120 nm, values near or below 1e-6 (Optical Density 6) are measurement noise limited.
For wavelengths < 320 nm and > 1120 nm, values near or below 3e-6 (Optical Density 5.5) are measurement noise limited. 
Data format:  Wavelength (nm) <tab> Transmission (0 to 1)
300.0	8.2355e-04
300.2	4.0695e-04
300.4	2.0109e-04
300.6	1.3792e-04
300.8	1.0462e-04
301.0	8.513e-05
301.2	8.8872e-05
301.4	9.2779e-05
301.6	6.1104e-05
301.8	4.8978e-05
302.0	4.2588e-05
302.2	4.7925e-05
302.4	5.3931e-05
302.6	7.8786e-05
302.8	1.2906e-04
303.0	1.7867e-04
303.2	2.0469e-04
303.4	2.345e-04
303.6	1.38e-04
303.8	6.618e-05
304.0	3.602e-05
304.2	3.0707e-05
304.4	2.6178e-05
304.6	2.6522e-05
304.8	2.6812e-05
305.0	2.0243e-05
305.2	6.2161e-06
305.4	1.9088e-06
305.6	1.3407e-06
305.8	1.3426e-06
306.0	1.3463e-06
306.2	1.3254e-06
306.4	1.3048e-06
306.6	1.2811e-06
306.8	1.2569e-06
307.0	1.2373e-06
307.2	1.2324e-06
307.4	1.2276e-06
307.6	2.7059e-06
307.8	1.7177e-06
308.0	1.2221e-06
308.2	1.2241e-06
308.4	1.2261e-06
308.6	1.2368e-06
308.8	1.2514e-06
309.0	1.2668e-06
309.2	1.2764e-06
309.4	1.2861e-06
309.6	2.2347e-06
309.8	4.5694e-06
310.0	7.7069e-06
310.2	6.6963e-06
310.4	5.8183e-06
310.6	1.3945e-06
310.8	1.3932e-06
311.0	1.6173e-06
311.2	2.9813e-06
311.4	5.4956e-06
311.6	4.1669e-06
311.8	2.1591e-06
312.0	1.2384e-06
312.2	1.2016e-06
312.4	1.1659e-06
312.6	1.853e-06
312.8	3.4271e-06
313.0	4.8282e-06
313.2	2.5916e-06
313.4	1.3911e-06
313.6	1.1383e-06
313.8	1.1427e-06
314.0	1.4968e-06
314.2	3.8219e-06
314.4	9.7588e-06
314.6	1.0489e-05
314.8	8.2526e-06
315.0	2.3479e-06
315.2	4.6852e-06
315.4	9.3492e-06
315.6	5.5594e-06
315.8	2.2318e-06
316.0	1.0859e-06
316.2	1.0893e-06
316.4	1.0926e-06
316.6	1.0923e-06
316.8	1.0856e-06
317.0	1.0771e-06
317.2	1.0641e-06
317.4	1.0513e-06
317.6	1.0451e-06
317.8	1.0413e-06
318.0	1.0398e-06
318.2	1.031e-06
318.4	1.0223e-06
318.6	1.0141e-06
318.8	1.006e-06
319.0	9.9926e-07
319.2	9.9782e-07
319.4	9.9638e-07
319.6	9.8994e-07
319.8	9.7495e-07
320.0	9.6012e-07
320.2	9.4527e-07
320.4	9.3065e-07
320.6	9.3038e-07
320.8	9.3579e-07
321.0	2.5926e-06
321.2	1.6741e-06
321.4	1.081e-06
321.6	1.5157e-06
321.8	2.6788e-06
322.0	3.7084e-06
322.2	2.2132e-06
322.4	1.3209e-06
322.6	2.7113e-06
322.8	5.0303e-06
323.0	6.2914e-06
323.2	2.8544e-06
323.4	1.295e-06
323.6	1.9358e-06
323.8	4.4477e-06
324.0	1.8172e-06
324.2	1.3146e-06
324.4	9.5102e-07
324.6	1.3704e-06
324.8	2.5001e-06
325.0	3.5604e-06
325.2	1.8828e-06
325.4	9.9561e-07
325.6	1.2096e-06
325.8	1.7957e-06
326.0	2.1573e-06
326.2	1.3967e-06
326.4	9.0426e-07
326.6	7.961e-07
326.8	7.9463e-07
327.0	1.4925e-06
327.2	1.1034e-06
327.4	8.1574e-07
327.6	7.4491e-07
327.8	7.2582e-07
328.0	7.0866e-07
328.2	6.9691e-07
328.4	6.8536e-07
328.6	1.0989e-06
328.8	8.1206e-07
329.0	6.9939e-07
329.2	9.0189e-07
329.4	1.163e-06
329.6	1.0164e-06
329.8	7.6923e-07
330.0	1.7075e-06
330.2	1.0732e-06
330.4	6.7454e-07
330.6	5.9194e-07
330.8	5.8409e-07
331.0	6.088e-07
331.2	7.9559e-07
331.4	1.0397e-06
331.6	9.3066e-07
331.8	6.9248e-07
332.0	5.9013e-07
332.2	7.6392e-07
332.4	9.8889e-07
332.6	8.8181e-07
332.8	6.7024e-07
333.0	5.3239e-07
333.2	5.2878e-07
333.4	5.2518e-07
333.6	5.2203e-07
333.8	5.1903e-07
334.0	5.1696e-07
334.2	5.1842e-07
334.4	5.1988e-07
334.6	1.9308e-06
334.8	9.0145e-07
335.0	5.0696e-07
335.2	4.9833e-07
335.4	4.8985e-07
335.6	7.5786e-07
335.8	1.4111e-06
336.0	4.7472e-07
336.2	4.6583e-07
336.4	4.5711e-07
336.6	4.498e-07
336.8	4.4298e-07
337.0	4.3772e-07
337.2	4.376e-07
337.4	4.3748e-07
337.6	2.8209e-06
337.8	1.4282e-06
338.0	8.0196e-07
338.2	6.0462e-07
338.4	4.5584e-07
338.6	5.7324e-07
338.8	8.7955e-07
339.0	4.1804e-07
339.2	4.1122e-07
339.4	4.0451e-07
339.6	3.9745e-07
339.8	3.9037e-07
340.0	3.8458e-07
340.2	3.8271e-07
340.4	3.8086e-07
340.6	3.7874e-07
340.8	3.7427e-07
341.0	3.6995e-07
341.2	3.6595e-07
341.4	3.62e-07
341.6	3.612e-07
341.8	3.6159e-07
342.0	7.1515e-07
342.2	1.3948e-06
342.4	2.7205e-06
342.6	2.0045e-06
342.8	1.0952e-06
343.0	6.4486e-07
343.2	4.913e-07
343.4	3.7431e-07
343.6	3.429e-07
343.8	3.3968e-07
344.0	3.3654e-07
344.2	3.3358e-07
344.4	3.3065e-07
344.6	3.3051e-07
344.8	3.3144e-07
345.0	3.3314e-07
345.2	3.2928e-07
345.4	3.2546e-07
345.6	3.2148e-07
345.8	3.1749e-07
346.0	3.6162e-07
346.2	6.8301e-07
346.4	1.29e-06
346.6	8.6577e-07
346.8	1.7092e-06
347.0	2.26e-06
347.2	9.547e-07
347.4	4.033e-07
347.6	3.8901e-07
347.8	5.2144e-07
348.0	3.7331e-07
348.2	4.8386e-07
348.4	6.2715e-07
348.6	5.4043e-07
348.8	4.0938e-07
349.0	3.718e-07
349.2	6.4251e-07
349.4	1.1103e-06
349.6	4.9448e-07
349.8	7.2239e-07
350.0	8.5531e-07
350.2	5.4806e-07
350.4	3.5118e-07
350.6	4.9051e-07
350.8	9.3468e-07
351.0	3.1952e-07
351.2	3.2097e-07
351.4	3.2242e-07
351.6	4.4873e-07
351.8	6.9828e-07
352.0	9.128e-07
352.2	6.0698e-07
352.4	4.0362e-07
352.6	3.5208e-07
352.8	3.4957e-07
353.0	3.4634e-07
353.2	3.4123e-07
353.4	3.3619e-07
353.6	4.0692e-07
353.8	5.3048e-07
354.0	9.0717e-07
354.2	5.6076e-07
354.4	3.4663e-07
354.6	3.0537e-07
354.8	2.9906e-07
355.0	3.2528e-07
355.2	5.0272e-07
355.4	7.7695e-07
355.6	5.7181e-07
355.8	9.7907e-07
356.0	1.2428e-06
356.2	6.5815e-07
356.4	3.4852e-07
356.6	2.9498e-07
356.8	3.0098e-07
357.0	3.0791e-07
357.2	3.0735e-07
357.4	3.0679e-07
357.6	3.077e-07
357.8	3.0911e-07
358.0	3.0907e-07
358.2	3.0343e-07
358.4	2.9788e-07
358.6	3.41e-06
358.8	4.3333e-06
359.0	5.298e-06
359.2	5.8791e-06
359.4	6.5239e-06
359.6	4.9844e-06
359.8	3.3516e-06
360.0	4.2226e-06
360.2	4.6148e-06
360.4	5.0435e-06
360.6	5.141e-06
360.8	5.1294e-06
361.0	4.7557e-06
361.2	3.4247e-06
361.4	2.4662e-06
361.6	4.0224e-06
361.8	4.5251e-06
362.0	4.8832e-06
362.2	4.6353e-06
362.4	4.4e-06
362.6	4.283e-06
362.8	4.2133e-06
363.0	5.6056e-06
363.2	5.6443e-06
363.4	5.6833e-06
363.6	5.2201e-06
363.8	4.6612e-06
364.0	4.3696e-06
364.2	4.8208e-06
364.4	5.3186e-06
364.6	5.5066e-06
364.8	5.1481e-06
365.0	5.0458e-06
365.2	5.7206e-06
365.4	6.4857e-06
365.6	6.4574e-06
365.8	6.0891e-06
366.0	6.9039e-06
366.2	6.7431e-06
366.4	6.5861e-06
366.6	6.4515e-06
366.8	6.3253e-06
367.0	6.1679e-06
367.2	5.906e-06
367.4	5.6553e-06
367.6	6.8884e-06
367.8	6.3479e-06
368.0	6.0341e-06
368.2	6.3111e-06
368.4	6.6009e-06
368.6	6.8013e-06
368.8	6.964e-06
369.0	5.5518e-06
369.2	6.4277e-06
369.4	7.4418e-06
369.6	7.4992e-06
369.8	7.2501e-06
370.0	7.1545e-06
370.2	7.5477e-06
370.4	7.9626e-06
370.6	6.7689e-06
370.8	6.0683e-06
371.0	5.5854e-06
371.2	5.5883e-06
371.4	5.5912e-06
371.6	5.6375e-06
371.8	5.703e-06
372.0	5.3329e-06
372.2	5.5151e-06
372.4	5.7036e-06
372.6	6.1448e-06
372.8	6.7111e-06
373.0	7.3881e-06
373.2	8.3807e-06
373.4	9.5067e-06
373.6	7.1747e-06
373.8	7.3167e-06
374.0	7.3989e-06
374.2	7.3139e-06
374.4	7.2298e-06
374.6	6.5473e-06
374.8	5.7448e-06
375.0	6.5417e-06
375.2	6.5366e-06
375.4	6.5316e-06
375.6	7.2186e-06
375.8	8.2079e-06
376.0	8.812e-06
376.2	7.9263e-06
376.4	7.1296e-06
376.6	7.1699e-06
376.8	6.4302e-06
377.0	6.148e-06
377.2	7.1598e-06
377.4	8.3381e-06
377.6	8.0251e-06
377.8	7.1452e-06
378.0	8.9145e-06
378.2	8.6857e-06
378.4	8.4627e-06
378.6	7.9918e-06
378.8	7.473e-06
379.0	7.4012e-06
379.2	8.9346e-06
379.4	1.0786e-05
379.6	9.5759e-06
379.8	1.0609e-05
380.0	1.1262e-05
380.2	1.1457e-05
380.4	1.1656e-05
380.6	1.3716e-05
380.8	1.6238e-05
381.0	1.9324e-05
381.2	2.3115e-05
381.4	2.8888e-05
381.6	3.7653e-05
381.8	4.9077e-05
382.0	6.7982e-05
382.2	9.4316e-05
382.4	1.3467e-04
382.6	1.9789e-04
382.8	2.9298e-04
383.0	4.3684e-04
383.2	6.5132e-04
383.4	0.00105
383.6	0.00168
383.8	0.0026
384.0	0.00401
384.2	0.0067
384.4	0.01128
384.6	0.01991
384.8	0.03627
385.0	0.0668
385.2	0.1149
385.4	0.20954
385.6	0.36026
385.8	0.54798
386.0	0.70852
386.2	0.80241
386.4	0.84108
386.6	0.85864
386.8	0.86494
387.0	0.87498
387.2	0.88847
387.4	0.90177
387.6	0.91528
387.8	0.92372
388.0	0.93066
388.2	0.93444
388.4	0.93688
388.6	0.93719
388.8	0.93682
389.0	0.93628
389.2	0.93578
389.4	0.93542
389.6	0.93643
389.8	0.93757
390.0	0.93975
390.2	0.94142
390.4	0.94418
390.6	0.94634
390.8	0.94841
391.0	0.95028
391.2	0.95186
391.4	0.95395
391.6	0.95591
391.8	0.95567
392.0	0.95521
392.2	0.95239
392.4	0.95206
392.6	0.95158
392.8	0.95296
393.0	0.95476
393.2	0.95677
393.4	0.9569
393.6	0.95822
393.8	0.95879
394.0	0.96082
394.2	0.96043
394.4	0.96037
394.6	0.95966
394.8	0.9586
395.0	0.95674
395.2	0.9563
395.4	0.95615
395.6	0.95548
395.8	0.95441
396.0	0.95278
396.2	0.94883
396.4	0.94729
396.6	0.94766
396.8	0.95153
397.0	0.95258
397.2	0.95267
397.4	0.95178
397.6	0.94777
397.8	0.94538
398.0	0.94385
398.2	0.94444
398.4	0.94253
398.6	0.94002
398.8	0.93783
399.0	0.93624
399.2	0.93464
399.4	0.93374
399.6	0.93394
399.8	0.93538
400.0	0.93765
400.2	0.94003
400.4	0.94274
400.6	0.9449
400.8	0.94708
401.0	0.94817
401.2	0.94939
401.4	0.94971
401.6	0.94983
401.8	0.94693
402.0	0.94507
402.2	0.94267
402.4	0.94169
402.6	0.93955
402.8	0.93712
403.0	0.93542
403.2	0.93398
403.4	0.93336
403.6	0.93417
403.8	0.93564
404.0	0.93825
404.2	0.941
404.4	0.94481
404.6	0.94687
404.8	0.95003
405.0	0.95202
405.2	0.95519
405.4	0.95664
405.6	0.95779
405.8	0.95877
406.0	0.9577
406.2	0.9569
406.4	0.95603
406.6	0.95619
406.8	0.95613
407.0	0.95585
407.2	0.957
407.4	0.95582
407.6	0.95755
407.8	0.95953
408.0	0.96431
408.2	0.96739
408.4	0.97039
408.6	0.97261
408.8	0.97357
409.0	0.97358
409.2	0.97228
409.4	0.97089
409.6	0.96813
409.8	0.96442
410.0	0.95953
410.2	0.95293
410.4	0.94716
410.6	0.94138
410.8	0.9372
411.0	0.93306
411.2	0.92958
411.4	0.92746
411.6	0.92586
411.8	0.92637
412.0	0.928
412.2	0.93152
412.4	0.935
412.6	0.93857
412.8	0.94206
413.0	0.94476
413.2	0.94795
413.4	0.95079
413.6	0.95326
413.8	0.95375
414.0	0.9532
414.2	0.95141
414.4	0.94738
414.6	0.94393
414.8	0.94057
415.0	0.93866
415.2	0.93568
415.4	0.93282
415.6	0.93089
415.8	0.92988
416.0	0.92986
416.2	0.93052
416.4	0.93141
416.6	0.93314
416.8	0.93579
417.0	0.93845
417.2	0.94147
417.4	0.94354
417.6	0.94579
417.8	0.9472
418.0	0.94789
418.2	0.9478
418.4	0.94661
418.6	0.94549
418.8	0.94287
419.0	0.94016
419.2	0.93667
419.4	0.9342
419.6	0.93177
419.8	0.93026
420.0	0.92921
420.2	0.92848
420.4	0.92781
420.6	0.9278
420.8	0.92922
421.0	0.93157
421.2	0.93391
421.4	0.93653
421.6	0.93828
421.8	0.94055
422.0	0.94225
422.2	0.94428
422.4	0.94579
422.6	0.94696
422.8	0.94704
423.0	0.9467
423.2	0.94662
423.4	0.94723
423.6	0.94822
423.8	0.94898
424.0	0.95011
424.2	0.95069
424.4	0.95256
424.6	0.95474
424.8	0.95835
425.0	0.96091
425.2	0.96358
425.4	0.96597
425.6	0.96498
425.8	0.96561
426.0	0.96538
426.2	0.96737
426.4	0.966
426.6	0.96343
426.8	0.96001
427.0	0.95607
427.2	0.95177
427.4	0.94779
427.6	0.94374
427.8	0.94065
428.0	0.93805
428.2	0.93663
428.4	0.93578
428.6	0.93592
428.8	0.93697
429.0	0.93937
429.2	0.9427
429.4	0.94675
429.6	0.95131
429.8	0.9582
430.0	0.96293
430.2	0.9667
430.4	0.96753
430.6	0.96934
430.8	0.97024
431.0	0.96962
431.2	0.97179
431.4	0.96896
431.6	0.96506
431.8	0.95659
432.0	0.9513
432.2	0.94607
432.4	0.94405
432.6	0.94457
432.8	0.94661
433.0	0.94773
433.2	0.94815
433.4	0.95017
433.6	0.95123
433.8	0.95256
434.0	0.95043
434.2	0.94949
434.4	0.94615
434.6	0.94628
434.8	0.9464
435.0	0.9492
435.2	0.95134
435.4	0.9529
435.6	0.95398
435.8	0.95416
436.0	0.95374
436.2	0.95268
436.4	0.95132
436.6	0.95018
436.8	0.94903
437.0	0.9482
437.2	0.94764
437.4	0.94797
437.6	0.94895
437.8	0.95064
438.0	0.95295
438.2	0.95587
438.4	0.95867
438.6	0.96161
438.8	0.96419
439.0	0.96663
439.2	0.96877
439.4	0.96909
439.6	0.96931
439.8	0.96846
440.0	0.96535
440.2	0.96288
440.4	0.95872
440.6	0.9547
440.8	0.9509
441.0	0.94779
441.2	0.9442
441.4	0.943
441.6	0.94185
441.8	0.943
442.0	0.94476
442.2	0.94855
442.4	0.95269
442.6	0.95874
442.8	0.96278
443.0	0.96771
443.2	0.97238
443.4	0.97467
443.6	0.97597
443.8	0.97497
444.0	0.97257
444.2	0.96651
444.4	0.9596
444.6	0.95092
444.8	0.94226
445.0	0.93275
445.2	0.92448
445.4	0.91642
445.6	0.90981
445.8	0.90516
446.0	0.90323
446.2	0.90389
446.4	0.90655
446.6	0.91329
446.8	0.92191
447.0	0.93142
447.2	0.94197
447.4	0.95252
447.6	0.96172
447.8	0.96949
448.0	0.9756
448.2	0.97652
448.4	0.97257
448.6	0.96302
448.8	0.94652
449.0	0.92231
449.2	0.88861
449.4	0.84015
449.6	0.78351
449.8	0.71569
450.0	0.6394
450.2	0.55671
450.4	0.47333
450.6	0.39345
450.8	0.32014
451.0	0.25693
451.2	0.20445
451.4	0.16193
451.6	0.12829
451.8	0.10161
452.0	0.08089
452.2	0.0674
452.4	0.05403
452.6	0.04393
452.8	0.03592
453.0	0.02968
453.2	0.02476
453.4	0.02079
453.6	0.01742
453.8	0.01479
454.0	0.01271
454.2	0.01105
454.4	0.00966
454.6	0.0085
454.8	0.00756
455.0	0.00673
455.2	0.00591
455.4	0.00537
455.6	0.00492
455.8	0.00453
456.0	0.00421
456.2	0.00392
456.4	0.00368
456.6	0.00348
456.8	0.00332
457.0	0.00318
457.2	0.00305
457.4	0.00296
457.6	0.0029
457.8	0.00284
458.0	0.00279
458.2	0.00279
458.4	0.00278
458.6	0.00278
458.8	0.0028
459.0	0.00285
459.2	0.0029
459.4	0.00297
459.6	0.00304
459.8	0.00313
460.0	0.00324
460.2	0.00334
460.4	0.00348
460.6	0.00359
460.8	0.00372
461.0	0.00384
461.2	0.00398
461.4	0.00406
461.6	0.00417
461.8	0.00426
462.0	0.0043
462.2	0.00434
462.4	0.00436
462.6	0.00435
462.8	0.00433
463.0	0.00429
463.2	0.00426
463.4	0.00424
463.6	0.00419
463.8	0.00414
464.0	0.00413
464.2	0.00411
464.4	0.00413
464.6	0.00415
464.8	0.00417
465.0	0.00422
465.2	0.00427
465.4	0.00434
465.6	0.00444
465.8	0.00453
466.0	0.0046
466.2	0.00471
466.4	0.00477
466.6	0.00484
466.8	0.00486
467.0	0.00486
467.2	0.0048
467.4	0.00471
467.6	0.00456
467.8	0.00437
468.0	0.00419
468.2	0.00395
468.4	0.00371
468.6	0.00348
468.8	0.00325
469.0	0.00302
469.2	0.00283
469.4	0.00261
469.6	0.00243
469.8	0.00229
470.0	0.00216
470.2	0.00204
470.4	0.00195
470.6	0.00187
470.8	0.00186
471.0	0.00182
471.2	0.00177
471.4	0.00174
471.6	0.00172
471.8	0.00171
472.0	0.00171
472.2	0.00165
472.4	0.00169
472.6	0.00172
472.8	0.00179
473.0	0.00183
473.2	0.00191
473.4	0.002
473.6	0.0021
473.8	0.00224
474.0	0.00238
474.2	0.00254
474.4	0.0027
474.6	0.00289
474.8	0.0031
475.0	0.00331
475.2	0.00352
475.4	0.0037
475.6	0.00388
475.8	0.00402
476.0	0.00409
476.2	0.00413
476.4	0.00411
476.6	0.00399
476.8	0.00388
477.0	0.0037
477.2	0.00354
477.4	0.00334
477.6	0.00317
477.8	0.003
478.0	0.00283
478.2	0.00267
478.4	0.00256
478.6	0.00243
478.8	0.00234
479.0	0.00224
479.2	0.00217
479.4	0.0021
479.6	0.00204
479.8	0.00201
480.0	0.00198
480.2	0.00195
480.4	0.00196
480.6	0.00195
480.8	0.00196
481.0	0.00198
481.2	0.00202
481.4	0.00206
481.6	0.00211
481.8	0.00217
482.0	0.00225
482.2	0.00234
482.4	0.00245
482.6	0.00256
482.8	0.00268
483.0	0.00282
483.2	0.00297
483.4	0.00314
483.6	0.00331
483.8	0.00348
484.0	0.00365
484.2	0.0038
484.4	0.00391
484.6	0.00401
484.8	0.00405
485.0	0.00405
485.2	0.004
485.4	0.00389
485.6	0.00374
485.8	0.00357
486.0	0.00334
486.2	0.00314
486.4	0.00292
486.6	0.00271
486.8	0.00253
487.0	0.00234
487.2	0.00218
487.4	0.00204
487.6	0.0019
487.8	0.00176
488.0	0.00166
488.2	0.00158
488.4	0.00151
488.6	0.00145
488.8	0.0014
489.0	0.00136
489.2	0.00135
489.4	0.00136
489.6	0.00134
489.8	0.00133
490.0	0.00134
490.2	0.00135
490.4	0.00137
490.6	0.00137
490.8	0.00138
491.0	0.00142
491.2	0.00149
491.4	0.00156
491.6	0.00164
491.8	0.00174
492.0	0.00187
492.2	0.00203
492.4	0.00222
492.6	0.00242
492.8	0.00266
493.0	0.00295
493.2	0.00327
493.4	0.00363
493.6	0.0042
493.8	0.00466
494.0	0.00524
494.2	0.00588
494.4	0.00653
494.6	0.00719
494.8	0.00795
495.0	0.00884
495.2	0.00941
495.4	0.00998
495.6	0.01036
495.8	0.0107
496.0	0.01095
496.2	0.01111
496.4	0.01125
496.6	0.01136
496.8	0.01144
497.0	0.01146
497.2	0.01157
497.4	0.01155
497.6	0.01149
497.8	0.01135
498.0	0.01117
498.2	0.01088
498.4	0.0105
498.6	0.00997
498.8	0.00937
499.0	0.00872
499.2	0.00795
499.4	0.00721
499.6	0.00653
499.8	0.00591
500.0	0.00529
500.2	0.00464
500.4	0.00419
500.6	0.00382
500.8	0.00352
501.0	0.00324
501.2	0.00301
501.4	0.00282
501.6	0.00265
501.8	0.00253
502.0	0.00243
502.2	0.00234
502.4	0.00229
502.6	0.00225
502.8	0.00222
503.0	0.00221
503.2	0.00222
503.4	0.00223
503.6	0.00224
503.8	0.00227
504.0	0.00228
504.2	0.00229
504.4	0.00228
504.6	0.00224
504.8	0.00218
505.0	0.00209
505.2	0.00197
505.4	0.00184
505.6	0.0017
505.8	0.00154
506.0	0.00138
506.2	0.00124
506.4	0.0011
506.6	9.9309e-04
506.8	8.9227e-04
507.0	8.02e-04
507.2	7.1758e-04
507.4	6.57e-04
507.6	5.9719e-04
507.8	5.4834e-04
508.0	5.0277e-04
508.2	4.7191e-04
508.4	4.4129e-04
508.6	4.1635e-04
508.8	3.9788e-04
509.0	3.7826e-04
509.2	3.7045e-04
509.4	3.6204e-04
509.6	3.5874e-04
509.8	3.564e-04
510.0	3.597e-04
510.2	3.6618e-04
510.4	3.7714e-04
510.6	3.8858e-04
510.8	4.1011e-04
511.0	4.3439e-04
511.2	4.6579e-04
511.4	5.0129e-04
511.6	5.4431e-04
511.8	5.936e-04
512.0	6.4078e-04
512.2	6.8642e-04
512.4	7.1747e-04
512.6	7.2945e-04
512.8	7.2183e-04
513.0	6.8213e-04
513.2	6.3258e-04
513.4	5.5751e-04
513.6	4.8869e-04
513.8	4.172e-04
514.0	3.5587e-04
514.2	3.003e-04
514.4	2.5341e-04
514.6	2.1652e-04
514.8	1.8506e-04
515.0	1.5999e-04
515.2	1.3854e-04
515.4	1.2271e-04
515.6	1.0939e-04
515.8	9.8703e-05
516.0	8.9573e-05
516.2	8.2198e-05
516.4	7.6041e-05
516.6	7.0528e-05
516.8	6.5601e-05
517.0	6.1645e-05
517.2	5.8902e-05
517.4	5.6563e-05
517.6	5.5001e-05
517.8	5.3655e-05
518.0	5.3089e-05
518.2	5.2598e-05
518.4	5.2852e-05
518.6	5.3107e-05
518.8	5.4504e-05
519.0	5.5949e-05
519.2	5.8496e-05
519.4	6.1298e-05
519.6	6.5987e-05
519.8	7.1529e-05
520.0	7.9069e-05
520.2	8.999e-05
520.4	1.0243e-04
520.6	1.1659e-04
520.8	1.3557e-04
521.0	1.5964e-04
521.2	1.8798e-04
521.4	2.1693e-04
521.6	2.3733e-04
521.8	2.5966e-04
522.0	2.8409e-04
522.2	2.5386e-04
522.4	2.2261e-04
522.6	1.9522e-04
522.8	1.6147e-04
523.0	1.2744e-04
523.2	1.0058e-04
523.4	7.9835e-05
523.6	6.482e-05
523.8	5.2628e-05
524.0	4.273e-05
524.2	3.6405e-05
524.4	3.1292e-05
524.6	2.6897e-05
524.8	2.3425e-05
525.0	2.0689e-05
525.2	1.8272e-05
525.4	1.6203e-05
525.6	1.4763e-05
525.8	1.345e-05
526.0	1.2254e-05
526.2	1.13e-05
526.4	1.0457e-05
526.6	9.6762e-06
526.8	9.1521e-06
527.0	8.922e-06
527.2	8.6977e-06
527.4	8.4817e-06
527.6	8.3078e-06
527.8	8.1375e-06
528.0	7.9707e-06
528.2	7.8714e-06
528.4	7.7993e-06
528.6	7.7278e-06
528.8	7.7126e-06
529.0	7.7993e-06
529.2	7.8869e-06
529.4	7.9756e-06
529.6	8.4135e-06
529.8	8.8755e-06
530.0	9.3629e-06
530.2	1.0628e-05
530.4	1.207e-05
530.6	1.3706e-05
530.8	1.5564e-05
531.0	1.7675e-05
531.2	2.0071e-05
531.4	2.2793e-05
531.6	2.5883e-05
531.8	2.9393e-05
532.0	3.3378e-05
532.2	3.7007e-05
532.4	4.0946e-05
532.6	4.5304e-05
532.8	5.0126e-05
533.0	5.5461e-05
533.2	6.1363e-05
533.4	6.7894e-05
533.6	7.512e-05
533.8	8.3115e-05
534.0	9.1961e-05
534.2	8.0976e-05
534.4	6.8594e-05
534.6	5.8105e-05
534.8	4.922e-05
535.0	4.1694e-05
535.2	3.5318e-05
535.4	2.9918e-05
535.6	2.5343e-05
535.8	2.1468e-05
536.0	1.8185e-05
536.2	1.6422e-05
536.4	1.5083e-05
536.6	1.3854e-05
536.8	1.2725e-05
537.0	1.1688e-05
537.2	1.0735e-05
537.4	9.8602e-06
537.6	9.0566e-06
537.8	8.3185e-06
538.0	7.6405e-06
538.2	7.3332e-06
538.4	7.1536e-06
538.6	6.9784e-06
538.8	6.8074e-06
539.0	6.6407e-06
539.2	6.478e-06
539.4	6.3194e-06
539.6	6.1646e-06
539.8	6.0136e-06
540.0	5.8663e-06
540.2	7.4149e-06
540.4	8.0184e-06
540.6	8.6709e-06
540.8	9.3766e-06
541.0	1.014e-05
541.2	1.0965e-05
541.4	1.1857e-05
541.6	1.2822e-05
541.8	1.3866e-05
542.0	1.4994e-05
542.2	1.6737e-05
542.4	1.8759e-05
542.6	2.1026e-05
542.8	2.3567e-05
543.0	2.6415e-05
543.2	2.9607e-05
543.4	3.3185e-05
543.6	3.7195e-05
543.8	4.1689e-05
544.0	4.6727e-05
544.2	4.6034e-05
544.4	4.4127e-05
544.6	4.2299e-05
544.8	4.0546e-05
545.0	3.8867e-05
545.2	3.7256e-05
545.4	3.5713e-05
545.6	3.4233e-05
545.8	3.2815e-05
546.0	3.1455e-05
546.2	2.9516e-05
546.4	2.7521e-05
546.6	2.566e-05
546.8	2.3925e-05
547.0	2.2308e-05
547.2	2.0799e-05
547.4	1.9393e-05
547.6	1.8082e-05
547.8	1.6859e-05
548.0	1.572e-05
548.2	1.5634e-05
548.4	1.5944e-05
548.6	1.6261e-05
548.8	1.6583e-05
549.0	1.6913e-05
549.2	1.7248e-05
549.4	1.759e-05
549.6	1.794e-05
549.8	1.8296e-05
550.0	1.8659e-05
550.2	2.209e-05
550.4	2.5208e-05
550.6	2.8295e-05
550.8	3.2072e-05
551.0	3.8078e-05
551.2	4.5208e-05
551.4	5.6106e-05
551.6	7.1239e-05
551.8	9.1688e-05
552.0	1.2743e-04
552.2	1.7709e-04
552.4	2.2578e-04
552.6	2.7394e-04
552.8	3.1675e-04
553.0	2.5743e-04
553.2	2.0921e-04
553.4	1.5529e-04
553.6	1.0864e-04
553.8	7.6526e-05
554.0	5.7571e-05
554.2	4.3312e-05
554.4	3.4335e-05
554.6	2.827e-05
554.8	2.3323e-05
555.0	1.9761e-05
555.2	1.6742e-05
555.4	1.4637e-05
555.6	1.3122e-05
555.8	1.177e-05
556.0	1.0652e-05
556.2	9.6399e-06
556.4	8.8991e-06
556.6	8.3611e-06
556.8	7.8584e-06
557.0	7.5218e-06
557.2	7.1996e-06
557.4	6.9075e-06
557.6	6.6423e-06
557.8	6.3873e-06
558.0	6.3597e-06
558.2	6.3335e-06
558.4	6.3438e-06
558.6	6.3931e-06
558.8	6.4428e-06
559.0	6.4908e-06
559.2	6.539e-06
559.4	6.6769e-06
559.6	6.9243e-06
559.8	7.1809e-06
560.0	7.507e-06
560.2	7.4722e-06
560.4	8.0844e-06
560.6	8.7469e-06
560.8	9.4636e-06
561.0	1.0239e-05
561.2	1.1078e-05
561.4	1.1986e-05
561.6	1.2968e-05
561.8	1.403e-05
562.0	1.518e-05
562.2	1.5336e-05
562.4	1.537e-05
562.6	1.5403e-05
562.8	1.5437e-05
563.0	1.547e-05
563.2	1.5504e-05
563.4	1.5538e-05
563.6	1.5572e-05
563.8	1.5606e-05
564.0	1.564e-05
564.2	1.4536e-05
564.4	1.3324e-05
564.6	1.2213e-05
564.8	1.1195e-05
565.0	1.0261e-05
565.2	9.4058e-06
565.4	8.6215e-06
565.6	7.9027e-06
565.8	7.2438e-06
566.0	6.6398e-06
566.2	6.3299e-06
566.4	6.0939e-06
566.6	5.8668e-06
566.8	5.648e-06
567.0	5.4375e-06
567.2	5.2348e-06
567.4	5.0396e-06
567.6	4.8518e-06
567.8	4.6709e-06
568.0	4.4968e-06
568.2	4.5544e-06
568.4	4.6873e-06
568.6	4.8241e-06
568.8	4.9649e-06
569.0	5.1098e-06
569.2	5.2589e-06
569.4	5.4123e-06
569.6	5.5703e-06
569.8	5.7328e-06
570.0	5.9001e-06
570.2	7.7374e-06
570.4	8.8773e-06
570.6	1.0185e-05
570.8	1.1686e-05
571.0	1.3407e-05
571.2	1.5382e-05
571.4	1.7648e-05
571.6	2.0248e-05
571.8	2.3231e-05
572.0	2.6653e-05
572.2	2.3816e-05
572.4	2.0665e-05
572.6	1.7931e-05
572.8	1.5559e-05
573.0	1.3501e-05
573.2	1.1715e-05
573.4	1.0165e-05
573.6	8.8203e-06
573.8	7.6535e-06
574.0	6.641e-06
574.2	5.5908e-06
574.4	4.6826e-06
574.6	3.9219e-06
574.8	3.2848e-06
575.0	2.7512e-06
575.2	2.3042e-06
575.4	1.9299e-06
575.6	1.6164e-06
575.8	1.3538e-06
576.0	1.1339e-06
576.2	1.0197e-06
576.4	9.3147e-07
576.6	8.5087e-07
576.8	7.7724e-07
577.0	7.0998e-07
577.2	6.4854e-07
577.4	5.9242e-07
577.6	5.4115e-07
577.8	4.9432e-07
578.0	4.5155e-07
578.2	4.2679e-07
578.4	4.0717e-07
578.6	3.8846e-07
578.8	3.7061e-07
579.0	3.5357e-07
579.2	3.3732e-07
579.4	3.2182e-07
579.6	3.0703e-07
579.8	2.9292e-07
580.0	2.7946e-07
580.2	2.4971e-07
580.4	2.4934e-07
580.6	2.4897e-07
580.8	2.486e-07
581.0	2.4823e-07
581.2	2.4786e-07
581.4	2.4749e-07
581.6	2.4713e-07
581.8	2.4676e-07
582.0	2.4639e-07
582.2	2.475e-07
582.4	2.4885e-07
582.6	2.5021e-07
582.8	2.5157e-07
583.0	2.5295e-07
583.2	2.5433e-07
583.4	2.5572e-07
583.6	2.5711e-07
583.8	2.5852e-07
584.0	2.5993e-07
584.2	2.681e-07
584.4	2.7803e-07
584.6	2.8833e-07
584.8	2.9901e-07
585.0	3.1008e-07
585.2	3.2157e-07
585.4	3.3348e-07
585.6	3.4583e-07
585.8	3.5864e-07
586.0	3.7192e-07
586.2	3.9569e-07
586.4	4.2386e-07
586.6	4.5403e-07
586.8	4.8635e-07
587.0	5.2096e-07
587.2	5.5805e-07
587.4	5.9777e-07
587.6	6.4032e-07
587.8	6.859e-07
588.0	7.3472e-07
588.2	8.1431e-07
588.4	9.1203e-07
588.6	1.0215e-06
588.8	1.144e-06
589.0	1.2813e-06
589.2	1.4351e-06
589.4	1.6073e-06
589.6	1.8002e-06
589.8	2.0162e-06
590.0	2.2581e-06
590.2	2.7709e-06
590.4	3.819e-06
590.6	4.146e-06
590.8	4.8476e-06
591.0	5.9097e-06
591.2	8.0637e-06
591.4	1.1654e-05
591.6	1.5175e-05
591.8	2.3475e-05
592.0	3.7119e-05
592.2	6.684e-05
592.4	1.7061e-04
592.6	0.00117
592.8	0.00565
593.0	0.00194
593.2	2.0886e-04
593.4	8.2608e-05
593.6	4.8772e-05
593.8	3.4203e-05
594.0	2.6292e-05
594.2	1.9834e-05
594.4	1.6105e-05
594.6	1.2703e-05
594.8	1.0445e-05
595.0	9.8709e-06
595.2	7.5289e-06
595.4	5.6831e-06
595.6	4.9228e-06
595.8	4.3832e-06
596.0	4.3645e-06
596.2	3.3698e-06
596.4	3.3319e-06
596.6	3.5887e-06
596.8	3.6422e-06
597.0	2.8148e-06
597.2	2.8795e-06
597.4	2.699e-06
597.6	2.5466e-06
597.8	2.8405e-06
598.0	2.2311e-06
598.2	2.3029e-06
598.4	2.4196e-06
598.6	2.2314e-06
598.8	2.4893e-06
599.0	2.5057e-06
599.2	2.3236e-06
599.4	2.2637e-06
599.6	2.7749e-06
599.8	2.3989e-06
600.0	2.7689e-06
600.2	2.8604e-06
600.4	2.9479e-06
600.6	3.0367e-06
600.8	3.1098e-06
601.0	3.1784e-06
601.2	3.2492e-06
601.4	3.3221e-06
601.6	3.5411e-06
601.8	3.8952e-06
602.0	4.2376e-06
602.2	4.5554e-06
602.4	4.8262e-06
602.6	4.9978e-06
602.8	5.2961e-06
603.0	5.9148e-06
603.2	6.534e-06
603.4	6.936e-06
603.6	7.4002e-06
603.8	8.1812e-06
604.0	9.0493e-06
604.2	1.0133e-05
604.4	1.1347e-05
604.6	1.2722e-05
604.8	1.4266e-05
605.0	1.6198e-05
605.2	1.8427e-05
605.4	2.1173e-05
605.6	2.4397e-05
605.8	2.8606e-05
606.0	3.3805e-05
606.2	4.0007e-05
606.4	4.7391e-05
606.6	5.7322e-05
606.8	7.0711e-05
607.0	8.7968e-05
607.2	1.1067e-04
607.4	1.3975e-04
607.6	1.7771e-04
607.8	2.2554e-04
608.0	2.8461e-04
608.2	3.5503e-04
608.4	4.1859e-04
608.6	4.8776e-04
608.8	5.0096e-04
609.0	5.1452e-04
609.2	4.7806e-04
609.4	4.4419e-04
609.6	3.9838e-04
609.8	3.5605e-04
610.0	3.2715e-04
610.2	2.9628e-04
610.4	2.6994e-04
610.6	2.4958e-04
610.8	2.3172e-04
611.0	2.1871e-04
611.2	2.0986e-04
611.4	2.01e-04
611.6	1.9492e-04
611.8	1.9292e-04
612.0	1.9266e-04
612.2	1.9303e-04
612.4	1.9495e-04
612.6	2.0254e-04
612.8	2.1105e-04
613.0	2.202e-04
613.2	2.3117e-04
613.4	2.4784e-04
613.6	2.6776e-04
613.8	2.9151e-04
614.0	3.2048e-04
614.2	3.558e-04
614.4	3.9733e-04
614.6	4.484e-04
614.8	5.1096e-04
615.0	5.8477e-04
615.2	6.7005e-04
615.4	7.7052e-04
615.6	8.8486e-04
615.8	9.9429e-04
616.0	0.00109
616.2	0.00116
616.4	0.00119
616.6	0.00114
616.8	0.00107
617.0	9.6909e-04
617.2	8.6192e-04
617.4	7.4834e-04
617.6	6.5047e-04
617.8	5.6864e-04
618.0	4.998e-04
618.2	4.4086e-04
618.4	3.8863e-04
618.6	3.4771e-04
618.8	3.173e-04
619.0	2.9183e-04
619.2	2.679e-04
619.4	2.4558e-04
619.6	2.2875e-04
619.8	2.1651e-04
620.0	2.0169e-04
620.2	1.8874e-04
620.4	1.7918e-04
620.6	1.7434e-04
620.8	1.6691e-04
621.0	1.6432e-04
621.2	1.6364e-04
621.4	1.5954e-04
621.6	1.5722e-04
621.8	1.5832e-04
622.0	1.6031e-04
622.2	1.5747e-04
622.4	1.6403e-04
622.6	1.6536e-04
622.8	1.6859e-04
623.0	1.7152e-04
623.2	1.791e-04
623.4	1.8327e-04
623.6	1.9262e-04
623.8	2.0006e-04
624.0	2.1005e-04
624.2	2.234e-04
624.4	2.3755e-04
624.6	2.5745e-04
624.8	2.7628e-04
625.0	2.9671e-04
625.2	3.2272e-04
625.4	3.5228e-04
625.6	3.9399e-04
625.8	4.3025e-04
626.0	4.8153e-04
626.2	5.3415e-04
626.4	6.1241e-04
626.6	6.9745e-04
626.8	8.0329e-04
627.0	9.1667e-04
627.2	0.00107
627.4	0.00126
627.6	0.00148
627.8	0.00175
628.0	0.00208
628.2	0.00245
628.4	0.00286
628.6	0.00329
628.8	0.00373
629.0	0.00411
629.2	0.00438
629.4	0.00452
629.6	0.00451
629.8	0.00438
630.0	0.00424
630.2	0.00412
630.4	0.00392
630.6	0.00366
630.8	0.00347
631.0	0.00332
631.2	0.00315
631.4	0.00306
631.6	0.00301
631.8	0.00297
632.0	0.00296
632.2	0.003
632.4	0.00308
632.6	0.0032
632.8	0.00334
633.0	0.00354
633.2	0.00379
633.4	0.00411
633.6	0.00451
633.8	0.00501
634.0	0.00562
634.2	0.00624
634.4	0.00688
634.6	0.00741
634.8	0.00768
635.0	0.00762
635.2	0.00709
635.4	0.00628
635.6	0.00531
635.8	0.00438
636.0	0.00358
636.2	0.00292
636.4	0.00237
636.6	0.00195
636.8	0.00161
637.0	0.00135
637.2	0.00113
637.4	9.6854e-04
637.6	8.3735e-04
637.8	7.1972e-04
638.0	6.3087e-04
638.2	5.5709e-04
638.4	4.9234e-04
638.6	4.4719e-04
638.8	3.9827e-04
639.0	3.6042e-04
639.2	3.2611e-04
639.4	3.0428e-04
639.6	2.7593e-04
639.8	2.5679e-04
640.0	2.3607e-04
640.2	2.2216e-04
640.4	2.0929e-04
640.6	1.9761e-04
640.8	1.8751e-04
641.0	1.779e-04
641.2	1.6878e-04
641.4	1.6207e-04
641.6	1.5584e-04
641.8	1.5018e-04
642.0	1.4512e-04
642.2	1.4044e-04
642.4	1.3558e-04
642.6	1.3189e-04
642.8	1.3056e-04
643.0	1.2875e-04
643.2	1.2668e-04
643.4	1.2497e-04
643.6	1.2351e-04
643.8	1.2255e-04
644.0	1.2276e-04
644.2	1.2363e-04
644.4	1.2331e-04
644.6	1.2356e-04
644.8	1.2514e-04
645.0	1.2706e-04
645.2	1.2921e-04
645.4	1.3181e-04
645.6	1.345e-04
645.8	1.3733e-04
646.0	1.4132e-04
646.2	1.4605e-04
646.4	1.5148e-04
646.6	1.5735e-04
646.8	1.6395e-04
647.0	1.7223e-04
647.2	1.8172e-04
647.4	1.9126e-04
647.6	2.0198e-04
647.8	2.1486e-04
648.0	2.2867e-04
648.2	2.4344e-04
648.4	2.6232e-04
648.6	2.8309e-04
648.8	3.0638e-04
649.0	3.3429e-04
649.2	3.6628e-04
649.4	4.0515e-04
649.6	4.4998e-04
649.8	5.0384e-04
650.0	5.6161e-04
650.2	6.3566e-04
650.4	7.2748e-04
650.6	8.4212e-04
650.8	9.8399e-04
651.0	0.00115
651.2	0.00138
651.4	0.00164
651.6	0.00202
651.8	0.00245
652.0	0.003
652.2	0.00367
652.4	0.00439
652.6	0.00516
652.8	0.00574
653.0	0.00606
653.2	0.00598
653.4	0.00558
653.6	0.00498
653.8	0.00433
654.0	0.00373
654.2	0.00319
654.4	0.00276
654.6	0.00242
654.8	0.00215
655.0	0.00191
655.2	0.00171
655.4	0.00156
655.6	0.00142
655.8	0.00131
656.0	0.00122
656.2	0.00115
656.4	0.00109
656.6	0.00105
656.8	9.9864e-04
657.0	9.5923e-04
657.2	9.4619e-04
657.4	9.2611e-04
657.6	9.1614e-04
657.8	9.1023e-04
658.0	9.088e-04
658.2	9.044e-04
658.4	9.1938e-04
658.6	9.3243e-04
658.8	9.5301e-04
659.0	9.8032e-04
659.2	0.00102
659.4	0.00105
659.6	0.0011
659.8	0.00116
660.0	0.00121
660.2	0.00129
660.4	0.00138
660.6	0.00149
660.8	0.00161
661.0	0.00177
661.2	0.00195
661.4	0.00215
661.6	0.00239
661.8	0.00267
662.0	0.00297
662.2	0.00333
662.4	0.00371
662.6	0.0041
662.8	0.00446
663.0	0.00474
663.2	0.00491
663.4	0.00495
663.6	0.00484
663.8	0.00457
664.0	0.00417
664.2	0.00377
664.4	0.00336
664.6	0.00295
664.8	0.00261
665.0	0.0023
665.2	0.00202
665.4	0.00178
665.6	0.00159
665.8	0.00142
666.0	0.00129
666.2	0.00116
666.4	0.00107
666.6	9.6548e-04
666.8	8.8652e-04
667.0	8.1989e-04
667.2	7.614e-04
667.4	7.1151e-04
667.6	6.6515e-04
667.8	6.2833e-04
668.0	5.8742e-04
668.2	5.622e-04
668.4	5.3413e-04
668.6	5.1478e-04
668.8	4.9517e-04
669.0	4.7962e-04
669.2	4.6162e-04
669.4	4.5015e-04
669.6	4.3928e-04
669.8	4.3422e-04
670.0	4.2074e-04
670.2	4.0955e-04
670.4	4.0666e-04
670.6	4.0461e-04
670.8	4.0185e-04
671.0	4.0492e-04
671.2	4.0692e-04
671.4	4.1201e-04
671.6	4.1109e-04
671.8	4.1521e-04
672.0	4.2005e-04
672.2	4.2912e-04
672.4	4.3967e-04
672.6	4.5348e-04
672.8	4.6081e-04
673.0	4.7034e-04
673.2	4.883e-04
673.4	5.0634e-04
673.6	5.302e-04
673.8	5.5551e-04
674.0	5.8267e-04
674.2	6.1695e-04
674.4	6.4528e-04
674.6	6.8679e-04
674.8	7.2656e-04
675.0	7.8036e-04
675.2	8.353e-04
675.4	9.0033e-04
675.6	9.6689e-04
675.8	0.00104
676.0	0.00112
676.2	0.00122
676.4	0.00132
676.6	0.00144
676.8	0.00155
677.0	0.00167
677.2	0.00179
677.4	0.0019
677.6	0.00201
677.8	0.00212
678.0	0.00218
678.2	0.00221
678.4	0.00223
678.6	0.00219
678.8	0.00213
679.0	0.00206
679.2	0.00197
679.4	0.00186
679.6	0.00175
679.8	0.00162
680.0	0.0015
680.2	0.00141
680.4	0.00131
680.6	0.00122
680.8	0.00113
681.0	0.00105
681.2	9.8114e-04
681.4	9.1795e-04
681.6	8.6464e-04
681.8	8.1254e-04
682.0	7.6739e-04
682.2	7.278e-04
682.4	6.8915e-04
682.6	6.5583e-04
682.8	6.2594e-04
683.0	6.0254e-04
683.2	5.7875e-04
683.4	5.5483e-04
683.6	5.3809e-04
683.8	5.2086e-04
684.0	5.0736e-04
684.2	4.9336e-04
684.4	4.8371e-04
684.6	4.7291e-04
684.8	4.6416e-04
685.0	4.5659e-04
685.2	4.4893e-04
685.4	4.4426e-04
685.6	4.4171e-04
685.8	4.3698e-04
686.0	4.3666e-04
686.2	4.3466e-04
686.4	4.3606e-04
686.6	4.3683e-04
686.8	4.395e-04
687.0	4.4257e-04
687.2	4.462e-04
687.4	4.5052e-04
687.6	4.5432e-04
687.8	4.6309e-04
688.0	4.7217e-04
688.2	4.815e-04
688.4	4.9098e-04
688.6	5.0318e-04
688.8	5.175e-04
689.0	5.3081e-04
689.2	5.4716e-04
689.4	5.6374e-04
689.6	5.8207e-04
689.8	6.0638e-04
690.0	6.2279e-04
690.2	6.4396e-04
690.4	6.7271e-04
690.6	6.9676e-04
690.8	7.3191e-04
691.0	7.6698e-04
691.2	8.0764e-04
691.4	8.5159e-04
691.6	8.9814e-04
691.8	9.5047e-04
692.0	0.00101
692.2	0.00107
692.4	0.00113
692.6	0.00121
692.8	0.00129
693.0	0.00138
693.2	0.00148
693.4	0.00158
693.6	0.0017
693.8	0.00183
694.0	0.00196
694.2	0.00211
694.4	0.00227
694.6	0.00243
694.8	0.00261
695.0	0.00279
695.2	0.003
695.4	0.00319
695.6	0.00341
695.8	0.00361
696.0	0.00381
696.2	0.00399
696.4	0.0042
696.6	0.00437
696.8	0.00453
697.0	0.00469
697.2	0.0048
697.4	0.0049
697.6	0.00498
697.8	0.00503
698.0	0.00505
698.2	0.00508
698.4	0.00507
698.6	0.00505
698.8	0.00502
699.0	0.00499
699.2	0.00494
699.4	0.0049
699.6	0.00484
699.8	0.00479
700.0	0.00474
700.2	0.0047
700.4	0.00467
700.6	0.0046
700.8	0.00457
701.0	0.00453
701.2	0.00451
701.4	0.00447
701.6	0.00445
701.8	0.00442
702.0	0.0044
702.2	0.00436
702.4	0.00437
702.6	0.00433
702.8	0.00432
703.0	0.0043
703.2	0.00427
703.4	0.00424
703.6	0.00423
703.8	0.00418
704.0	0.00416
704.2	0.00413
704.4	0.00407
704.6	0.00402
704.8	0.00397
705.0	0.0039
705.2	0.00384
705.4	0.00377
705.6	0.00369
705.8	0.00362
706.0	0.00354
706.2	0.00344
706.4	0.00333
706.6	0.00326
706.8	0.00317
707.0	0.00308
707.2	0.00298
707.4	0.00288
707.6	0.0028
707.8	0.00272
708.0	0.00262
708.2	0.00255
708.4	0.00245
708.6	0.00239
708.8	0.00233
709.0	0.00224
709.2	0.00218
709.4	0.00211
709.6	0.00205
709.8	0.002
710.0	0.00191
710.2	0.00184
710.4	0.00179
710.6	0.00175
710.8	0.00172
711.0	0.00168
711.2	0.00165
711.4	0.00162
711.6	0.00159
711.8	0.00157
712.0	0.00155
712.2	0.00153
712.4	0.00151
712.6	0.0015
712.8	0.00149
713.0	0.00148
713.2	0.00148
713.4	0.00146
713.6	0.00146
713.8	0.00147
714.0	0.00147
714.2	0.00147
714.4	0.00148
714.6	0.00148
714.8	0.00149
715.0	0.00151
715.2	0.00152
715.4	0.00154
715.6	0.00155
715.8	0.00158
716.0	0.00161
716.2	0.00163
716.4	0.00164
716.6	0.00168
716.8	0.00172
717.0	0.00175
717.2	0.00178
717.4	0.00183
717.6	0.00187
717.8	0.00192
718.0	0.00196
718.2	0.00201
718.4	0.00206
718.6	0.00211
718.8	0.00217
719.0	0.00222
719.2	0.00227
719.4	0.00233
719.6	0.00238
719.8	0.00245
720.0	0.00252
720.2	0.00258
720.4	0.00264
720.6	0.00269
720.8	0.00273
721.0	0.00276
721.2	0.0028
721.4	0.00283
721.6	0.00286
721.8	0.00289
722.0	0.00289
722.2	0.0029
722.4	0.0029
722.6	0.0029
722.8	0.00288
723.0	0.00288
723.2	0.00285
723.4	0.00282
723.6	0.0028
723.8	0.00275
724.0	0.00271
724.2	0.00268
724.4	0.00262
724.6	0.00259
724.8	0.00254
725.0	0.0025
725.2	0.00245
725.4	0.00241
725.6	0.00237
725.8	0.00232
726.0	0.00228
726.2	0.00224
726.4	0.00221
726.6	0.00216
726.8	0.00213
727.0	0.0021
727.2	0.00208
727.4	0.00203
727.6	0.00202
727.8	0.002
728.0	0.00197
728.2	0.00196
728.4	0.00194
728.6	0.00193
728.8	0.00192
729.0	0.00191
729.2	0.00191
729.4	0.0019
729.6	0.0019
729.8	0.0019
730.0	0.00194
730.2	0.00198
730.4	0.00198
730.6	0.00198
730.8	0.00201
731.0	0.00203
731.2	0.00205
731.4	0.00207
731.6	0.00211
731.8	0.00216
732.0	0.00219
732.2	0.00223
732.4	0.00227
732.6	0.00233
732.8	0.00237
733.0	0.00243
733.2	0.00247
733.4	0.00255
733.6	0.00263
733.8	0.0027
734.0	0.00277
734.2	0.00288
734.4	0.00295
734.6	0.00306
734.8	0.00317
735.0	0.00327
735.2	0.00341
735.4	0.00352
735.6	0.00367
735.8	0.00382
736.0	0.00395
736.2	0.00411
736.4	0.00425
736.6	0.00443
736.8	0.00462
737.0	0.00478
737.2	0.00497
737.4	0.00516
737.6	0.00534
737.8	0.00554
738.0	0.0057
738.2	0.0059
738.4	0.00604
738.6	0.00623
738.8	0.00637
739.0	0.0065
739.2	0.00665
739.4	0.00674
739.6	0.00684
739.8	0.00689
740.0	0.00694
740.2	0.00696
740.4	0.00697
740.6	0.00696
740.8	0.00694
741.0	0.00691
741.2	0.00685
741.4	0.00674
741.6	0.00667
741.8	0.0066
742.0	0.00649
742.2	0.0064
742.4	0.00629
742.6	0.0062
742.8	0.00609
743.0	0.00599
743.2	0.00591
743.4	0.00581
743.6	0.00571
743.8	0.00563
744.0	0.00557
744.2	0.00545
744.4	0.00539
744.6	0.00532
744.8	0.00523
745.0	0.00521
745.2	0.00515
745.4	0.00511
745.6	0.00507
745.8	0.00504
746.0	0.00499
746.2	0.00496
746.4	0.00497
746.6	0.00494
746.8	0.00493
747.0	0.00494
747.2	0.00495
747.4	0.00494
747.6	0.00496
747.8	0.00498
748.0	0.00501
748.2	0.00501
748.4	0.00506
748.6	0.00506
748.8	0.00511
749.0	0.00513
749.2	0.00515
749.4	0.00521
749.6	0.00527
749.8	0.00531
750.0	0.00535
750.2	0.00537
750.4	0.00541
750.6	0.00543
750.8	0.00546
751.0	0.0055
751.2	0.00553
751.4	0.00556
751.6	0.00557
751.8	0.00559
752.0	0.00555
752.2	0.00557
752.4	0.00555
752.6	0.00553
752.8	0.00548
753.0	0.00543
753.2	0.00539
753.4	0.00535
753.6	0.00527
753.8	0.00516
754.0	0.00508
754.2	0.00499
754.4	0.00489
754.6	0.00479
754.8	0.00466
755.0	0.00459
755.2	0.00445
755.4	0.00434
755.6	0.00422
755.8	0.00411
756.0	0.00398
756.2	0.00387
756.4	0.00377
756.6	0.00365
756.8	0.00354
757.0	0.00342
757.2	0.00334
757.4	0.00323
757.6	0.00313
757.8	0.00304
758.0	0.00295
758.2	0.00286
758.4	0.00277
758.6	0.0027
758.8	0.00262
759.0	0.00255
759.2	0.00248
759.4	0.00241
759.6	0.00236
759.8	0.00229
760.0	0.00227
760.2	0.00223
760.4	0.00218
760.6	0.00213
760.8	0.00208
761.0	0.00205
761.2	0.002
761.4	0.00196
761.6	0.00193
761.8	0.00189
762.0	0.00186
762.2	0.00183
762.4	0.0018
762.6	0.00177
762.8	0.00175
763.0	0.00172
763.2	0.0017
763.4	0.00168
763.6	0.00166
763.8	0.00165
764.0	0.00163
764.2	0.00162
764.4	0.0016
764.6	0.00158
764.8	0.00157
765.0	0.00157
765.2	0.00155
765.4	0.00154
765.6	0.00154
765.8	0.00154
766.0	0.00153
766.2	0.00153
766.4	0.00152
766.6	0.00152
766.8	0.00152
767.0	0.00153
767.2	0.00154
767.4	0.00153
767.6	0.00154
767.8	0.00154
768.0	0.00155
768.2	0.00156
768.4	0.00157
768.6	0.00157
768.8	0.00158
769.0	0.00159
769.2	0.0016
769.4	0.00162
769.6	0.00164
769.8	0.00165
770.0	0.00162
770.2	0.0016
770.4	0.00161
770.6	0.00163
770.8	0.00165
771.0	0.00168
771.2	0.00169
771.4	0.00171
771.6	0.00174
771.8	0.00177
772.0	0.00179
772.2	0.00182
772.4	0.00185
772.6	0.00188
772.8	0.00191
773.0	0.00193
773.2	0.00198
773.4	0.00201
773.6	0.00206
773.8	0.00209
774.0	0.00213
774.2	0.00217
774.4	0.00221
774.6	0.00225
774.8	0.00229
775.0	0.00234
775.2	0.00237
775.4	0.00243
775.6	0.00247
775.8	0.00253
776.0	0.00258
776.2	0.00264
776.4	0.00268
776.6	0.00274
776.8	0.00279
777.0	0.00284
777.2	0.0029
777.4	0.00296
777.6	0.00299
777.8	0.00306
778.0	0.00311
778.2	0.00317
778.4	0.00322
778.6	0.00327
778.8	0.00332
779.0	0.00336
779.2	0.00342
779.4	0.00344
779.6	0.0035
779.8	0.00355
780.0	0.00358
780.2	0.00361
780.4	0.00364
780.6	0.00367
780.8	0.00371
781.0	0.00372
781.2	0.00373
781.4	0.00376
781.6	0.00377
781.8	0.00378
782.0	0.00377
782.2	0.00379
782.4	0.00379
782.6	0.00378
782.8	0.00377
783.0	0.00376
783.2	0.00376
783.4	0.00373
783.6	0.00373
783.8	0.0037
784.0	0.00368
784.2	0.00365
784.4	0.00363
784.6	0.0036
784.8	0.00358
785.0	0.00365
785.2	0.00362
785.4	0.0035
785.6	0.00346
785.8	0.00343
786.0	0.00357
786.2	0.00344
786.4	0.00334
786.6	0.00331
786.8	0.00329
787.0	0.00338
787.2	0.00327
787.4	0.0032
787.6	0.00318
787.8	0.00319
788.0	0.00324
788.2	0.00312
788.4	0.00309
788.6	0.00306
788.8	0.00319
789.0	0.0031
789.2	0.003
789.4	0.003
789.6	0.00299
789.8	0.0031
790.0	0.00296
790.2	0.0031
790.4	0.00309
790.6	0.00307
790.8	0.00308
791.0	0.00307
791.2	0.00307
791.4	0.00307
791.6	0.00307
791.8	0.00307
792.0	0.00308
792.2	0.00309
792.4	0.00309
792.6	0.0031
792.8	0.00311
793.0	0.00313
793.2	0.00315
793.4	0.00317
793.6	0.00318
793.8	0.00319
794.0	0.00321
794.2	0.00324
794.4	0.00327
794.6	0.0033
794.8	0.00333
795.0	0.00333
795.2	0.00333
795.4	0.00333
795.6	0.00332
795.8	0.00333
796.0	0.00338
796.2	0.00341
796.4	0.00344
796.6	0.00349
796.8	0.00352
797.0	0.00358
797.2	0.00361
797.4	0.00366
797.6	0.00371
797.8	0.00374
798.0	0.00379
798.2	0.00384
798.4	0.00388
798.6	0.00394
798.8	0.00399
799.0	0.00401
799.2	0.00407
799.4	0.0041
799.6	0.00413
799.8	0.0042
800.0	0.00424
800.2	0.00426
800.4	0.00432
800.6	0.00435
800.8	0.00437
801.0	0.00441
801.2	0.00446
801.4	0.00446
801.6	0.00449
801.8	0.00452
802.0	0.00454
802.2	0.00455
802.4	0.00457
802.6	0.00459
802.8	0.00458
803.0	0.00459
803.2	0.0046
803.4	0.00459
803.6	0.00459
803.8	0.00458
804.0	0.00459
804.2	0.00457
804.4	0.00456
804.6	0.00453
804.8	0.00453
805.0	0.00452
805.2	0.00449
805.4	0.00447
805.6	0.00445
805.8	0.00442
806.0	0.00441
806.2	0.00439
806.4	0.00436
806.6	0.00435
806.8	0.00433
807.0	0.00429
807.2	0.00429
807.4	0.00427
807.6	0.00425
807.8	0.00424
808.0	0.00422
808.2	0.0042
808.4	0.00418
808.6	0.00417
808.8	0.00417
809.0	0.00416
809.2	0.00414
809.4	0.00414
809.6	0.00414
809.8	0.00415
810.0	0.00415
810.2	0.00414
810.4	0.00414
810.6	0.00415
810.8	0.00416
811.0	0.00417
811.2	0.00417
811.4	0.0042
811.6	0.00422
811.8	0.00423
812.0	0.00425
812.2	0.00427
812.4	0.0043
812.6	0.00432
812.8	0.00435
813.0	0.00439
813.2	0.0044
813.4	0.00446
813.6	0.00449
813.8	0.00452
814.0	0.00457
814.2	0.00459
814.4	0.00464
814.6	0.00467
814.8	0.0047
815.0	0.00474
815.2	0.00477
815.4	0.00479
815.6	0.00482
815.8	0.00487
816.0	0.00487
816.2	0.00492
816.4	0.00492
816.6	0.00495
816.8	0.00495
817.0	0.00494
817.2	0.00494
817.4	0.00493
817.6	0.00491
817.8	0.00488
818.0	0.00486
818.2	0.00482
818.4	0.00479
818.6	0.00472
818.8	0.00465
819.0	0.00458
819.2	0.00452
819.4	0.00442
819.6	0.00434
819.8	0.00426
820.0	0.00416
820.2	0.00405
820.4	0.00395
820.6	0.00385
820.8	0.00375
821.0	0.00364
821.2	0.00353
821.4	0.00342
821.6	0.00331
821.8	0.00321
822.0	0.0031
822.2	0.003
822.4	0.00291
822.6	0.00281
822.8	0.00272
823.0	0.00263
823.2	0.00254
823.4	0.00246
823.6	0.00238
823.8	0.00229
824.0	0.00222
824.2	0.00215
824.4	0.00208
824.6	0.00201
824.8	0.00194
825.0	0.00188
825.2	0.00185
825.4	0.00182
825.6	0.00179
825.8	0.00175
826.0	0.00169
826.2	0.00165
826.4	0.0016
826.6	0.00156
826.8	0.00152
827.0	0.00148
827.2	0.00145
827.4	0.00141
827.6	0.00138
827.8	0.00134
828.0	0.00131
828.2	0.00128
828.4	0.00126
828.6	0.00123
828.8	0.0012
829.0	0.00118
829.2	0.00116
829.4	0.00114
829.6	0.00112
829.8	0.0011
830.0	0.00108
830.2	0.00107
830.4	0.00105
830.6	0.00104
830.8	0.00102
831.0	0.00101
831.2	9.9773e-04
831.4	9.8736e-04
831.6	9.8401e-04
831.8	9.7296e-04
832.0	9.609e-04
832.2	9.5279e-04
832.4	9.4899e-04
832.6	9.4046e-04
832.8	9.3356e-04
833.0	9.3088e-04
833.2	9.2441e-04
833.4	9.242e-04
833.6	9.2123e-04
833.8	9.1877e-04
834.0	9.1969e-04
834.2	9.1764e-04
834.4	9.1851e-04
834.6	9.2263e-04
834.8	9.2122e-04
835.0	9.2373e-04
835.2	9.1289e-04
835.4	9.0218e-04
835.6	8.9159e-04
835.8	8.9325e-04
836.0	8.9305e-04
836.2	8.9827e-04
836.4	9.0428e-04
836.6	9.1091e-04
836.8	9.232e-04
837.0	9.3346e-04
837.2	9.3668e-04
837.4	9.3974e-04
837.6	9.5745e-04
837.8	9.6809e-04
838.0	9.8169e-04
838.2	9.9647e-04
838.4	0.001
838.6	0.00102
838.8	0.00104
839.0	0.00106
839.2	0.00107
839.4	0.00109
839.6	0.00111
839.8	0.00112
840.0	0.00115
840.2	0.00118
840.4	0.00119
840.6	0.00122
840.8	0.00125
841.0	0.00128
841.2	0.0013
841.4	0.00133
841.6	0.00137
841.8	0.0014
842.0	0.00144
842.2	0.00147
842.4	0.0015
842.6	0.00155
842.8	0.00158
843.0	0.00163
843.2	0.00166
843.4	0.00172
843.6	0.00176
843.8	0.00181
844.0	0.00186
844.2	0.00191
844.4	0.00196
844.6	0.00202
844.8	0.00206
845.0	0.00212
845.2	0.00217
845.4	0.00222
845.6	0.00228
845.8	0.00235
846.0	0.0024
846.2	0.00246
846.4	0.00252
846.6	0.00257
846.8	0.00262
847.0	0.00268
847.2	0.00273
847.4	0.00277
847.6	0.00282
847.8	0.00286
848.0	0.00289
848.2	0.00295
848.4	0.00298
848.6	0.003
848.8	0.00303
849.0	0.00304
849.2	0.00306
849.4	0.00305
849.6	0.00307
849.8	0.00307
850.0	0.00307
850.2	0.00306
850.4	0.00306
850.6	0.00305
850.8	0.00303
851.0	0.00301
851.2	0.00299
851.4	0.00295
851.6	0.00294
851.8	0.0029
852.0	0.00287
852.2	0.00284
852.4	0.00281
852.6	0.00278
852.8	0.00275
853.0	0.00272
853.2	0.00268
853.4	0.00264
853.6	0.00262
853.8	0.00259
854.0	0.00256
854.2	0.00252
854.4	0.00249
854.6	0.00246
854.8	0.00244
855.0	0.00241
855.2	0.00239
855.4	0.00237
855.6	0.00235
855.8	0.00234
856.0	0.00231
856.2	0.0023
856.4	0.00228
856.6	0.00226
856.8	0.00225
857.0	0.00223
857.2	0.00223
857.4	0.00221
857.6	0.00221
857.8	0.00221
858.0	0.0022
858.2	0.0022
858.4	0.00219
858.6	0.0022
858.8	0.00219
859.0	0.0022
859.2	0.00222
859.4	0.00221
859.6	0.00222
859.8	0.00224
860.0	0.00224
860.2	0.00226
860.4	0.00227
860.6	0.0023
860.8	0.00231
861.0	0.00232
861.2	0.00234
861.4	0.00236
861.6	0.0024
861.8	0.00242
862.0	0.00245
862.2	0.00248
862.4	0.0025
862.6	0.00254
862.8	0.00257
863.0	0.00261
863.2	0.00265
863.4	0.00269
863.6	0.00272
863.8	0.00276
864.0	0.00281
864.2	0.00285
864.4	0.00289
864.6	0.00294
864.8	0.00299
865.0	0.00304
865.2	0.00309
865.4	0.00314
865.6	0.00319
865.8	0.00323
866.0	0.00326
866.2	0.00331
866.4	0.00336
866.6	0.00339
866.8	0.00344
867.0	0.00346
867.2	0.00349
867.4	0.00352
867.6	0.00354
867.8	0.00357
868.0	0.00357
868.2	0.00357
868.4	0.00356
868.6	0.00355
868.8	0.00356
869.0	0.00353
869.2	0.00351
869.4	0.00348
869.6	0.00344
869.8	0.00341
870.0	0.00336
870.2	0.0033
870.4	0.00324
870.6	0.00319
870.8	0.00313
871.0	0.00306
871.2	0.00299
871.4	0.00293
871.6	0.00285
871.8	0.00278
872.0	0.00271
872.2	0.00265
872.4	0.00258
872.6	0.00249
872.8	0.00242
873.0	0.00236
873.2	0.0023
873.4	0.00223
873.6	0.00216
873.8	0.00209
874.0	0.00204
874.2	0.00198
874.4	0.00192
874.6	0.00187
874.8	0.00182
875.0	0.00176
875.2	0.00173
875.4	0.0017
875.6	0.00167
875.8	0.00164
876.0	0.0016
876.2	0.00156
876.4	0.00152
876.6	0.00148
876.8	0.00144
877.0	0.00141
877.2	0.00138
877.4	0.00135
877.6	0.00132
877.8	0.00129
878.0	0.00126
878.2	0.00123
878.4	0.00122
878.6	0.00119
878.8	0.00116
879.0	0.00115
879.2	0.00112
879.4	0.0011
879.6	0.00109
879.8	0.00107
880.0	0.00105
880.2	0.00104
880.4	0.00102
880.6	0.00101
880.8	0.00101
881.0	9.8549e-04
881.2	9.7734e-04
881.4	9.6949e-04
881.6	9.5607e-04
881.8	9.4419e-04
882.0	9.402e-04
882.2	9.3024e-04
882.4	9.2456e-04
882.6	9.1782e-04
882.8	9.0911e-04
883.0	9.0398e-04
883.2	9.0412e-04
883.4	8.9946e-04
883.6	8.9293e-04
883.8	8.8975e-04
884.0	8.8968e-04
884.2	8.8366e-04
884.4	8.8482e-04
884.6	8.8646e-04
884.8	8.8465e-04
885.0	8.7937e-04
885.2	8.6887e-04
885.4	8.5849e-04
885.6	8.4824e-04
885.8	8.4341e-04
886.0	8.4206e-04
886.2	8.4767e-04
886.4	8.4965e-04
886.6	8.541e-04
886.8	8.6131e-04
887.0	8.6464e-04
887.2	8.6902e-04
887.4	8.7593e-04
887.6	8.7957e-04
887.8	8.8678e-04
888.0	8.9565e-04
888.2	9.0438e-04
888.4	9.159e-04
888.6	9.2274e-04
888.8	9.3367e-04
889.0	9.4406e-04
889.2	9.5461e-04
889.4	9.6608e-04
889.6	9.7746e-04
889.8	9.8978e-04
890.0	0.001
890.2	0.00102
890.4	0.00104
890.6	0.00106
890.8	0.00107
891.0	0.00109
891.2	0.00111
891.4	0.00113
891.6	0.00115
891.8	0.00117
892.0	0.00118
892.2	0.00121
892.4	0.00124
892.6	0.00127
892.8	0.00129
893.0	0.00132
893.2	0.00136
893.4	0.00139
893.6	0.00141
893.8	0.00146
894.0	0.00149
894.2	0.00152
894.4	0.00156
894.6	0.0016
894.8	0.00165
895.0	0.00169
895.2	0.00174
895.4	0.00179
895.6	0.00184
895.8	0.00191
896.0	0.00196
896.2	0.00202
896.4	0.00207
896.6	0.00213
896.8	0.0022
897.0	0.00225
897.2	0.00233
897.4	0.00239
897.6	0.00246
897.8	0.00254
898.0	0.0026
898.2	0.00268
898.4	0.00276
898.6	0.00284
898.8	0.00291
899.0	0.003
899.2	0.00308
899.4	0.00315
899.6	0.00324
899.8	0.00332
900.0	0.0034
900.2	0.00349
900.4	0.00355
900.6	0.00363
900.8	0.00371
901.0	0.00379
901.2	0.00384
901.4	0.00392
901.6	0.00398
901.8	0.00402
902.0	0.00408
902.2	0.00414
902.4	0.00419
902.6	0.00421
902.8	0.00426
903.0	0.00427
903.2	0.00429
903.4	0.0043
903.6	0.00432
903.8	0.00434
904.0	0.00433
904.2	0.00433
904.4	0.00432
904.6	0.00431
904.8	0.00428
905.0	0.00426
905.2	0.00423
905.4	0.0042
905.6	0.00417
905.8	0.00413
906.0	0.0041
906.2	0.00408
906.4	0.00402
906.6	0.00398
906.8	0.00393
907.0	0.0039
907.2	0.00385
907.4	0.0038
907.6	0.00376
907.8	0.0037
908.0	0.00367
908.2	0.00363
908.4	0.00359
908.6	0.00355
908.8	0.00349
909.0	0.00346
909.2	0.00341
909.4	0.00337
909.6	0.00333
909.8	0.0033
910.0	0.00326
910.2	0.00321
910.4	0.00318
910.6	0.00316
910.8	0.00311
911.0	0.00307
911.2	0.00306
911.4	0.00301
911.6	0.00298
911.8	0.00295
912.0	0.00295
912.2	0.00291
912.4	0.00288
912.6	0.00286
912.8	0.00284
913.0	0.00282
913.2	0.00279
913.4	0.00275
913.6	0.00273
913.8	0.00271
914.0	0.00269
914.2	0.00268
914.4	0.00266
914.6	0.00265
914.8	0.00263
915.0	0.00261
915.2	0.00259
915.4	0.00257
915.6	0.00254
915.8	0.00253
916.0	0.00251
916.2	0.0025
916.4	0.00248
916.6	0.00247
916.8	0.00245
917.0	0.00244
917.2	0.00242
917.4	0.00241
917.6	0.00239
917.8	0.00237
918.0	0.00236
918.2	0.00235
918.4	0.00233
918.6	0.00232
918.8	0.00231
919.0	0.00229
919.2	0.00227
919.4	0.00225
919.6	0.00223
919.8	0.00222
920.0	0.0022
920.2	0.0022
920.4	0.00217
920.6	0.00214
920.8	0.00213
921.0	0.00211
921.2	0.00209
921.4	0.00208
921.6	0.00206
921.8	0.00203
922.0	0.00203
922.2	0.002
922.4	0.00197
922.6	0.00196
922.8	0.00194
923.0	0.00192
923.2	0.0019
923.4	0.00188
923.6	0.00187
923.8	0.00184
924.0	0.00182
924.2	0.00181
924.4	0.00178
924.6	0.00176
924.8	0.00174
925.0	0.00173
925.2	0.0017
925.4	0.00167
925.6	0.00165
925.8	0.00163
926.0	0.00161
926.2	0.00159
926.4	0.00157
926.6	0.00156
926.8	0.00154
927.0	0.00153
927.2	0.00151
927.4	0.00148
927.6	0.00147
927.8	0.00145
928.0	0.00144
928.2	0.00143
928.4	0.00141
928.6	0.00139
928.8	0.00137
929.0	0.00136
929.2	0.00134
929.4	0.00134
929.6	0.00132
929.8	0.00131
930.0	0.0013
930.2	0.00128
930.4	0.00128
930.6	0.00127
930.8	0.00125
931.0	0.00124
931.2	0.00123
931.4	0.00122
931.6	0.00121
931.8	0.0012
932.0	0.00119
932.2	0.00118
932.4	0.00118
932.6	0.00117
932.8	0.00116
933.0	0.00115
933.2	0.00115
933.4	0.00114
933.6	0.00114
933.8	0.00113
934.0	0.00113
934.2	0.00112
934.4	0.00111
934.6	0.00111
934.8	0.00111
935.0	0.00111
935.2	0.00112
935.4	0.00113
935.6	0.00115
935.8	0.00116
936.0	0.00115
936.2	0.00115
936.4	0.00115
936.6	0.00115
936.8	0.00115
937.0	0.00115
937.2	0.00115
937.4	0.00116
937.6	0.00115
937.8	0.00116
938.0	0.00116
938.2	0.00116
938.4	0.00117
938.6	0.00117
938.8	0.00117
939.0	0.00118
939.2	0.00118
939.4	0.00119
939.6	0.0012
939.8	0.0012
940.0	0.00121
940.2	0.00121
940.4	0.00122
940.6	0.00123
940.8	0.00124
941.0	0.00125
941.2	0.00126
941.4	0.00127
941.6	0.00128
941.8	0.00129
942.0	0.0013
942.2	0.00131
942.4	0.00133
942.6	0.00134
942.8	0.00134
943.0	0.00137
943.2	0.00139
943.4	0.00141
943.6	0.00142
943.8	0.00144
944.0	0.00146
944.2	0.00148
944.4	0.0015
944.6	0.00152
944.8	0.00154
945.0	0.00156
945.2	0.00157
945.4	0.00158
945.6	0.0016
945.8	0.00162
946.0	0.00165
946.2	0.00167
946.4	0.0017
946.6	0.00174
946.8	0.00177
947.0	0.00179
947.2	0.00183
947.4	0.00186
947.6	0.00189
947.8	0.00194
948.0	0.00197
948.2	0.00202
948.4	0.00206
948.6	0.00209
948.8	0.00214
949.0	0.00218
949.2	0.00223
949.4	0.00227
949.6	0.00232
949.8	0.00236
950.0	0.00244
950.2	0.00248
950.4	0.00253
950.6	0.0026
950.8	0.00266
951.0	0.00269
951.2	0.00277
951.4	0.00282
951.6	0.00288
951.8	0.00296
952.0	0.00301
952.2	0.00309
952.4	0.00317
952.6	0.00321
952.8	0.00328
953.0	0.00335
953.2	0.00341
953.4	0.0035
953.6	0.00358
953.8	0.00363
954.0	0.0037
954.2	0.0038
954.4	0.00385
954.6	0.00389
954.8	0.00398
955.0	0.00403
955.2	0.00409
955.4	0.00416
955.6	0.00423
955.8	0.00432
956.0	0.00436
956.2	0.00444
956.4	0.00445
956.6	0.00449
956.8	0.00454
957.0	0.0046
957.2	0.00465
957.4	0.00468
957.6	0.00471
957.8	0.00473
958.0	0.00475
958.2	0.00477
958.4	0.00477
958.6	0.00479
958.8	0.0048
959.0	0.0048
959.2	0.0048
959.4	0.0048
959.6	0.00479
959.8	0.00477
960.0	0.00477
960.2	0.00478
960.4	0.00475
960.6	0.00472
960.8	0.0047
961.0	0.00467
961.2	0.00463
961.4	0.0046
961.6	0.00459
961.8	0.00456
962.0	0.00452
962.2	0.00448
962.4	0.00445
962.6	0.00441
962.8	0.00439
963.0	0.00433
963.2	0.00432
963.4	0.00428
963.6	0.00424
963.8	0.00419
964.0	0.00415
964.2	0.00413
964.4	0.00407
964.6	0.00406
964.8	0.00402
965.0	0.004
965.2	0.00395
965.4	0.00389
965.6	0.00384
965.8	0.0038
966.0	0.00377
966.2	0.00375
966.4	0.00372
966.6	0.00369
966.8	0.00367
967.0	0.00363
967.2	0.00362
967.4	0.00361
967.6	0.00357
967.8	0.00356
968.0	0.00354
968.2	0.00352
968.4	0.0035
968.6	0.00349
968.8	0.00346
969.0	0.00346
969.2	0.00344
969.4	0.00342
969.6	0.00342
969.8	0.00342
970.0	0.0034
970.2	0.00341
970.4	0.00339
970.6	0.00339
970.8	0.00339
971.0	0.00339
971.2	0.00337
971.4	0.00337
971.6	0.00339
971.8	0.00337
972.0	0.00336
972.2	0.00338
972.4	0.00339
972.6	0.00338
972.8	0.00339
973.0	0.00339
973.2	0.0034
973.4	0.00341
973.6	0.00342
973.8	0.00342
974.0	0.00342
974.2	0.00344
974.4	0.00346
974.6	0.00346
974.8	0.00348
975.0	0.00348
975.2	0.00349
975.4	0.0035
975.6	0.00351
975.8	0.00354
976.0	0.00356
976.2	0.00356
976.4	0.00359
976.6	0.00361
976.8	0.00364
977.0	0.00366
977.2	0.00367
977.4	0.00368
977.6	0.00371
977.8	0.00374
978.0	0.00375
978.2	0.00377
978.4	0.00379
978.6	0.00381
978.8	0.00384
979.0	0.00386
979.2	0.00389
979.4	0.00389
979.6	0.00391
979.8	0.00395
980.0	0.00396
980.2	0.00401
980.4	0.004
980.6	0.00401
980.8	0.00405
981.0	0.0041
981.2	0.0041
981.4	0.0041
981.6	0.00412
981.8	0.00415
982.0	0.00418
982.2	0.00418
982.4	0.00417
982.6	0.00421
982.8	0.00422
983.0	0.00423
983.2	0.00425
983.4	0.00427
983.6	0.00427
983.8	0.00426
984.0	0.00432
984.2	0.0043
984.4	0.00429
984.6	0.00429
984.8	0.00433
985.0	0.00432
985.2	0.00433
985.4	0.00433
985.6	0.00433
985.8	0.00428
986.0	0.00428
986.2	0.00431
986.4	0.00428
986.6	0.00427
986.8	0.00428
987.0	0.00427
987.2	0.00427
987.4	0.00423
987.6	0.00421
987.8	0.00421
988.0	0.00421
988.2	0.00419
988.4	0.00416
988.6	0.00416
988.8	0.00414
989.0	0.00413
989.2	0.00408
989.4	0.00407
989.6	0.00407
989.8	0.00406
990.0	0.00401
990.2	0.004
990.4	0.00398
990.6	0.00396
990.8	0.00395
991.0	0.00392
991.2	0.00389
991.4	0.00388
991.6	0.00385
991.8	0.00383
992.0	0.0038
992.2	0.00379
992.4	0.00376
992.6	0.00374
992.8	0.00373
993.0	0.00369
993.2	0.00368
993.4	0.00365
993.6	0.00363
993.8	0.00362
994.0	0.00359
994.2	0.00357
994.4	0.00356
994.6	0.00354
994.8	0.00354
995.0	0.00352
995.2	0.00354
995.4	0.00357
995.6	0.00359
995.8	0.00361
996.0	0.0036
996.2	0.00359
996.4	0.00356
996.6	0.00355
996.8	0.00355
997.0	0.00352
997.2	0.0035
997.4	0.00351
997.6	0.00349
997.8	0.00349
998.0	0.00348
998.2	0.00348
998.4	0.00346
998.6	0.00346
998.8	0.00345
999.0	0.00346
999.2	0.00344
999.4	0.00345
999.6	0.00344
999.8	0.00345
1000.0	0.00343
1000.2	0.00345
1000.4	0.00344
1000.6	0.00344
1000.8	0.00345
1001.0	0.00345
1001.2	0.00346
1001.4	0.00345
1001.6	0.00347
1001.8	0.00347
1002.0	0.00347
1002.2	0.00348
1002.4	0.00349
1002.6	0.00351
1002.8	0.00353
1003.0	0.00355
1003.2	0.00356
1003.4	0.00358
1003.6	0.00359
1003.8	0.0036
1004.0	0.00362
1004.2	0.00363
1004.4	0.00365
1004.6	0.00368
1004.8	0.00371
1005.0	0.00372
1005.2	0.00372
1005.4	0.00373
1005.6	0.00376
1005.8	0.00376
1006.0	0.00381
1006.2	0.00383
1006.4	0.00387
1006.6	0.00389
1006.8	0.00393
1007.0	0.00398
1007.2	0.00402
1007.4	0.00404
1007.6	0.00411
1007.8	0.00414
1008.0	0.00418
1008.2	0.00423
1008.4	0.00434
1008.6	0.00435
1008.8	0.00439
1009.0	0.00446
1009.2	0.00449
1009.4	0.00459
1009.6	0.00464
1009.8	0.0047
1010.0	0.00478
1010.2	0.00482
1010.4	0.00491
1010.6	0.00499
1010.8	0.00503
1011.0	0.0051
1011.2	0.00523
1011.4	0.00531
1011.6	0.00539
1011.8	0.0055
1012.0	0.00559
1012.2	0.00565
1012.4	0.00579
1012.6	0.00587
1012.8	0.00603
1013.0	0.0061
1013.2	0.00622
1013.4	0.00638
1013.6	0.00651
1013.8	0.00665
1014.0	0.00676
1014.2	0.00691
1014.4	0.00708
1014.6	0.00723
1014.8	0.00742
1015.0	0.00763
1015.2	0.00775
1015.4	0.00792
1015.6	0.00817
1015.8	0.00837
1016.0	0.00861
1016.2	0.00882
1016.4	0.00907
1016.6	0.00923
1016.8	0.00957
1017.0	0.00983
1017.2	0.01009
1017.4	0.01041
1017.6	0.01075
1017.8	0.01101
1018.0	0.01136
1018.2	0.01169
1018.4	0.01212
1018.6	0.01249
1018.8	0.01279
1019.0	0.01328
1019.2	0.01382
1019.4	0.01421
1019.6	0.01478
1019.8	0.01526
1020.0	0.01578
1020.2	0.01639
1020.4	0.01706
1020.6	0.0177
1020.8	0.01842
1021.0	0.01909
1021.2	0.01984
1021.4	0.02062
1021.6	0.02154
1021.8	0.02252
1022.0	0.02352
1022.2	0.02449
1022.4	0.02564
1022.6	0.02682
1022.8	0.02812
1023.0	0.02947
1023.2	0.03097
1023.4	0.03241
1023.6	0.03399
1023.8	0.03577
1024.0	0.03763
1024.2	0.03962
1024.4	0.04207
1024.6	0.04419
1024.8	0.04658
1025.0	0.04798
1025.2	0.04924
1025.4	0.0522
1025.6	0.05521
1025.8	0.05866
1026.0	0.0625
1026.2	0.06677
1026.4	0.07105
1026.6	0.07588
1026.8	0.081
1027.0	0.08666
1027.2	0.09323
1027.4	0.10025
1027.6	0.10792
1027.8	0.1163
1028.0	0.12571
1028.2	0.13574
1028.4	0.14689
1028.6	0.15974
1028.8	0.17398
1029.0	0.18931
1029.2	0.20671
1029.4	0.22569
1029.6	0.24619
1029.8	0.27019
1030.0	0.29682
1030.2	0.32604
1030.4	0.35841
1030.6	0.39463
1030.8	0.43258
1031.0	0.4745
1031.2	0.52002
1031.4	0.56833
1031.6	0.6191
1031.8	0.66977
1032.0	0.7202
1032.2	0.76809
1032.4	0.81194
1032.6	0.84919
1032.8	0.87783
1033.0	0.89625
1033.2	0.90551
1033.4	0.90368
1033.6	0.89208
1033.8	0.87099
1034.0	0.84364
1034.2	0.81159
1034.4	0.77516
1034.6	0.73809
1034.8	0.70075
1035.0	0.66279
1035.2	0.62627
1035.4	0.59213
1035.6	0.55828
1035.8	0.52772
1036.0	0.49858
1036.2	0.47135
1036.4	0.44682
1036.6	0.42451
1036.8	0.40346
1037.0	0.38378
1037.2	0.36632
1037.4	0.3503
1037.6	0.33488
1037.8	0.32143
1038.0	0.30846
1038.2	0.29732
1038.4	0.2858
1038.6	0.27644
1038.8	0.26712
1039.0	0.25903
1039.2	0.25116
1039.4	0.24432
1039.6	0.23723
1039.8	0.23161
1040.0	0.22592
1040.2	0.22055
1040.4	0.21577
1040.6	0.21174
1040.8	0.20765
1041.0	0.20425
1041.2	0.20061
1041.4	0.19728
1041.6	0.1948
1041.8	0.19194
1042.0	0.18973
1042.2	0.18778
1042.4	0.18558
1042.6	0.18381
1042.8	0.18253
1043.0	0.18122
1043.2	0.17968
1043.4	0.17914
1043.6	0.17831
1043.8	0.17773
1044.0	0.17701
1044.2	0.17666
1044.4	0.17655
1044.6	0.17667
1044.8	0.17658
1045.0	0.17582
1045.2	0.17512
1045.4	0.1753
1045.6	0.17662
1045.8	0.1769
1046.0	0.1778
1046.2	0.17876
1046.4	0.17984
1046.6	0.18111
1046.8	0.1823
1047.0	0.18395
1047.2	0.18606
1047.4	0.18782
1047.6	0.19013
1047.8	0.19233
1048.0	0.19424
1048.2	0.1961
1048.4	0.19925
1048.6	0.20139
1048.8	0.20498
1049.0	0.20818
1049.2	0.2114
1049.4	0.21545
1049.6	0.21888
1049.8	0.22241
1050.0	0.22649
1050.2	0.23086
1050.4	0.23461
1050.6	0.24004
1050.8	0.2442
1051.0	0.24966
1051.2	0.25615
1051.4	0.26103
1051.6	0.2669
1051.8	0.27245
1052.0	0.27793
1052.2	0.28552
1052.4	0.29133
1052.6	0.29844
1052.8	0.30694
1053.0	0.31384
1053.2	0.32157
1053.4	0.33076
1053.6	0.33864
1053.8	0.34758
1054.0	0.35599
1054.2	0.36395
1054.4	0.37459
1054.6	0.38234
1054.8	0.39349
1055.0	0.40349
1055.2	0.4129
1055.4	0.42468
1055.6	0.43459
1055.8	0.44475
1056.0	0.45652
1056.2	0.46505
1056.4	0.47636
1056.6	0.48706
1056.8	0.49644
1057.0	0.50723
1057.2	0.5168
1057.4	0.52724
1057.6	0.53749
1057.8	0.54632
1058.0	0.5547
1058.2	0.56337
1058.4	0.57018
1058.6	0.57726
1058.8	0.58371
1059.0	0.58882
1059.2	0.59415
1059.4	0.59825
1059.6	0.60289
1059.8	0.606
1060.0	0.60697
1060.2	0.60871
1060.4	0.60859
1060.6	0.60734
1060.8	0.6057
1061.0	0.60464
1061.2	0.60137
1061.4	0.59864
1061.6	0.59441
1061.8	0.5903
1062.0	0.58611
1062.2	0.58009
1062.4	0.57342
1062.6	0.56804
1062.8	0.55996
1063.0	0.55421
1063.2	0.54765
1063.4	0.53923
1063.6	0.5314
1063.8	0.5246
1064.0	0.51771
1064.2	0.50972
1064.4	0.50272
1064.6	0.49567
1064.8	0.4869
1065.0	0.47924
1065.2	0.46917
1065.4	0.46305
1065.6	0.45469
1065.8	0.44664
1066.0	0.4405
1066.2	0.43318
1066.4	0.42655
1066.6	0.41989
1066.8	0.41324
1067.0	0.40975
1067.2	0.40298
1067.4	0.39853
1067.6	0.39387
1067.8	0.38819
1068.0	0.38496
1068.2	0.37823
1068.4	0.37493
1068.6	0.36922
1068.8	0.36422
1069.0	0.36019
1069.2	0.35598
1069.4	0.35242
1069.6	0.34914
1069.8	0.34472
1070.0	0.34332
1070.2	0.33882
1070.4	0.33701
1070.6	0.33407
1070.8	0.33158
1071.0	0.33037
1071.2	0.32776
1071.4	0.32722
1071.6	0.32357
1071.8	0.322
1072.0	0.31998
1072.2	0.31858
1072.4	0.31674
1072.6	0.31385
1072.8	0.31376
1073.0	0.31213
1073.2	0.31178
1073.4	0.31031
1073.6	0.31035
1073.8	0.31024
1074.0	0.3094
1074.2	0.31079
1074.4	0.31048
1074.6	0.31031
1074.8	0.31162
1075.0	0.31034
1075.2	0.31208
1075.4	0.31173
1075.6	0.31229
1075.8	0.31337
1076.0	0.31255
1076.2	0.31482
1076.4	0.31444
1076.6	0.3155
1076.8	0.31623
1077.0	0.31712
1077.2	0.32006
1077.4	0.32034
1077.6	0.32329
1077.8	0.32475
1078.0	0.32796
1078.2	0.32925
1078.4	0.3304
1078.6	0.33446
1078.8	0.33615
1079.0	0.34002
1079.2	0.34246
1079.4	0.34556
1079.6	0.349
1079.8	0.35198
1080.0	0.3547
1080.2	0.35756
1080.4	0.36143
1080.6	0.36477
1080.8	0.36871
1081.0	0.37125
1081.2	0.37529
1081.4	0.38061
1081.6	0.38343
1081.8	0.38802
1082.0	0.39191
1082.2	0.3974
1082.4	0.40177
1082.6	0.40594
1082.8	0.41195
1083.0	0.41673
1083.2	0.42303
1083.4	0.4286
1083.6	0.43405
1083.8	0.43884
1084.0	0.4459
1084.2	0.45244
1084.4	0.45805
1084.6	0.46652
1084.8	0.47027
1085.0	0.47753
1085.2	0.48213
1085.4	0.48928
1085.6	0.49561
1085.8	0.50376
1086.0	0.51035
1086.2	0.51616
1086.4	0.52324
1086.6	0.53024
1086.8	0.53771
1087.0	0.54466
1087.2	0.55022
1087.4	0.55847
1087.6	0.56584
1087.8	0.57273
1088.0	0.5816
1088.2	0.5882
1088.4	0.59572
1088.6	0.60221
1088.8	0.60934
1089.0	0.61624
1089.2	0.62413
1089.4	0.63193
1089.6	0.63672
1089.8	0.64609
1090.0	0.65238
1090.2	0.65839
1090.4	0.66612
1090.6	0.66977
1090.8	0.67828
1091.0	0.68199
1091.2	0.69033
1091.4	0.69429
1091.6	0.70109
1091.8	0.70523
1092.0	0.71238
1092.2	0.71752
1092.4	0.72246
1092.6	0.72859
1092.8	0.73063
1093.0	0.73645
1093.2	0.74083
1093.4	0.74487
1093.6	0.74812
1093.8	0.75124
1094.0	0.75642
1094.2	0.7585
1094.4	0.76146
1094.6	0.76608
1094.8	0.76736
1095.0	0.77177
1095.2	0.77262
1095.4	0.77328
1095.6	0.77639
1095.8	0.77748
1096.0	0.78185
1096.2	0.7802
1096.4	0.78151
1096.6	0.7836
1096.8	0.78498
1097.0	0.78636
1097.2	0.78849
1097.4	0.78846
1097.6	0.78922
1097.8	0.78848
1098.0	0.78898
1098.2	0.78781
1098.4	0.78679
1098.6	0.79036
1098.8	0.78876
1099.0	0.78978
1099.2	0.79029
1099.4	0.79078
1099.6	0.78956
1099.8	0.7879
1100.0	0.78772
1100.2	0.7884
1100.4	0.78889
1100.6	0.78726
1100.8	0.78781
1101.0	0.78796
1101.2	0.7877
1101.4	0.78798
1101.6	0.78893
1101.8	0.7876
1102.0	0.7889
1102.2	0.78965
1102.4	0.78869
1102.6	0.78864
1102.8	0.78873
1103.0	0.78976
1103.2	0.79044
1103.4	0.79197
1103.6	0.79382
1103.8	0.79273
1104.0	0.79709
1104.2	0.7951
1104.4	0.7976
1104.6	0.79892
1104.8	0.80082
1105.0	0.8014
1105.2	0.80506
1105.4	0.80543
1105.6	0.8045
1105.8	0.8082
1106.0	0.81094
1106.2	0.81425
1106.4	0.81629
1106.6	0.81731
1106.8	0.81911
1107.0	0.8225
1107.2	0.82492
1107.4	0.82823
1107.6	0.8331
1107.8	0.83623
1108.0	0.83935
1108.2	0.84148
1108.4	0.84437
1108.6	0.84827
1108.8	0.84976
1109.0	0.85268
1109.2	0.85835
1109.4	0.85885
1109.6	0.86387
1109.8	0.86767
1110.0	0.87255
1110.2	0.877
1110.4	0.88162
1110.6	0.88237
1110.8	0.88758
1111.0	0.89303
1111.2	0.89446
1111.4	0.89909
1111.6	0.90197
1111.8	0.90814
1112.0	0.91051
1112.2	0.91655
1112.4	0.91846
1112.6	0.92224
1112.8	0.9271
1113.0	0.9274
1113.2	0.932
1113.4	0.93844
1113.6	0.93929
1113.8	0.94451
1114.0	0.94758
1114.2	0.95112
1114.4	0.95447
1114.6	0.95808
1114.8	0.96173
1115.0	0.96583
1115.2	0.96476
1115.4	0.96626
1115.6	0.96382
1115.8	0.97
1116.0	0.97382
1116.2	0.97352
1116.4	0.97468
1116.6	0.9729
1116.8	0.97444
1117.0	0.9737
1117.2	0.9773
1117.4	0.97715
1117.6	0.97641
1117.8	0.97578
1118.0	0.97476
1118.2	0.97548
1118.4	0.97113
1118.6	0.97499
1118.8	0.96586
1119.0	0.9628
1119.2	0.965
1119.4	0.96241
1119.6	0.95878
1119.8	0.9572
1120.0	0.94999
1120.2	0.94897
1120.4	0.93754
1120.6	0.93912
1120.8	0.93693
1121.0	0.93962
1121.2	0.93465
1121.4	0.92972
1121.6	0.92481
1121.8	0.91992
1122.0	0.91503
1122.2	0.90885
1122.4	0.90271
1122.6	0.89662
1122.8	0.89056
1123.0	0.88455
1123.2	0.87841
1123.4	0.87231
1123.6	0.86626
1123.8	0.86025
1124.0	0.85428
1124.2	0.84795
1124.4	0.84167
1124.6	0.83544
1124.8	0.82925
1125.0	0.8231
1125.2	0.81651
1125.4	0.80996
1125.6	0.80347
1125.8	0.79703
1126.0	0.79065
1126.2	0.78448
1126.4	0.77836
1126.6	0.77229
1126.8	0.76627
1127.0	0.76028
1127.2	0.7542
1127.4	0.74817
1127.6	0.74219
1127.8	0.73625
1128.0	0.73038
1128.2	0.72507
1128.4	0.71979
1128.6	0.71455
1128.8	0.70935
1129.0	0.70418
1129.2	0.69904
1129.4	0.69393
1129.6	0.68886
1129.8	0.68383
1130.0	0.67884
1130.2	0.67469
1130.4	0.67056
1130.6	0.66645
1130.8	0.66237
1131.0	0.65833
1131.2	0.65482
1131.4	0.65132
1131.6	0.64784
1131.8	0.64438
1132.0	0.64095
1132.2	0.63768
1132.4	0.63442
1132.6	0.63119
1132.8	0.62797
1133.0	0.62478
1133.2	0.62223
1133.4	0.61969
1133.6	0.61716
1133.8	0.61464
1134.0	0.61212
1134.2	0.60925
1134.4	0.60639
1134.6	0.60354
1134.8	0.60071
1135.0	0.59798
1135.2	0.59861
1135.4	0.59925
1135.6	0.59988
1135.8	0.60052
1136.0	0.60107
1136.2	0.59891
1136.4	0.59677
1136.6	0.59463
1136.8	0.5925
1137.0	0.59043
1137.2	0.59009
1137.4	0.58974
1137.6	0.5894
1137.8	0.58906
1138.0	0.58876
1138.2	0.58952
1138.4	0.59028
1138.6	0.59104
1138.8	0.59181
1139.0	0.59256
1139.2	0.59315
1139.4	0.59374
1139.6	0.59434
1139.8	0.59493
1140.0	0.59552
1140.2	0.59614
1140.4	0.59676
1140.6	0.59738
1140.8	0.59801
1141.0	0.5987
1141.2	0.60096
1141.4	0.60324
1141.6	0.60551
1141.8	0.6078
1142.0	0.6101
1142.2	0.61198
1142.4	0.61386
1142.6	0.61576
1142.8	0.61766
1143.0	0.61957
1143.2	0.6217
1143.4	0.62385
1143.6	0.626
1143.8	0.62815
1144.0	0.63035
1144.2	0.63335
1144.4	0.63637
1144.6	0.6394
1144.8	0.64244
1145.0	0.64551
1145.2	0.64859
1145.4	0.6517
1145.6	0.65481
1145.8	0.65795
1146.0	0.66108
1146.2	0.66397
1146.4	0.66687
1146.6	0.66978
1146.8	0.6727
1147.0	0.67565
1147.2	0.67928
1147.4	0.68293
1147.6	0.6866
1147.8	0.69029
1148.0	0.69398
1148.2	0.69679
1148.4	0.6996
1148.6	0.70243
1148.8	0.70526
1149.0	0.70812
1149.2	0.71111
1149.4	0.71411
1149.6	0.71713
1149.8	0.72016
1150.0	0.72317
1150.2	0.72549
1150.4	0.72782
1150.6	0.73016
1150.8	0.7325
1151.0	0.73485
1151.2	0.73674
1151.4	0.73863
1151.6	0.74053
1151.8	0.74243
1152.0	0.74433
1152.2	0.74555
1152.4	0.74677
1152.6	0.74799
1152.8	0.74922
1153.0	0.75042
1153.2	0.75083
1153.4	0.75124
1153.6	0.75165
1153.8	0.75206
1154.0	0.75241
1154.2	0.75172
1154.4	0.75102
1154.6	0.75033
1154.8	0.74964
1155.0	0.74894
1155.2	0.74792
1155.4	0.7469
1155.6	0.74588
1155.8	0.74487
1156.0	0.74381
1156.2	0.74137
1156.4	0.73895
1156.6	0.73653
1156.8	0.73412
1157.0	0.73169
1157.2	0.72884
1157.4	0.726
1157.6	0.72317
1157.8	0.72035
1158.0	0.71754
1158.2	0.71427
1158.4	0.71101
1158.6	0.70777
1158.8	0.70455
1159.0	0.7013
1159.2	0.69677
1159.4	0.69227
1159.6	0.68779
1159.8	0.68335
1160.0	0.67897
1160.2	0.67521
1160.4	0.67147
1160.6	0.66775
1160.8	0.66405
1161.0	0.66034
1161.2	0.65496
1161.4	0.64963
1161.6	0.64435
1161.8	0.6391
1162.0	0.63396
1162.2	0.63036
1162.4	0.62678
1162.6	0.62322
1162.8	0.61969
1163.0	0.61614
1163.2	0.61054
1163.4	0.605
1163.6	0.59951
1163.8	0.59407
1164.0	0.58874
1164.2	0.58535
1164.4	0.58197
1164.6	0.57862
1164.8	0.57528
1165.0	0.57196
1165.2	0.56691
1165.4	0.5619
1165.6	0.55694
1165.8	0.55202
1166.0	0.5472
1166.2	0.54436
1166.4	0.54155
1166.6	0.53874
1166.8	0.53596
1167.0	0.53312
1167.2	0.52885
1167.4	0.52461
1167.6	0.5204
1167.8	0.51623
1168.0	0.51213
1168.2	0.50993
1168.4	0.50774
1168.6	0.50556
1168.8	0.50339
1169.0	0.50116
1169.2	0.49735
1169.4	0.49357
1169.6	0.48982
1169.8	0.4861
1170.0	0.48244
1170.2	0.48094
1170.4	0.47944
1170.6	0.47794
1170.8	0.47645
1171.0	0.47492
1171.2	0.47218
1171.4	0.46946
1171.6	0.46676
1171.8	0.46407
1172.0	0.46141
1172.2	0.46037
1172.4	0.45932
1172.6	0.45828
1172.8	0.45723
1173.0	0.45618
1173.2	0.45483
1173.4	0.45349
1173.6	0.45214
1173.8	0.4508
1174.0	0.44947
1174.2	0.44804
1174.4	0.44661
1174.6	0.4452
1174.8	0.44378
1175.0	0.44243
1175.2	0.44285
1175.4	0.44328
1175.6	0.4437
1175.8	0.44413
1176.0	0.44455
1176.2	0.44324
1176.4	0.44193
1176.6	0.44063
1176.8	0.43933
1177.0	0.4381
1177.2	0.43883
1177.4	0.43956
1177.6	0.4403
1177.8	0.44103
1178.0	0.44177
1178.2	0.44201
1178.4	0.44225
1178.6	0.44249
1178.8	0.44273
1179.0	0.44297
1179.2	0.44318
1179.4	0.44339
1179.6	0.4436
1179.8	0.44381
1180.0	0.44402
1180.2	0.44584
1180.4	0.44766
1180.6	0.44949
1180.8	0.45132
1181.0	0.45313
1181.2	0.4537
1181.4	0.45427
1181.6	0.45484
1181.8	0.45542
1182.0	0.456
1182.2	0.45776
1182.4	0.45952
1182.6	0.46129
1182.8	0.46307
1183.0	0.46488
1183.2	0.46754
1183.4	0.47022
1183.6	0.47291
1183.8	0.47562
1184.0	0.47832
1184.2	0.47971
1184.4	0.4811
1184.6	0.4825
1184.8	0.4839
1185.0	0.48538
1185.2	0.48866
1185.4	0.49197
1185.6	0.49529
1185.8	0.49864
1186.0	0.50201
1186.2	0.50505
1186.4	0.50812
1186.6	0.51119
1186.8	0.51429
1187.0	0.51737
1187.2	0.51962
1187.4	0.52187
1187.6	0.52414
1187.8	0.52641
1188.0	0.52873
1188.2	0.53257
1188.4	0.53643
1188.6	0.54031
1188.8	0.54423
1189.0	0.54818
1189.2	0.55223
1189.4	0.55632
1189.6	0.56044
1189.8	0.56459
1190.0	0.56874
1190.2	0.57188
1190.4	0.57503
1190.6	0.5782
1190.8	0.58139
1191.0	0.5846
1191.2	0.589
1191.4	0.59344
1191.6	0.59791
1191.8	0.60241
1192.0	0.60695
1192.2	0.61166
1192.4	0.61641
1192.6	0.62119
1192.8	0.62602
1193.0	0.63086
1193.2	0.63449
1193.4	0.63813
1193.6	0.6418
1193.8	0.64548
1194.0	0.64922
1194.2	0.65357
1194.4	0.65796
1194.6	0.66237
1194.8	0.66682
1195.0	0.67129
1195.2	0.67573
1195.4	0.68019
1195.6	0.68469
1195.8	0.68921
1196.0	0.69374
1196.2	0.69755
1196.4	0.70138
1196.6	0.70523
1196.8	0.7091
1197.0	0.71298
1197.2	0.71624
1197.4	0.71952
1197.6	0.72281
1197.8	0.72611
1198.0	0.72945
1198.2	0.7331
1198.4	0.73677
1198.6	0.74045
1198.8	0.74416
1199.0	0.74786
1199.2	0.75099
1199.4	0.75414
1199.6	0.7573
1199.8	0.76047
1200.0	0.76366
