Typical Measured Spectrum of Semrock FF01-640/14 Optical Filter	
For wavelengths between 320 and 1120 nm, values near or below 3e-7 (Optical Density 6.5) are measurement noise limited.
For wavelengths < 320 nm and > 1120 nm, values near or below 3e-6 (Optical Density 5.5) are measurement noise limited. 
Data format:  Wavelength (nm) <tab> Transmission (0 to 1)
300.0	4.0119e-07
300.2	3.6956e-07
300.4	3.4043e-07
300.6	3.1359e-07
300.8	2.8887e-07
301.0	2.6609e-07
301.2	2.4511e-07
301.4	2.2579e-07
301.6	2.0799e-07
301.8	1.9159e-07
302.0	1.8873e-07
302.2	1.8597e-07
302.4	1.8325e-07
302.6	1.8057e-07
302.8	1.7793e-07
303.0	1.7533e-07
303.2	1.7277e-07
303.4	1.7025e-07
303.6	1.6776e-07
303.8	1.6531e-07
304.0	1.6351e-07
304.2	1.6189e-07
304.4	1.603e-07
304.6	1.5871e-07
304.8	1.5715e-07
305.0	1.556e-07
305.2	1.5406e-07
305.4	1.5254e-07
305.6	1.5103e-07
305.8	1.4954e-07
306.0	1.5789e-07
306.2	1.7479e-07
306.4	1.9351e-07
306.6	2.1424e-07
306.8	2.3718e-07
307.0	2.6258e-07
307.2	2.907e-07
307.4	3.2183e-07
307.6	3.5629e-07
307.8	3.9445e-07
308.0	4.2533e-07
308.2	4.3849e-07
308.4	4.5205e-07
308.6	4.6603e-07
308.8	4.8045e-07
309.0	4.9531e-07
309.2	5.1064e-07
309.4	5.2643e-07
309.6	5.4272e-07
309.8	5.5951e-07
310.0	5.6842e-07
310.2	4.8788e-07
310.4	4.1875e-07
310.6	3.5941e-07
310.8	3.0848e-07
311.0	2.6477e-07
311.2	2.2725e-07
311.4	1.9505e-07
311.6	1.6741e-07
311.8	1.4369e-07
312.0	1.6192e-07
312.2	1.8373e-07
312.4	2.0849e-07
312.6	2.3658e-07
312.8	2.6846e-07
313.0	3.0463e-07
313.2	3.4567e-07
313.4	3.9225e-07
313.6	4.451e-07
313.8	5.0507e-07
314.0	5.6749e-07
314.2	6.357e-07
314.4	7.121e-07
314.6	7.9769e-07
314.8	8.9357e-07
315.0	1.001e-06
315.2	1.1213e-06
315.4	1.256e-06
315.6	1.407e-06
315.8	1.5761e-06
316.0	1.4328e-06
316.2	1.1091e-06
316.4	8.5849e-07
316.6	6.6452e-07
316.8	5.1438e-07
317.0	3.9816e-07
317.2	3.082e-07
317.4	2.3856e-07
317.6	1.8466e-07
317.8	1.4294e-07
318.0	1.2489e-07
318.2	1.347e-07
318.4	1.4529e-07
318.6	1.5671e-07
318.8	1.6903e-07
319.0	1.8232e-07
319.2	1.9665e-07
319.4	2.1211e-07
319.6	2.2878e-07
319.8	2.4677e-07
320.0	2.6273e-07
320.2	2.4089e-07
320.4	2.2086e-07
320.6	2.025e-07
320.8	1.8567e-07
321.0	1.7023e-07
321.2	1.5608e-07
321.4	1.4311e-07
321.6	1.3121e-07
321.8	1.203e-07
322.0	1.1946e-07
322.2	1.1881e-07
322.4	1.1816e-07
322.6	1.1752e-07
322.8	1.1688e-07
323.0	1.1624e-07
323.2	1.1561e-07
323.4	1.1498e-07
323.6	1.1436e-07
323.8	1.1373e-07
324.0	1.1208e-07
324.2	1.1016e-07
324.4	1.0827e-07
324.6	1.0641e-07
324.8	1.0459e-07
325.0	1.028e-07
325.2	1.0104e-07
325.4	9.9304e-08
325.6	9.7602e-08
325.8	9.593e-08
326.0	9.4595e-08
326.2	9.35e-08
326.4	9.2418e-08
326.6	9.1348e-08
326.8	9.029e-08
327.0	8.9245e-08
327.2	8.8212e-08
327.4	8.7191e-08
327.6	8.6181e-08
327.8	8.5184e-08
328.0	8.7883e-08
328.2	9.709e-08
328.4	1.0726e-07
328.6	1.185e-07
328.8	1.3091e-07
329.0	1.4463e-07
329.2	1.5978e-07
329.4	1.7652e-07
329.6	1.9501e-07
329.8	2.1544e-07
330.0	2.3826e-07
330.2	2.6613e-07
330.4	2.9726e-07
330.6	3.3202e-07
330.8	3.7086e-07
331.0	4.1423e-07
331.2	4.6268e-07
331.4	5.168e-07
331.6	5.7724e-07
331.8	6.4476e-07
332.0	5.1938e-07
332.2	4.1125e-07
332.4	3.2563e-07
332.6	2.5784e-07
332.8	2.0416e-07
333.0	1.6165e-07
333.2	1.28e-07
333.4	1.0135e-07
333.6	8.0248e-08
333.8	6.3541e-08
334.0	7.4094e-08
334.2	9.7964e-08
334.4	1.2952e-07
334.6	1.7125e-07
334.8	2.2642e-07
335.0	2.9937e-07
335.2	3.9581e-07
335.4	5.2332e-07
335.6	6.9191e-07
335.8	9.1482e-07
336.0	8.7229e-07
336.2	6.4668e-07
336.4	4.7943e-07
336.6	3.5543e-07
336.8	2.635e-07
337.0	1.9535e-07
337.2	1.4483e-07
337.4	1.0737e-07
337.6	7.9599e-08
337.8	5.9012e-08
338.0	4.8755e-08
338.2	4.8253e-08
338.4	4.7755e-08
338.6	4.7263e-08
338.8	4.6776e-08
339.0	4.6293e-08
339.2	4.5816e-08
339.4	4.5344e-08
339.6	4.4876e-08
339.8	4.4413e-08
340.0	4.396e-08
340.2	4.3551e-08
340.4	4.3146e-08
340.6	4.2745e-08
340.8	4.2347e-08
341.0	4.1953e-08
341.2	4.1563e-08
341.4	4.1176e-08
341.6	4.0793e-08
341.8	4.0414e-08
342.0	4.6482e-08
342.2	5.4066e-08
342.4	6.2887e-08
342.6	7.3148e-08
342.8	8.5082e-08
343.0	9.8964e-08
343.2	1.1511e-07
343.4	1.3389e-07
343.6	1.5574e-07
343.8	1.8114e-07
344.0	1.6693e-07
344.2	1.4175e-07
344.4	1.2037e-07
344.6	1.0221e-07
344.8	8.6792e-08
345.0	7.37e-08
345.2	6.2582e-08
345.4	5.3142e-08
345.6	4.5126e-08
345.8	3.8318e-08
346.0	3.8918e-08
346.2	4.5629e-08
346.4	5.3497e-08
346.6	6.2721e-08
346.8	7.3537e-08
347.0	8.6217e-08
347.2	1.0108e-07
347.4	1.1851e-07
347.6	1.3895e-07
347.8	1.6291e-07
348.0	1.7022e-07
348.2	1.468e-07
348.4	1.266e-07
348.6	1.0918e-07
348.8	9.4157e-08
349.0	8.1201e-08
349.2	7.0028e-08
349.4	6.0392e-08
349.6	5.2082e-08
349.8	4.4915e-08
350.0	3.9308e-08
350.2	3.9567e-08
350.4	3.9828e-08
350.6	4.0091e-08
350.8	4.0356e-08
351.0	4.0622e-08
351.2	4.089e-08
351.4	4.116e-08
351.6	4.1431e-08
351.8	4.1705e-08
352.0	4.1592e-08
352.2	4.145e-08
352.4	4.1309e-08
352.6	4.1168e-08
352.8	4.1028e-08
353.0	4.0888e-08
353.2	4.0748e-08
353.4	4.0609e-08
353.6	4.0471e-08
353.8	4.0333e-08
354.0	4.0233e-08
354.2	4.0146e-08
354.4	4.0059e-08
354.6	3.9972e-08
354.8	3.9886e-08
355.0	3.9799e-08
355.2	3.9713e-08
355.4	3.9627e-08
355.6	3.9542e-08
355.8	3.9456e-08
356.0	3.9376e-08
356.2	3.9299e-08
356.4	3.9223e-08
356.6	3.9147e-08
356.8	3.9071e-08
357.0	3.8995e-08
357.2	3.892e-08
357.4	3.8844e-08
357.6	3.8769e-08
357.8	3.8694e-08
358.0	4.1736e-08
358.2	5.083e-08
358.4	6.1906e-08
358.6	7.5395e-08
358.8	9.1823e-08
359.0	1.1183e-07
359.2	1.362e-07
359.4	1.6587e-07
359.6	2.0202e-07
359.8	2.4603e-07
360.0	2.913e-07
360.2	2.711e-07
360.4	2.523e-07
360.6	2.3481e-07
360.8	2.1853e-07
361.0	2.0338e-07
361.2	1.8928e-07
361.4	1.7615e-07
361.6	1.6394e-07
361.8	1.5257e-07
362.0	1.334e-07
362.2	1.1618e-07
362.4	1.0117e-07
362.6	8.8109e-08
362.8	7.6731e-08
363.0	6.6823e-08
363.2	5.8194e-08
363.4	5.0679e-08
363.6	4.4135e-08
363.8	3.8436e-08
364.0	3.7143e-08
364.2	3.706e-08
364.4	3.6977e-08
364.6	3.6894e-08
364.8	3.6811e-08
365.0	3.6729e-08
365.2	3.6647e-08
365.4	3.6565e-08
365.6	3.6483e-08
365.8	3.6401e-08
366.0	3.8699e-08
366.2	4.2996e-08
366.4	4.7771e-08
366.6	5.3076e-08
366.8	5.897e-08
367.0	6.5519e-08
367.2	7.2795e-08
367.4	8.0878e-08
367.6	8.986e-08
367.8	9.9839e-08
368.0	1.0147e-07
368.2	9.0961e-08
368.4	8.1538e-08
368.6	7.3092e-08
368.8	6.5521e-08
369.0	5.8733e-08
369.2	5.2649e-08
369.4	4.7196e-08
369.6	4.2307e-08
369.8	3.7924e-08
370.0	3.4448e-08
370.2	3.4323e-08
370.4	3.4199e-08
370.6	3.4075e-08
370.8	3.3952e-08
371.0	3.3829e-08
371.2	3.3706e-08
371.4	3.3584e-08
371.6	3.3463e-08
371.8	3.3342e-08
372.0	3.9139e-08
372.2	4.647e-08
372.4	5.5175e-08
372.6	6.5511e-08
372.8	7.7783e-08
373.0	9.2354e-08
373.2	1.0965e-07
373.4	1.3019e-07
373.6	1.5458e-07
373.8	1.8354e-07
374.0	1.6645e-07
374.2	1.3896e-07
374.4	1.1601e-07
374.6	9.6851e-08
374.8	8.0856e-08
375.0	6.7502e-08
375.2	5.6354e-08
375.4	4.7047e-08
375.6	3.9277e-08
375.8	3.279e-08
376.0	3.3022e-08
376.2	3.7684e-08
376.4	4.3005e-08
376.6	4.9076e-08
376.8	5.6005e-08
377.0	6.3912e-08
377.2	7.2936e-08
377.4	8.3234e-08
377.6	9.4985e-08
377.8	1.084e-07
378.0	1.1752e-07
378.2	1.1905e-07
378.4	1.206e-07
378.6	1.2216e-07
378.8	1.2375e-07
379.0	1.2536e-07
379.2	1.2699e-07
379.4	1.2864e-07
379.6	1.3031e-07
379.8	1.32e-07
380.0	1.3594e-07
380.2	1.5563e-07
380.4	1.7817e-07
380.6	2.0398e-07
380.8	2.3352e-07
381.0	2.6734e-07
381.2	3.0605e-07
381.4	3.5038e-07
381.6	4.0112e-07
381.8	4.5921e-07
382.0	3.9381e-07
382.2	3.299e-07
382.4	2.7636e-07
382.6	2.3151e-07
382.8	1.9394e-07
383.0	1.6246e-07
383.2	1.361e-07
383.4	1.1401e-07
383.6	9.5508e-08
383.8	8.0009e-08
384.0	8.0394e-08
384.2	8.5556e-08
384.4	9.105e-08
384.6	9.6897e-08
384.8	1.0312e-07
385.0	1.0974e-07
385.2	1.1679e-07
385.4	1.2429e-07
385.6	1.3227e-07
385.8	1.4076e-07
386.0	1.5682e-07
386.2	1.8014e-07
386.4	2.0691e-07
386.6	2.3767e-07
386.8	2.73e-07
387.0	3.1358e-07
387.2	3.6019e-07
387.4	4.1373e-07
387.6	4.7523e-07
387.8	5.4588e-07
388.0	5.8342e-07
388.2	5.6891e-07
388.4	5.5475e-07
388.6	5.4095e-07
388.8	5.2749e-07
389.0	5.1437e-07
389.2	5.0157e-07
389.4	4.8909e-07
389.6	4.7692e-07
389.8	4.6505e-07
390.0	4.5555e-07
390.2	4.589e-07
390.4	4.6227e-07
390.6	4.6567e-07
390.8	4.6909e-07
391.0	4.7254e-07
391.2	4.7601e-07
391.4	4.7951e-07
391.6	4.8303e-07
391.8	4.8658e-07
392.0	4.5841e-07
392.2	4.2919e-07
392.4	4.0184e-07
392.6	3.7623e-07
392.8	3.5225e-07
393.0	3.298e-07
393.2	3.0878e-07
393.4	2.891e-07
393.6	2.7067e-07
393.8	2.5342e-07
394.0	2.5848e-07
394.2	2.7086e-07
394.4	2.8384e-07
394.6	2.9744e-07
394.8	3.1168e-07
395.0	3.2662e-07
395.2	3.4226e-07
395.4	3.5866e-07
395.6	3.7584e-07
395.8	3.9385e-07
396.0	3.7383e-07
396.2	3.3219e-07
396.4	2.9518e-07
396.6	2.623e-07
396.8	2.3308e-07
397.0	2.0711e-07
397.2	1.8404e-07
397.4	1.6354e-07
397.6	1.4532e-07
397.8	1.2913e-07
398.0	1.2072e-07
398.2	1.2008e-07
398.4	1.1945e-07
398.6	1.1882e-07
398.8	1.182e-07
399.0	1.1757e-07
399.2	1.1695e-07
399.4	1.1634e-07
399.6	1.1572e-07
399.8	1.1511e-07
400.0	1.1095e-07
400.2	8.9421e-08
400.4	7.207e-08
400.6	5.8086e-08
400.8	4.6816e-08
401.0	3.7732e-08
401.2	3.0411e-08
401.4	2.451e-08
401.6	1.9754e-08
401.8	1.5921e-08
402.0	1.8281e-08
402.2	2.2027e-08
402.4	2.6542e-08
402.6	3.1982e-08
402.8	3.8537e-08
403.0	4.6435e-08
403.2	5.5952e-08
403.4	6.742e-08
403.6	8.1238e-08
403.8	9.7888e-08
404.0	9.3774e-08
404.2	8.2526e-08
404.4	7.2628e-08
404.6	6.3916e-08
404.8	5.625e-08
405.0	4.9503e-08
405.2	4.3565e-08
405.4	3.834e-08
405.6	3.3741e-08
405.8	2.9694e-08
406.0	3.0951e-08
406.2	3.6467e-08
406.4	4.2967e-08
406.6	5.0624e-08
406.8	5.9647e-08
407.0	7.0277e-08
407.2	8.2802e-08
407.4	9.756e-08
407.6	1.1495e-07
407.8	1.3543e-07
408.0	1.4474e-07
408.2	1.3591e-07
408.4	1.2763e-07
408.6	1.1985e-07
408.8	1.1254e-07
409.0	1.0568e-07
409.2	9.9242e-08
409.4	9.3192e-08
409.6	8.7511e-08
409.8	8.2177e-08
410.0	7.5747e-08
410.2	6.229e-08
410.4	5.1223e-08
410.6	4.2123e-08
410.8	3.4639e-08
411.0	2.8485e-08
411.2	2.3424e-08
411.4	1.9263e-08
411.6	1.5841e-08
411.8	1.3026e-08
412.0	1.701e-08
412.2	2.3728e-08
412.4	3.3099e-08
412.6	4.6172e-08
412.8	6.4408e-08
413.0	8.9846e-08
413.2	1.2533e-07
413.4	1.7483e-07
413.6	2.4388e-07
413.8	3.4021e-07
414.0	3.4589e-07
414.2	3.1285e-07
414.4	2.8296e-07
414.6	2.5593e-07
414.8	2.3149e-07
415.0	2.0937e-07
415.2	1.8937e-07
415.4	1.7128e-07
415.6	1.5492e-07
415.8	1.4012e-07
416.0	1.2664e-07
416.2	1.144e-07
416.4	1.0334e-07
416.6	9.3354e-08
416.8	8.433e-08
417.0	7.6179e-08
417.2	6.8815e-08
417.4	6.2164e-08
417.6	5.6155e-08
417.8	5.0727e-08
418.0	4.9433e-08
418.2	5.2948e-08
418.4	5.6713e-08
418.6	6.0746e-08
418.8	6.5065e-08
419.0	6.9692e-08
419.2	7.4648e-08
419.4	7.9956e-08
419.6	8.5641e-08
419.8	9.1731e-08
420.0	9.6896e-08
420.2	9.4876e-08
420.4	9.2898e-08
420.6	9.0962e-08
420.8	8.9065e-08
421.0	8.7208e-08
421.2	8.539e-08
421.4	8.361e-08
421.6	8.1867e-08
421.8	8.016e-08
422.0	9.0442e-08
422.2	1.0385e-07
422.4	1.1924e-07
422.6	1.3691e-07
422.8	1.572e-07
423.0	1.805e-07
423.2	2.0726e-07
423.4	2.3797e-07
423.6	2.7324e-07
423.8	3.1374e-07
424.0	3.6024e-07
424.2	4.1363e-07
424.4	4.7494e-07
424.6	4.5519e-07
424.8	4.2515e-07
425.0	3.9709e-07
425.2	3.7088e-07
425.4	3.464e-07
425.6	3.2354e-07
425.8	3.0218e-07
426.0	2.8224e-07
426.2	2.6361e-07
426.4	2.4745e-07
426.6	2.359e-07
426.8	2.2489e-07
427.0	2.144e-07
427.2	2.0439e-07
427.4	1.9486e-07
427.6	1.8576e-07
427.8	1.7709e-07
428.0	1.6883e-07
428.2	1.6095e-07
428.4	1.5528e-07
428.6	1.6495e-07
428.8	1.7523e-07
429.0	1.8614e-07
429.2	1.9774e-07
429.4	2.1006e-07
429.6	2.2315e-07
429.8	2.3705e-07
430.0	2.5182e-07
430.2	2.675e-07
430.4	2.8417e-07
430.6	2.8988e-07
430.8	2.9539e-07
431.0	3.0101e-07
431.2	3.0673e-07
431.4	3.1256e-07
431.6	3.1851e-07
431.8	3.2457e-07
432.0	3.3074e-07
432.2	3.3703e-07
432.4	3.4344e-07
432.6	3.4997e-07
432.8	3.5663e-07
433.0	3.5795e-07
433.2	3.533e-07
433.4	3.4872e-07
433.6	3.442e-07
433.8	3.3974e-07
434.0	3.3533e-07
434.2	3.3098e-07
434.4	3.2669e-07
434.6	3.2245e-07
434.8	3.1827e-07
435.0	1.4781e-07
435.2	1.7857e-07
435.4	2.1572e-07
435.6	2.6059e-07
435.8	3.1481e-07
436.0	3.803e-07
436.2	4.5942e-07
436.4	5.5501e-07
436.6	6.7047e-07
436.8	8.0996e-07
437.0	9.7847e-07
437.2	9.3193e-07
437.4	8.8654e-07
437.6	8.4336e-07
437.8	8.0228e-07
438.0	7.6321e-07
438.2	7.2604e-07
438.4	6.9067e-07
438.6	6.5703e-07
438.8	6.2503e-07
439.0	5.9459e-07
439.2	5.2403e-07
439.4	4.5637e-07
439.6	3.9745e-07
439.8	3.4613e-07
440.0	3.0144e-07
440.2	2.6252e-07
440.4	2.2862e-07
440.6	1.991e-07
440.8	1.734e-07
441.0	1.5101e-07
441.2	1.4202e-07
441.4	1.3732e-07
441.6	1.3278e-07
441.8	1.2839e-07
442.0	1.2415e-07
442.2	1.2004e-07
442.4	1.1607e-07
442.6	1.1223e-07
442.8	1.0852e-07
443.0	1.0493e-07
443.2	9.6246e-08
443.4	8.5349e-08
443.6	7.5685e-08
443.8	6.7116e-08
444.0	5.9517e-08
444.2	5.2779e-08
444.4	4.6803e-08
444.6	4.1504e-08
444.8	3.6805e-08
445.0	3.2638e-08
445.2	3.3555e-08
445.4	3.4498e-08
445.6	3.5468e-08
445.8	3.6465e-08
446.0	3.749e-08
446.2	3.8544e-08
446.4	3.9627e-08
446.6	4.0741e-08
446.8	4.1887e-08
447.0	4.3064e-08
447.2	5.477e-08
447.4	6.9807e-08
447.6	8.8974e-08
447.8	1.134e-07
448.0	1.4454e-07
448.2	1.8422e-07
448.4	2.348e-07
448.6	2.9927e-07
448.8	3.8144e-07
449.0	4.8616e-07
449.2	4.9164e-07
449.4	4.7955e-07
449.6	4.6776e-07
449.8	4.5626e-07
450.0	4.4504e-07
450.2	4.341e-07
450.4	4.2342e-07
450.6	4.1301e-07
450.8	4.0285e-07
451.0	3.9295e-07
451.2	4.0171e-07
451.4	4.1751e-07
451.6	4.3392e-07
451.8	4.5098e-07
452.0	4.6871e-07
452.2	4.8714e-07
452.4	5.0629e-07
452.6	5.262e-07
452.8	5.4688e-07
453.0	5.6838e-07
453.2	5.4115e-07
453.4	4.8828e-07
453.6	4.4057e-07
453.8	3.9752e-07
454.0	3.5868e-07
454.2	3.2363e-07
454.4	2.9201e-07
454.6	2.6348e-07
454.8	2.3773e-07
455.0	2.145e-07
455.2	2.3359e-07
455.4	2.5438e-07
455.6	2.7701e-07
455.8	3.0166e-07
456.0	3.2851e-07
456.2	3.5774e-07
456.4	3.8957e-07
456.6	4.2423e-07
456.8	4.6198e-07
457.0	5.0272e-07
457.2	4.7149e-07
457.4	4.4221e-07
457.6	4.1475e-07
457.8	3.8899e-07
458.0	3.6483e-07
458.2	3.4217e-07
458.4	3.2092e-07
458.6	3.0099e-07
458.8	2.823e-07
459.0	2.6476e-07
459.2	2.5459e-07
459.4	2.4561e-07
459.6	2.3694e-07
459.8	2.2858e-07
460.0	2.2051e-07
460.2	2.1273e-07
460.4	2.0522e-07
460.6	1.9798e-07
460.8	1.9099e-07
461.0	1.8425e-07
461.2	1.7786e-07
461.4	1.7172e-07
461.6	1.6579e-07
461.8	1.6006e-07
462.0	1.5454e-07
462.2	1.492e-07
462.4	1.4405e-07
462.6	1.3908e-07
462.8	1.3427e-07
463.0	1.2964e-07
463.2	1.3485e-07
463.4	1.4589e-07
463.6	1.5783e-07
463.8	1.7076e-07
464.0	1.8474e-07
464.2	1.9986e-07
464.4	2.1623e-07
464.6	2.3393e-07
464.8	2.5308e-07
465.0	2.738e-07
465.2	3.1707e-07
465.4	3.6717e-07
465.6	4.2519e-07
465.8	4.9238e-07
466.0	5.7019e-07
466.2	6.6028e-07
466.4	7.6462e-07
466.6	8.8545e-07
466.8	1.0254e-06
467.0	1.1874e-06
467.2	1.1633e-06
467.4	1.1338e-06
467.6	1.1051e-06
467.8	1.0771e-06
468.0	1.0498e-06
468.2	1.0232e-06
468.4	9.9732e-07
468.6	9.7205e-07
468.8	9.4743e-07
469.0	9.2343e-07
469.2	7.3734e-07
469.4	5.6917e-07
469.6	4.3936e-07
469.8	3.3916e-07
470.0	2.6181e-07
470.2	2.021e-07
470.4	1.56e-07
470.6	1.2042e-07
470.8	9.2959e-08
471.0	7.1758e-08
471.2	5.6156e-08
471.4	4.4154e-08
471.6	3.4717e-08
471.8	2.7296e-08
472.0	2.1462e-08
472.2	1.6875e-08
472.4	1.3268e-08
472.6	1.0432e-08
472.8	8.2026e-09
473.0	6.4494e-09
473.2	5.7456e-09
473.4	5.4996e-09
473.6	5.2642e-09
473.8	5.0388e-09
474.0	4.823e-09
474.2	4.6165e-09
474.4	4.4189e-09
474.6	4.2297e-09
474.8	4.0486e-09
475.0	3.8753e-09
475.2	3.6192e-09
475.4	3.38e-09
475.6	3.1567e-09
475.8	2.9481e-09
476.0	2.7533e-09
476.2	2.5713e-09
476.4	2.4014e-09
476.6	2.2427e-09
476.8	2.0945e-09
477.0	1.9561e-09
477.2	1.9476e-09
477.4	1.9404e-09
477.6	1.9332e-09
477.8	1.9261e-09
478.0	1.9189e-09
478.2	1.9118e-09
478.4	1.9048e-09
478.6	1.8977e-09
478.8	1.8907e-09
479.0	1.8837e-09
479.2	1.8767e-09
479.4	1.8697e-09
479.6	1.8627e-09
479.8	1.8557e-09
480.0	1.8488e-09
480.2	1.8419e-09
480.4	1.835e-09
480.6	1.8282e-09
480.8	1.8213e-09
481.0	1.8146e-09
481.2	1.8076e-09
481.4	1.8006e-09
481.6	1.7937e-09
481.8	1.7868e-09
482.0	1.7799e-09
482.2	1.773e-09
482.4	1.7661e-09
482.6	1.7593e-09
482.8	1.7525e-09
483.0	1.7458e-09
483.2	1.7389e-09
483.4	1.7319e-09
483.6	1.725e-09
483.8	1.7181e-09
484.0	1.7112e-09
484.2	1.7044e-09
484.4	1.6975e-09
484.6	1.6907e-09
484.8	1.684e-09
485.0	1.6772e-09
485.2	1.7881e-09
485.4	1.9064e-09
485.6	2.0324e-09
485.8	2.1668e-09
486.0	2.3101e-09
486.2	2.4628e-09
486.4	2.6256e-09
486.6	2.7992e-09
486.8	2.9843e-09
487.0	3.1816e-09
487.2	3.4659e-09
487.4	3.7794e-09
487.6	4.1212e-09
487.8	4.4939e-09
488.0	4.9004e-09
488.2	5.3436e-09
488.4	5.8269e-09
488.6	6.3539e-09
488.8	6.9285e-09
489.0	7.5552e-09
489.2	8.2108e-09
489.4	8.9182e-09
489.6	9.6866e-09
489.8	1.0521e-08
490.0	1.1428e-08
490.2	1.2412e-08
490.4	1.3482e-08
490.6	1.4643e-08
490.8	1.5905e-08
491.0	1.7275e-08
491.2	1.7203e-08
491.4	1.6655e-08
491.6	1.6124e-08
491.8	1.5611e-08
492.0	1.5113e-08
492.2	1.4632e-08
492.4	1.4166e-08
492.6	1.3715e-08
492.8	1.3278e-08
493.0	1.2855e-08
493.2	1.2762e-08
493.4	1.2836e-08
493.6	1.2909e-08
493.8	1.2984e-08
494.0	1.3058e-08
494.2	1.3133e-08
494.4	1.3209e-08
494.6	1.3285e-08
494.8	1.3361e-08
495.0	1.3438e-08
495.2	1.0644e-08
495.4	8.4305e-09
495.6	6.6776e-09
495.8	5.2892e-09
496.0	4.1895e-09
496.2	3.3184e-09
496.4	2.6284e-09
496.6	2.0819e-09
496.8	1.649e-09
497.0	1.3062e-09
497.2	1.2865e-09
497.4	1.2817e-09
497.6	1.2769e-09
497.8	1.2721e-09
498.0	1.2674e-09
498.2	1.2626e-09
498.4	1.2579e-09
498.6	1.2533e-09
498.8	1.2486e-09
499.0	1.2439e-09
499.2	1.2395e-09
499.4	1.2351e-09
499.6	1.2308e-09
499.8	1.2264e-09
500.0	1.2221e-09
500.2	1.2178e-09
500.4	1.2135e-09
500.6	1.2092e-09
500.8	1.2049e-09
501.0	1.2007e-09
501.2	1.4138e-09
501.4	1.7524e-09
501.6	2.172e-09
501.8	2.6922e-09
502.0	3.3369e-09
502.2	4.136e-09
502.4	5.1265e-09
502.6	6.3541e-09
502.8	7.8758e-09
503.0	9.7618e-09
503.2	1.0544e-08
503.4	1.0659e-08
503.6	1.0775e-08
503.8	1.0893e-08
504.0	1.1012e-08
504.2	1.1132e-08
504.4	1.1253e-08
504.6	1.1376e-08
504.8	1.15e-08
505.0	1.1625e-08
505.2	1.1251e-08
505.4	1.089e-08
505.6	1.0539e-08
505.8	1.0201e-08
506.0	9.8725e-09
506.2	9.5551e-09
506.4	9.2478e-09
506.6	8.9504e-09
506.8	8.6626e-09
507.0	8.384e-09
507.2	8.9154e-09
507.4	9.5129e-09
507.6	1.015e-08
507.8	1.0831e-08
508.0	1.1557e-08
508.2	1.2331e-08
508.4	1.3157e-08
508.6	1.4039e-08
508.8	1.498e-08
509.0	1.5984e-08
509.2	1.343e-08
509.4	1.0905e-08
509.6	8.8554e-09
509.8	7.1907e-09
510.0	5.8389e-09
510.2	4.7413e-09
510.4	3.85e-09
510.6	3.1263e-09
510.8	2.5386e-09
511.0	2.0614e-09
511.2	1.8643e-09
511.4	1.7351e-09
511.6	1.6148e-09
511.8	1.5029e-09
512.0	1.3987e-09
512.2	1.3017e-09
512.4	1.2115e-09
512.6	1.1275e-09
512.8	1.0494e-09
513.0	9.7662e-10
513.2	9.5478e-10
513.4	9.5286e-10
513.6	9.5094e-10
513.8	9.4903e-10
514.0	9.4711e-10
514.2	9.4521e-10
514.4	9.433e-10
514.6	9.414e-10
514.8	9.3951e-10
515.0	9.3761e-10
515.2	9.3385e-10
515.4	9.301e-10
515.6	9.2637e-10
515.8	9.2265e-10
516.0	9.1894e-10
516.2	9.1525e-10
516.4	9.1158e-10
516.6	9.0792e-10
516.8	9.0428e-10
517.0	9.0064e-10
517.2	1.0983e-09
517.4	1.3614e-09
517.6	1.6877e-09
517.8	2.0921e-09
518.0	2.5934e-09
518.2	3.2148e-09
518.4	3.9851e-09
518.6	4.94e-09
518.8	6.1237e-09
519.0	7.591e-09
519.2	6.5321e-09
519.4	5.2433e-09
519.6	4.2087e-09
519.8	3.3783e-09
520.0	2.7118e-09
520.2	2.1767e-09
520.4	1.7473e-09
520.6	1.4025e-09
520.8	1.1258e-09
521.0	9.0367e-10
521.2	9.4927e-10
521.4	1.0856e-09
521.6	1.2415e-09
521.8	1.4197e-09
522.0	1.6236e-09
522.2	1.8568e-09
522.4	2.1234e-09
522.6	2.4283e-09
522.8	2.777e-09
523.0	3.1757e-09
523.2	3.7017e-09
523.4	4.3526e-09
523.6	5.1181e-09
523.8	6.0182e-09
524.0	7.0765e-09
524.2	8.321e-09
524.4	9.7844e-09
524.6	1.1505e-08
524.8	1.3528e-08
525.0	1.5908e-08
525.2	1.5537e-08
525.4	1.5175e-08
525.6	1.4821e-08
525.8	1.4475e-08
526.0	1.4138e-08
526.2	1.3808e-08
526.4	1.3486e-08
526.6	1.3172e-08
526.8	1.2865e-08
527.0	1.2565e-08
527.2	1.2521e-08
527.4	1.2492e-08
527.6	1.2464e-08
527.8	1.2436e-08
528.0	1.2408e-08
528.2	1.238e-08
528.4	1.2352e-08
528.6	1.2324e-08
528.8	1.2297e-08
529.0	1.2269e-08
529.2	1.203e-08
529.4	1.1764e-08
529.6	1.1503e-08
529.8	1.1249e-08
530.0	1.0999e-08
530.2	1.0756e-08
530.4	1.0518e-08
530.6	1.0285e-08
530.8	1.0057e-08
531.0	9.8346e-09
531.2	9.7104e-09
531.4	9.6125e-09
531.6	9.5156e-09
531.8	9.4196e-09
532.0	9.3246e-09
532.2	9.2306e-09
532.4	9.1375e-09
532.6	9.0454e-09
532.8	8.9542e-09
533.0	8.8639e-09
533.2	9.4688e-09
533.4	1.0419e-08
533.6	1.1465e-08
533.8	1.2615e-08
534.0	1.3881e-08
534.2	1.5274e-08
534.4	1.6807e-08
534.6	1.8494e-08
534.8	2.035e-08
535.0	2.2392e-08
535.2	2.4685e-08
535.4	2.7212e-08
535.6	2.9998e-08
535.8	3.3069e-08
536.0	3.6454e-08
536.2	4.0186e-08
536.4	4.4301e-08
536.6	4.8836e-08
536.8	5.3836e-08
537.0	5.9347e-08
537.2	5.7121e-08
537.4	5.4462e-08
537.6	5.1927e-08
537.8	4.951e-08
538.0	4.7206e-08
538.2	4.5009e-08
538.4	4.2914e-08
538.6	4.0916e-08
538.8	3.9012e-08
539.0	3.7196e-08
539.2	3.814e-08
539.4	3.9554e-08
539.6	4.102e-08
539.8	4.2541e-08
540.0	4.4118e-08
540.2	4.5754e-08
540.4	4.745e-08
540.6	4.9209e-08
540.8	5.1033e-08
541.0	5.2925e-08
541.2	5.4543e-08
541.4	5.6122e-08
541.6	5.7746e-08
541.8	5.9418e-08
542.0	6.1138e-08
542.2	6.2907e-08
542.4	6.4728e-08
542.6	6.6602e-08
542.8	6.853e-08
543.0	7.0513e-08
543.2	6.941e-08
543.4	6.7242e-08
543.6	6.5141e-08
543.8	6.3106e-08
544.0	6.1135e-08
544.2	5.9225e-08
544.4	5.7374e-08
544.6	5.5582e-08
544.8	5.3845e-08
545.0	5.2163e-08
545.2	5.1514e-08
545.4	5.0888e-08
545.6	5.0269e-08
545.8	4.9658e-08
546.0	4.9054e-08
546.2	4.8457e-08
546.4	4.7868e-08
546.6	4.7286e-08
546.8	4.6711e-08
547.0	4.6143e-08
547.2	4.6767e-08
547.4	4.7534e-08
547.6	4.8313e-08
547.8	4.9106e-08
548.0	4.9911e-08
548.2	5.073e-08
548.4	5.1562e-08
548.6	5.2407e-08
548.8	5.3267e-08
549.0	5.414e-08
549.2	5.6643e-08
549.4	5.9589e-08
549.6	6.2688e-08
549.8	6.5948e-08
550.0	6.9378e-08
550.2	7.2986e-08
550.4	7.6782e-08
550.6	8.0775e-08
550.8	8.4976e-08
551.0	8.9396e-08
551.2	8.9409e-08
551.4	8.8156e-08
551.6	8.6921e-08
551.8	8.5703e-08
552.0	8.4502e-08
552.2	8.3318e-08
552.4	8.2151e-08
552.6	8.1e-08
552.8	7.9865e-08
553.0	7.8746e-08
553.2	7.6856e-08
553.4	7.4714e-08
553.6	7.2632e-08
553.8	7.0609e-08
554.0	6.8641e-08
554.2	6.6728e-08
554.4	6.4869e-08
554.6	6.3061e-08
554.8	6.1304e-08
555.0	5.9596e-08
555.2	5.7173e-08
555.4	5.4829e-08
555.6	5.2582e-08
555.8	5.0427e-08
556.0	4.836e-08
556.2	4.6378e-08
556.4	4.4477e-08
556.6	4.2654e-08
556.8	4.0906e-08
557.0	3.9229e-08
557.2	3.9809e-08
557.4	4.0694e-08
557.6	4.16e-08
557.8	4.2525e-08
558.0	4.3471e-08
558.2	4.4438e-08
558.4	4.5427e-08
558.6	4.6438e-08
558.8	4.7471e-08
559.0	4.8527e-08
559.2	4.8939e-08
559.4	4.9219e-08
559.6	4.9499e-08
559.8	4.9781e-08
560.0	5.0065e-08
560.2	5.0351e-08
560.4	5.0638e-08
560.6	5.0927e-08
560.8	5.1217e-08
561.0	5.1509e-08
561.2	5.1723e-08
561.4	5.1915e-08
561.6	5.2108e-08
561.8	5.2301e-08
562.0	5.2496e-08
562.2	5.269e-08
562.4	5.2886e-08
562.6	5.3082e-08
562.8	5.3279e-08
563.0	5.3477e-08
563.2	5.331e-08
563.4	5.3003e-08
563.6	5.2698e-08
563.8	5.2394e-08
564.0	5.2093e-08
564.2	5.1793e-08
564.4	5.1494e-08
564.6	5.1198e-08
564.8	5.0903e-08
565.0	5.061e-08
565.2	4.9684e-08
565.4	4.8759e-08
565.6	4.7851e-08
565.8	4.696e-08
566.0	4.6086e-08
566.2	4.5228e-08
566.4	4.4386e-08
566.6	4.356e-08
566.8	4.2749e-08
567.0	4.1953e-08
567.2	4.2251e-08
567.4	4.2681e-08
567.6	4.3114e-08
567.8	4.3552e-08
568.0	4.3995e-08
568.2	4.4442e-08
568.4	4.4894e-08
568.6	4.535e-08
568.8	4.5811e-08
569.0	4.6276e-08
569.2	4.5535e-08
569.4	4.4591e-08
569.6	4.3666e-08
569.8	4.2761e-08
570.0	4.1874e-08
570.2	4.1006e-08
570.4	4.0156e-08
570.6	3.9323e-08
570.8	3.8508e-08
571.0	3.7709e-08
571.2	3.827e-08
571.4	3.9198e-08
571.6	4.0149e-08
571.8	4.1123e-08
572.0	4.212e-08
572.2	4.3142e-08
572.4	4.4189e-08
572.6	4.526e-08
572.8	4.6358e-08
573.0	4.7483e-08
573.2	4.7485e-08
573.4	4.711e-08
573.6	4.6738e-08
573.8	4.6369e-08
574.0	4.6003e-08
574.2	4.564e-08
574.4	4.528e-08
574.6	4.4922e-08
574.8	4.4568e-08
575.0	4.4216e-08
575.2	4.3528e-08
575.4	4.2841e-08
575.6	4.2164e-08
575.8	4.1498e-08
576.0	4.0843e-08
576.2	4.0198e-08
576.4	3.9563e-08
576.6	3.8939e-08
576.8	3.8324e-08
577.0	3.7719e-08
577.2	3.8303e-08
577.4	3.9039e-08
577.6	3.9789e-08
577.8	4.0554e-08
578.0	4.1334e-08
578.2	4.2128e-08
578.4	4.2938e-08
578.6	4.3763e-08
578.8	4.4604e-08
579.0	4.5462e-08
579.2	4.5667e-08
579.4	4.5755e-08
579.6	4.5844e-08
579.8	4.5933e-08
580.0	4.6022e-08
580.2	4.6111e-08
580.4	4.62e-08
580.6	4.629e-08
580.8	4.6379e-08
581.0	4.6469e-08
581.2	4.688e-08
581.4	4.737e-08
581.6	4.7866e-08
581.8	4.8367e-08
582.0	4.8873e-08
582.2	4.9384e-08
582.4	4.9901e-08
582.6	5.0423e-08
582.8	5.0951e-08
583.0	5.1484e-08
583.2	4.6775e-08
583.4	4.1168e-08
583.6	3.6233e-08
583.8	3.189e-08
584.0	2.8067e-08
584.2	2.4703e-08
584.4	2.1742e-08
584.6	1.9135e-08
584.8	1.6842e-08
585.0	1.4823e-08
585.2	2.549e-08
585.4	2.9485e-08
585.6	7.2822e-08
585.8	2.8614e-08
586.0	3.1841e-08
586.2	1.4679e-08
586.4	3.3259e-08
586.6	3.9093e-08
586.8	1.3527e-08
587.0	9.8218e-09
587.2	2.2634e-08
587.4	6.8052e-08
587.6	1.0874e-08
587.8	1.5275e-08
588.0	2.7924e-08
588.2	4.8874e-08
588.4	3.3589e-08
588.6	2.2494e-08
588.8	3.0727e-08
589.0	3.8702e-08
589.2	2.3534e-08
589.4	2.0198e-08
589.6	1.25e-08
589.8	9.9623e-09
590.0	9.9685e-09
590.2	1.0899e-08
590.4	3.2859e-08
590.6	2.4823e-08
590.8	5.0057e-08
591.0	2.9038e-08
591.2	1.4531e-08
591.4	1.1833e-08
591.6	1.9213e-08
591.8	1.1033e-08
592.0	1.3077e-08
592.2	3.6903e-08
592.4	1.8632e-08
592.6	9.9327e-09
592.8	1.4865e-08
593.0	6.9046e-08
593.2	1.4673e-08
593.4	2.0155e-08
593.6	1.3334e-08
593.8	9.9938e-09
594.0	9.9944e-09
594.2	1.0002e-08
594.4	1.0005e-08
594.6	1.0012e-08
594.8	1.0037e-08
595.0	1.0056e-08
595.2	2.9496e-08
595.4	4.1721e-08
595.6	1.0038e-08
595.8	1.0042e-08
596.0	3.1398e-08
596.2	3.6619e-08
596.4	1.5671e-08
596.6	1.0037e-08
596.8	1.2059e-08
597.0	1.9102e-08
597.2	1.0974e-08
597.4	9.9749e-09
597.6	1.9283e-08
597.8	3.5849e-08
598.0	1.7589e-08
598.2	8.0e-09
598.4	1.539e-08
598.6	2.7753e-08
598.8	4.6015e-08
599.0	3.1601e-08
599.2	2.1243e-08
599.4	1.9766e-08
599.6	2.3881e-08
599.8	4.9023e-08
600.0	1.3574e-08
600.2	2.588e-08
600.4	4.4821e-08
600.6	5.4791e-08
600.8	3.731e-08
601.0	1.2372e-08
601.2	3.7559e-08
601.4	1.3913e-08
601.6	1.4606e-08
601.8	1.5831e-08
602.0	1.3193e-08
602.2	2.235e-08
602.4	4.3122e-08
602.6	1.6506e-08
602.8	1.0219e-08
603.0	3.2786e-08
603.2	3.1056e-08
603.4	2.3306e-08
603.6	2.7517e-08
603.8	1.0547e-08
604.0	1.8319e-08
604.2	4.1583e-08
604.4	5.5111e-08
604.6	3.4587e-08
604.8	1.9306e-08
605.0	3.8776e-08
605.2	7.8323e-08
605.4	6.2106e-08
605.6	3.7758e-08
605.8	1.8051e-08
606.0	1.176e-08
606.2	1.5247e-08
606.4	1.402e-08
606.6	4.9648e-08
606.8	6.4837e-08
607.0	2.1084e-08
607.2	1.5442e-08
607.4	3.382e-08
607.6	4.8421e-08
607.8	3.1182e-08
608.0	1.0338e-08
608.2	9.8838e-09
608.4	2.458e-08
608.6	6.5883e-08
608.8	8.5472e-08
609.0	2.5686e-08
609.2	1.2161e-08
609.4	4.4111e-08
609.6	9.3635e-08
609.8	3.2819e-08
610.0	1.5496e-08
610.2	4.309e-08
610.4	6.7386e-08
610.6	5.2729e-08
610.8	9.896e-08
611.0	2.2272e-08
611.2	2.1082e-08
611.4	6.2963e-08
611.6	1.1681e-07
611.8	8.0354e-08
612.0	6.1906e-08
612.2	1.0038e-07
612.4	1.101e-07
612.6	1.3002e-07
612.8	1.2611e-07
613.0	6.2169e-08
613.2	1.2661e-07
613.4	1.1024e-07
613.6	1.0996e-07
613.8	1.3322e-07
614.0	1.499e-07
614.2	1.6784e-07
614.4	2.4978e-07
614.6	2.3224e-07
614.8	2.5947e-07
615.0	3.1321e-07
615.2	3.0801e-07
615.4	3.0442e-07
615.6	3.4288e-07
615.8	4.1526e-07
616.0	4.3615e-07
616.2	4.9636e-07
616.4	6.0102e-07
616.6	6.9667e-07
616.8	8.0446e-07
617.0	9.3596e-07
617.2	9.9236e-07
617.4	1.1329e-06
617.6	1.2666e-06
617.8	1.4377e-06
618.0	1.6704e-06
618.2	1.944e-06
618.4	2.2065e-06
618.6	2.4259e-06
618.8	2.8959e-06
619.0	3.36e-06
619.2	3.9915e-06
619.4	4.5564e-06
619.6	5.1305e-06
619.8	6.041e-06
620.0	7.0875e-06
620.2	8.3997e-06
620.4	9.7555e-06
620.6	1.1591e-05
620.8	1.3749e-05
621.0	1.6276e-05
621.2	1.963e-05
621.4	2.3078e-05
621.6	2.7687e-05
621.8	3.2781e-05
622.0	3.9463e-05
622.2	4.7499e-05
622.4	5.7858e-05
622.6	7.0563e-05
622.8	8.5269e-05
623.0	1.0365e-04
623.2	1.2608e-04
623.4	1.5239e-04
623.6	1.9063e-04
623.8	2.3583e-04
624.0	2.9407e-04
624.2	3.6888e-04
624.4	4.6492e-04
624.6	5.883e-04
624.8	7.5326e-04
625.0	9.6591e-04
625.2	0.00124
625.4	0.00161
625.6	0.0021
625.8	0.00277
626.0	0.00351
626.2	0.00467
626.4	0.00627
626.6	0.0085
626.8	0.01166
627.0	0.01613
627.2	0.02259
627.4	0.03182
627.6	0.04531
627.8	0.06498
628.0	0.09388
628.2	0.13592
628.4	0.1957
628.6	0.27831
628.8	0.37984
629.0	0.50496
629.2	0.63446
629.4	0.75321
629.6	0.84467
629.8	0.906
630.0	0.94284
630.2	0.96415
630.4	0.97398
630.6	0.97947
630.8	0.9824
631.0	0.98395
631.2	0.98568
631.4	0.98741
631.6	0.98702
631.8	0.98691
632.0	0.98648
632.2	0.98466
632.4	0.98219
632.6	0.98064
632.8	0.9782
633.0	0.97588
633.2	0.97373
633.4	0.97195
633.6	0.97115
633.8	0.97114
634.0	0.97106
634.2	0.97175
634.4	0.97346
634.6	0.97491
634.8	0.97726
635.0	0.97909
635.2	0.98072
635.4	0.98309
635.6	0.98468
635.8	0.98577
636.0	0.98676
636.2	0.98811
636.4	0.98862
636.6	0.98839
636.8	0.98836
637.0	0.98767
637.2	0.98713
637.4	0.98629
637.6	0.98556
637.8	0.98476
638.0	0.98318
638.2	0.98284
638.4	0.98227
638.6	0.98174
638.8	0.98106
639.0	0.98065
639.2	0.98071
639.4	0.98103
639.6	0.98123
639.8	0.9818
640.0	0.98213
640.2	0.98233
640.4	0.98327
640.6	0.98354
640.8	0.9847
641.0	0.98494
641.2	0.98528
641.4	0.98551
641.6	0.98569
641.8	0.98484
642.0	0.98441
642.2	0.9838
642.4	0.98295
642.6	0.98189
642.8	0.98014
643.0	0.97883
643.2	0.97758
643.4	0.97653
643.6	0.97549
643.8	0.97474
644.0	0.97448
644.2	0.97478
644.4	0.9754
644.6	0.97638
644.8	0.97735
645.0	0.97883
645.2	0.98038
645.4	0.98192
645.6	0.98334
645.8	0.98409
646.0	0.985
646.2	0.98531
646.4	0.98483
646.6	0.98479
646.8	0.98413
647.0	0.98344
647.2	0.9821
647.4	0.97958
647.6	0.97419
647.8	0.96226
648.0	0.93846
648.2	0.89687
648.4	0.83205
648.6	0.74613
648.8	0.63556
649.0	0.51473
649.2	0.39864
649.4	0.2981
649.6	0.21739
649.8	0.15661
650.0	0.11316
650.2	0.08079
650.4	0.05791
650.6	0.04185
650.8	0.03047
651.0	0.02243
651.2	0.01662
651.4	0.01311
651.6	0.00987
651.8	0.00746
652.0	0.00571
652.2	0.00441
652.4	0.00341
652.6	0.00268
652.8	0.00202
653.0	0.0016
653.2	0.00127
653.4	0.00101
653.6	8.1717e-04
653.8	6.5539e-04
654.0	5.3435e-04
654.2	4.28e-04
654.4	3.4873e-04
654.6	2.8467e-04
654.8	2.3608e-04
655.0	1.9463e-04
655.2	1.6337e-04
655.4	1.3488e-04
655.6	1.1788e-04
655.8	9.941e-05
656.0	8.3511e-05
656.2	7.0574e-05
656.4	5.9958e-05
656.6	5.1113e-05
656.8	4.3734e-05
657.0	3.7139e-05
657.2	3.1928e-05
657.4	2.7097e-05
657.6	2.3389e-05
657.8	2.0253e-05
658.0	1.7568e-05
658.2	1.5207e-05
658.4	1.3091e-05
658.6	1.1316e-05
658.8	9.8922e-06
659.0	8.6367e-06
659.2	7.5015e-06
659.4	6.667e-06
659.6	5.8918e-06
659.8	5.0358e-06
660.0	4.4119e-06
660.2	4.1207e-06
660.4	3.5856e-06
660.6	3.1327e-06
660.8	2.7891e-06
661.0	2.5003e-06
661.2	2.2083e-06
661.4	1.9708e-06
661.6	1.8351e-06
661.8	1.7128e-06
662.0	1.491e-06
662.2	1.3001e-06
662.4	1.1705e-06
662.6	1.1018e-06
662.8	1.0111e-06
663.0	8.288e-07
663.2	7.7439e-07
663.4	7.4467e-07
663.6	7.2627e-07
663.8	6.7329e-07
664.0	5.5381e-07
664.2	5.1461e-07
664.4	3.9052e-07
664.6	3.7468e-07
664.8	3.5502e-07
665.0	3.2023e-07
665.2	2.8788e-07
665.4	3.0852e-07
665.6	3.0191e-07
665.8	2.3916e-07
666.0	1.8964e-07
666.2	1.8992e-07
666.4	2.1005e-07
666.6	2.0587e-07
666.8	1.3273e-07
667.0	1.2951e-07
667.2	1.7556e-07
667.4	1.566e-07
667.6	1.45e-07
667.8	1.5265e-07
668.0	1.6599e-07
668.2	1.0198e-07
668.4	7.0311e-08
668.6	1.1527e-07
668.8	1.2591e-07
669.0	9.4812e-08
669.2	8.1152e-08
669.4	1.2655e-07
669.6	5.1341e-08
669.8	5.8454e-08
670.0	5.8526e-08
670.2	9.3567e-08
670.4	4.4253e-08
670.6	1.3685e-08
670.8	4.8675e-08
671.0	5.1752e-08
671.2	3.9832e-08
671.4	6.6258e-08
671.6	9.3742e-08
671.8	6.7903e-08
672.0	2.9458e-08
672.2	2.9432e-08
672.4	3.3531e-08
672.6	3.0091e-08
672.8	5.9296e-08
673.0	2.7304e-08
673.2	1.6268e-08
673.4	4.4388e-08
673.6	2.1228e-08
673.8	2.2109e-08
674.0	4.4274e-08
674.2	1.6084e-08
674.4	2.576e-08
674.6	5.7997e-08
674.8	3.4016e-08
675.0	1.1203e-08
675.2	4.3252e-08
675.4	5.0995e-08
675.6	2.7022e-08
675.8	2.6454e-08
676.0	2.7685e-08
676.2	1.0244e-08
676.4	2.4617e-08
676.6	3.6715e-08
676.8	1.3882e-08
677.0	2.5395e-08
677.2	3.9715e-08
677.4	2.6926e-08
677.6	1.946e-08
677.8	1.9467e-08
678.0	1.7524e-08
678.2	2.2789e-08
678.4	3.219e-08
678.6	1.0027e-07
678.8	1.5639e-08
679.0	1.6609e-08
679.2	2.263e-08
679.4	2.9881e-08
679.6	1.7336e-08
679.8	1.006e-08
680.0	1.7303e-08
680.2	4.4191e-08
680.4	2.1222e-08
680.6	3.3636e-08
680.8	1.8897e-08
681.0	1.0836e-08
681.2	1.4139e-08
681.4	3.1226e-08
681.6	7.8861e-08
681.8	2.3529e-08
682.0	2.008e-08
682.2	1.8101e-08
682.4	2.3246e-08
682.6	1.8431e-08
682.8	1.3226e-08
683.0	2.8523e-08
683.2	1.1779e-08
683.4	2.0667e-08
683.6	4.1242e-08
683.8	2.3314e-08
684.0	1.7733e-08
684.2	4.0425e-08
684.4	3.9711e-08
684.6	1.3083e-08
684.8	1.0079e-08
685.0	1.6948e-08
685.2	3.3955e-08
685.4	3.1547e-08
685.6	1.8071e-08
685.8	1.0376e-08
686.0	1.0116e-08
686.2	1.0115e-08
686.4	1.3045e-08
686.6	3.4569e-08
686.8	6.409e-08
687.0	3.0312e-08
687.2	3.0281e-08
687.4	3.0263e-08
687.6	4.7341e-08
687.8	4.2975e-08
688.0	2.9014e-08
688.2	5.013e-08
688.4	2.7793e-08
688.6	1.1489e-08
688.8	1.6235e-08
689.0	2.0213e-08
689.2	2.3384e-08
689.4	3.3603e-08
689.6	2.9389e-08
689.8	1.0147e-08
690.0	1.0143e-08
690.2	1.0136e-08
690.4	2.6744e-08
690.6	6.2397e-08
690.8	1.9713e-08
691.0	1.1645e-08
691.2	2.0308e-08
691.4	1.1632e-08
691.6	3.3005e-08
691.8	3.2105e-08
692.0	1.2568e-08
692.2	2.3375e-08
692.4	1.8172e-08
692.6	1.0435e-08
692.8	1.7321e-08
693.0	4.4904e-08
693.2	6.8422e-08
693.4	4.4112e-08
693.6	2.4068e-08
693.8	2.0443e-08
694.0	2.0435e-08
694.2	2.3795e-08
694.4	2.5568e-08
694.6	2.8128e-08
694.8	3.1194e-08
695.0	1.0773e-08
695.2	1.8267e-08
695.4	3.0975e-08
695.6	5.2522e-08
695.8	8.9058e-08
696.0	1.5101e-07
696.2	1.8885e-07
696.4	1.8681e-07
696.6	1.848e-07
696.8	1.828e-07
697.0	1.8083e-07
697.2	1.7888e-07
697.4	1.7696e-07
697.6	1.7505e-07
697.8	1.7316e-07
698.0	1.7129e-07
698.2	1.6969e-07
698.4	1.6826e-07
698.6	1.6684e-07
698.8	1.6543e-07
699.0	1.6403e-07
699.2	1.6265e-07
699.4	1.6128e-07
699.6	1.5992e-07
699.8	1.5857e-07
700.0	1.5723e-07
700.2	1.5498e-07
700.4	1.5224e-07
700.6	1.4954e-07
700.8	1.4689e-07
701.0	1.4429e-07
701.2	1.4173e-07
701.4	1.3922e-07
701.6	1.3675e-07
701.8	1.3433e-07
702.0	1.3195e-07
702.2	1.2976e-07
702.4	1.2768e-07
702.6	1.2563e-07
702.8	1.2361e-07
703.0	1.2163e-07
703.2	1.1968e-07
703.4	1.1776e-07
703.6	1.1587e-07
703.8	1.1401e-07
704.0	1.1218e-07
704.2	1.1872e-07
704.4	1.2943e-07
704.6	1.4111e-07
704.8	1.5384e-07
705.0	1.6772e-07
705.2	1.8286e-07
705.4	1.9936e-07
705.6	2.1734e-07
705.8	2.3696e-07
706.0	2.5834e-07
706.2	2.6863e-07
706.4	2.6693e-07
706.6	2.6524e-07
706.8	2.6356e-07
707.0	2.6189e-07
707.2	2.6023e-07
707.4	2.5858e-07
707.6	2.5694e-07
707.8	2.5531e-07
708.0	2.537e-07
708.2	2.5146e-07
708.4	2.4875e-07
708.6	2.4606e-07
708.8	2.4341e-07
709.0	2.4078e-07
709.2	2.3818e-07
709.4	2.356e-07
709.6	2.3306e-07
709.8	2.3054e-07
710.0	2.2805e-07
710.2	2.2671e-07
710.4	2.2613e-07
710.6	2.2555e-07
710.8	2.2498e-07
711.0	2.2441e-07
711.2	2.2384e-07
711.4	2.2327e-07
711.6	2.227e-07
711.8	2.2213e-07
712.0	2.2156e-07
712.2	2.2158e-07
712.4	2.2191e-07
712.6	2.2225e-07
712.8	2.2258e-07
713.0	2.2292e-07
713.2	2.2326e-07
713.4	2.236e-07
713.6	2.2393e-07
713.8	2.2427e-07
714.0	2.2461e-07
714.2	2.1091e-07
714.4	1.9239e-07
714.6	1.755e-07
714.8	1.6009e-07
715.0	1.4603e-07
715.2	1.3321e-07
715.4	1.2151e-07
715.6	1.1084e-07
715.8	1.0111e-07
716.0	9.2232e-08
716.2	8.8767e-08
716.4	8.9677e-08
716.6	9.0597e-08
716.8	9.1526e-08
717.0	9.2465e-08
717.2	9.3413e-08
717.4	9.4372e-08
717.6	9.5339e-08
717.8	9.6317e-08
718.0	9.7305e-08
718.2	9.7364e-08
718.4	9.6734e-08
718.6	9.6107e-08
718.8	9.5485e-08
719.0	9.4867e-08
719.2	9.4253e-08
719.4	9.3643e-08
719.6	9.3037e-08
719.8	9.2434e-08
720.0	9.1836e-08
720.2	9.0494e-08
720.4	8.8723e-08
720.6	8.6987e-08
720.8	8.5285e-08
721.0	8.3617e-08
721.2	8.198e-08
721.4	8.0376e-08
721.6	7.8804e-08
721.8	7.7262e-08
722.0	7.575e-08
722.2	7.484e-08
722.4	7.4214e-08
722.6	7.3593e-08
722.8	7.2978e-08
723.0	7.2367e-08
723.2	7.1762e-08
723.4	7.1162e-08
723.6	7.0567e-08
723.8	6.9977e-08
724.0	6.9391e-08
724.2	7.0691e-08
724.4	7.2737e-08
724.6	7.4843e-08
724.8	7.7009e-08
725.0	7.9238e-08
725.2	8.1531e-08
725.4	8.3891e-08
725.6	8.6319e-08
725.8	8.8817e-08
726.0	9.1388e-08
726.2	9.251e-08
726.4	9.2069e-08
726.6	9.163e-08
726.8	9.1193e-08
727.0	9.0758e-08
727.2	9.0325e-08
727.4	8.9894e-08
727.6	8.9465e-08
727.8	8.9039e-08
728.0	8.8614e-08
728.2	8.8429e-08
728.4	8.8444e-08
728.6	8.8459e-08
728.8	8.8474e-08
729.0	8.8489e-08
729.2	8.8504e-08
729.4	8.852e-08
729.6	8.8535e-08
729.8	8.855e-08
730.0	8.8565e-08
730.2	8.7997e-08
730.4	8.7049e-08
730.6	8.6111e-08
730.8	8.5183e-08
731.0	8.4265e-08
731.2	8.3358e-08
731.4	8.2459e-08
731.6	8.1571e-08
731.8	8.0692e-08
732.0	7.9823e-08
732.2	7.7821e-08
732.4	7.5301e-08
732.6	7.2864e-08
732.8	7.0505e-08
733.0	6.8222e-08
733.2	6.6014e-08
733.4	6.3877e-08
733.6	6.1809e-08
733.8	5.9808e-08
734.0	5.7872e-08
734.2	5.8087e-08
734.4	5.9139e-08
734.6	6.021e-08
734.8	6.1301e-08
735.0	6.2412e-08
735.2	6.3542e-08
735.4	6.4694e-08
735.6	6.5866e-08
735.8	6.7059e-08
736.0	6.8274e-08
736.2	6.9634e-08
736.4	7.1153e-08
736.6	7.2705e-08
736.8	7.4291e-08
737.0	7.5912e-08
737.2	7.7568e-08
737.4	7.926e-08
737.6	8.0989e-08
737.8	8.2756e-08
738.0	8.4561e-08
738.2	8.4132e-08
738.4	8.1898e-08
738.6	7.9724e-08
738.8	7.7607e-08
739.0	7.5547e-08
739.2	7.3541e-08
739.4	7.1589e-08
739.6	6.9689e-08
739.8	6.7838e-08
740.0	6.6038e-08
740.2	6.4875e-08
740.4	6.4106e-08
740.6	6.3346e-08
740.8	6.2596e-08
741.0	6.1854e-08
741.2	6.1121e-08
741.4	6.0397e-08
741.6	5.9681e-08
741.8	5.8974e-08
742.0	5.8275e-08
742.2	5.8602e-08
742.4	5.943e-08
742.6	6.027e-08
742.8	6.1121e-08
743.0	6.1985e-08
743.2	6.2861e-08
743.4	6.3749e-08
743.6	6.465e-08
743.8	6.5563e-08
744.0	6.649e-08
744.2	5.9318e-08
744.4	5.0648e-08
744.6	4.3246e-08
744.8	3.6925e-08
745.0	3.1528e-08
745.2	2.692e-08
745.4	2.2986e-08
745.6	1.9626e-08
745.8	1.6758e-08
746.0	1.4308e-08
746.2	1.3498e-08
746.4	1.425e-08
746.6	1.5043e-08
746.8	1.5881e-08
747.0	1.6765e-08
747.2	1.7698e-08
747.4	1.8684e-08
747.6	1.9724e-08
747.8	2.0822e-08
748.0	2.1981e-08
748.2	2.2247e-08
748.4	2.1707e-08
748.6	2.118e-08
748.8	2.0665e-08
749.0	2.0163e-08
749.2	1.9674e-08
749.4	1.9196e-08
749.6	1.873e-08
749.8	1.8275e-08
750.0	1.7831e-08
750.2	1.8603e-08
750.4	2.0276e-08
750.6	2.21e-08
750.8	2.4088e-08
751.0	2.6255e-08
751.2	2.8617e-08
751.4	3.1191e-08
751.6	3.3997e-08
751.8	3.7055e-08
752.0	4.0388e-08
752.2	3.8883e-08
752.4	3.5262e-08
752.6	3.1979e-08
752.8	2.9001e-08
753.0	2.63e-08
753.2	2.3851e-08
753.4	2.163e-08
753.6	1.9616e-08
753.8	1.7789e-08
754.0	1.6133e-08
754.2	1.2375e-08
754.4	8.9765e-09
754.6	6.5115e-09
754.8	4.7235e-09
755.0	3.4264e-09
755.2	2.4855e-09
755.4	1.803e-09
755.6	1.3079e-09
755.8	9.4872e-10
756.0	6.882e-10
756.2	7.4828e-10
756.4	1.3212e-09
756.6	2.3326e-09
756.8	4.1184e-09
757.0	7.2715e-09
757.2	1.2838e-08
757.4	2.2667e-08
757.6	4.0021e-08
757.8	7.0661e-08
758.0	1.2476e-07
758.2	1.7676e-07
758.4	2.0521e-07
758.6	2.3825e-07
758.8	2.766e-07
759.0	3.2113e-07
759.2	3.7283e-07
759.4	4.3286e-07
759.6	5.0254e-07
759.8	5.8344e-07
760.0	6.7737e-07
760.2	6.4939e-07
760.4	5.4796e-07
760.6	4.6237e-07
760.8	3.9015e-07
761.0	3.2921e-07
761.2	2.7779e-07
761.4	2.344e-07
761.6	1.9779e-07
761.8	1.6689e-07
762.0	1.4083e-07
762.2	1.3124e-07
762.4	1.2816e-07
762.6	1.2515e-07
762.8	1.2222e-07
763.0	1.1935e-07
763.2	1.1655e-07
763.4	1.1381e-07
763.6	1.1114e-07
763.8	1.0853e-07
764.0	1.0599e-07
764.2	1.075e-07
764.4	1.1036e-07
764.6	1.1329e-07
764.8	1.163e-07
765.0	1.1938e-07
765.2	1.2255e-07
765.4	1.2581e-07
765.6	1.2915e-07
765.8	1.3257e-07
766.0	1.3609e-07
766.2	1.4227e-07
766.4	1.5176e-07
766.6	1.6188e-07
766.8	1.7267e-07
767.0	1.8418e-07
767.2	1.9646e-07
767.4	2.0955e-07
767.6	2.2352e-07
767.8	2.3843e-07
768.0	2.5432e-07
768.2	2.7299e-07
768.4	2.9455e-07
768.6	3.1781e-07
768.8	3.4291e-07
769.0	3.6999e-07
769.2	3.9921e-07
769.4	4.3073e-07
769.6	4.6475e-07
769.8	5.0145e-07
770.0	5.4105e-07
770.2	5.7721e-07
770.4	6.1182e-07
770.6	6.485e-07
770.8	6.8737e-07
771.0	7.2858e-07
771.2	7.7226e-07
771.4	8.1855e-07
771.6	8.6762e-07
771.8	9.1963e-07
772.0	9.7477e-07
772.2	1.0117e-06
772.4	1.0416e-06
772.6	1.0723e-06
772.8	1.104e-06
773.0	1.1365e-06
773.2	1.1701e-06
773.4	1.2046e-06
773.6	1.2402e-06
773.8	1.2767e-06
774.0	1.3144e-06
774.2	1.3425e-06
774.4	1.3686e-06
774.6	1.3952e-06
774.8	1.4224e-06
775.0	1.45e-06
775.2	1.4782e-06
775.4	1.5069e-06
775.6	1.5362e-06
775.8	1.5661e-06
776.0	1.5966e-06
776.2	1.6219e-06
776.4	1.6402e-06
776.6	1.6586e-06
776.8	1.6772e-06
777.0	1.696e-06
777.2	1.7151e-06
777.4	1.7343e-06
777.6	1.7538e-06
777.8	1.7735e-06
778.0	1.7934e-06
778.2	1.7928e-06
778.4	1.7728e-06
778.6	1.753e-06
778.8	1.7335e-06
779.0	1.7142e-06
779.2	1.695e-06
779.4	1.6762e-06
779.6	1.6575e-06
779.8	1.639e-06
780.0	1.6207e-06
780.2	1.5898e-06
780.4	1.5513e-06
780.6	1.5137e-06
780.8	1.477e-06
781.0	1.4412e-06
781.2	1.4062e-06
781.4	1.3722e-06
781.6	1.3389e-06
781.8	1.3065e-06
782.0	1.2748e-06
782.2	1.2501e-06
782.4	1.2285e-06
782.6	1.2073e-06
782.8	1.1865e-06
783.0	1.166e-06
783.2	1.1459e-06
783.4	1.1262e-06
783.6	1.1067e-06
783.8	1.0877e-06
784.0	1.0689e-06
784.2	1.0642e-06
784.4	1.0631e-06
784.6	1.0621e-06
784.8	1.061e-06
785.0	1.06e-06
785.2	1.0589e-06
785.4	1.0579e-06
785.6	1.0568e-06
785.8	1.0558e-06
786.0	1.0547e-06
786.2	1.0633e-06
786.4	1.0847e-06
786.6	1.1066e-06
786.8	1.1288e-06
787.0	1.1516e-06
787.2	1.1748e-06
787.4	1.1984e-06
787.6	1.2225e-06
787.8	1.2471e-06
788.0	1.2723e-06
788.2	1.2977e-06
788.4	1.3236e-06
788.6	1.35e-06
788.8	1.3769e-06
789.0	1.4043e-06
789.2	1.4323e-06
789.4	1.4609e-06
789.6	1.49e-06
789.8	1.5197e-06
790.0	1.55e-06
790.2	1.5655e-06
790.4	1.5719e-06
790.6	1.5783e-06
790.8	1.5848e-06
791.0	1.5912e-06
791.2	1.5977e-06
791.4	1.6043e-06
791.6	1.6108e-06
791.8	1.6174e-06
792.0	1.624e-06
792.2	1.5958e-06
792.4	1.555e-06
792.6	1.5151e-06
792.8	1.4764e-06
793.0	1.4386e-06
793.2	1.4017e-06
793.4	1.3658e-06
793.6	1.3309e-06
793.8	1.2968e-06
794.0	1.2636e-06
794.2	1.2244e-06
794.4	1.1849e-06
794.6	1.1467e-06
794.8	1.1098e-06
795.0	1.074e-06
795.2	1.0394e-06
795.4	1.0059e-06
795.6	9.7348e-07
795.8	9.4211e-07
796.0	9.1174e-07
796.2	8.8924e-07
796.4	8.7626e-07
796.6	8.6347e-07
796.8	8.5087e-07
797.0	8.3845e-07
797.2	8.2621e-07
797.4	8.1415e-07
797.6	8.0227e-07
797.8	7.9056e-07
798.0	7.7902e-07
798.2	7.7367e-07
798.4	7.737e-07
798.6	7.7373e-07
798.8	7.7375e-07
799.0	7.7378e-07
799.2	7.7381e-07
799.4	7.7383e-07
799.6	7.7386e-07
799.8	7.7389e-07
800.0	7.7391e-07
800.2	7.8245e-07
800.4	7.9607e-07
800.6	8.0992e-07
800.8	8.2402e-07
801.0	8.3836e-07
801.2	8.5295e-07
801.4	8.678e-07
801.6	8.829e-07
801.8	8.9827e-07
802.0	9.1391e-07
802.2	9.4026e-07
802.4	9.7119e-07
802.6	1.0031e-06
802.8	1.0361e-06
803.0	1.0702e-06
803.2	1.1054e-06
803.4	1.1418e-06
803.6	1.1793e-06
803.8	1.2181e-06
804.0	1.2581e-06
804.2	1.2896e-06
804.4	1.3201e-06
804.6	1.3512e-06
804.8	1.3831e-06
805.0	1.4158e-06
805.2	1.4492e-06
805.4	1.4834e-06
805.6	1.5184e-06
805.8	1.5543e-06
806.0	1.591e-06
806.2	1.6174e-06
806.4	1.6281e-06
806.6	1.6388e-06
806.8	1.6496e-06
807.0	1.6605e-06
807.2	1.6715e-06
807.4	1.6826e-06
807.6	1.6937e-06
807.8	1.7049e-06
808.0	1.7162e-06
808.2	1.7124e-06
808.4	1.6945e-06
808.6	1.6769e-06
808.8	1.6594e-06
809.0	1.6421e-06
809.2	1.6249e-06
809.4	1.608e-06
809.6	1.5912e-06
809.8	1.5746e-06
810.0	1.5582e-06
810.2	1.5487e-06
810.4	1.5433e-06
810.6	1.538e-06
810.8	1.5326e-06
811.0	1.5273e-06
811.2	1.522e-06
811.4	1.5167e-06
811.6	1.5114e-06
811.8	1.5062e-06
812.0	1.5009e-06
812.2	1.5055e-06
812.4	1.5138e-06
812.6	1.522e-06
812.8	1.5303e-06
813.0	1.5387e-06
813.2	1.5471e-06
813.4	1.5555e-06
813.6	1.564e-06
813.8	1.5726e-06
814.0	1.5811e-06
814.2	1.5962e-06
814.4	1.6126e-06
814.6	1.6291e-06
814.8	1.6458e-06
815.0	1.6627e-06
815.2	1.6798e-06
815.4	1.697e-06
815.6	1.7144e-06
815.8	1.732e-06
816.0	1.7497e-06
816.2	1.7555e-06
816.4	1.7426e-06
816.6	1.7298e-06
816.8	1.7171e-06
817.0	1.7046e-06
817.2	1.6921e-06
817.4	1.6797e-06
817.6	1.6674e-06
817.8	1.6551e-06
818.0	1.643e-06
818.2	1.6124e-06
818.4	1.5652e-06
818.6	1.5193e-06
818.8	1.4748e-06
819.0	1.4316e-06
819.2	1.3897e-06
819.4	1.3489e-06
819.6	1.3094e-06
819.8	1.271e-06
820.0	1.2338e-06
820.2	1.1936e-06
820.4	1.1524e-06
820.6	1.1126e-06
820.8	1.0742e-06
821.0	1.0371e-06
821.2	1.0013e-06
821.4	9.6673e-07
821.6	9.3336e-07
821.8	9.0113e-07
822.0	8.7002e-07
822.2	8.4706e-07
822.4	8.2707e-07
822.6	8.0756e-07
822.8	7.885e-07
823.0	7.699e-07
823.2	7.5173e-07
823.4	7.3399e-07
823.6	7.1668e-07
823.8	6.9977e-07
824.0	6.8325e-07
824.2	6.7453e-07
824.4	6.6705e-07
824.6	6.5966e-07
824.8	6.5236e-07
825.0	6.4513e-07
825.2	6.3799e-07
825.4	6.3092e-07
825.6	6.2393e-07
825.8	6.1702e-07
826.0	6.1018e-07
826.2	6.0648e-07
826.4	6.0749e-07
826.6	6.0849e-07
826.8	6.095e-07
827.0	6.1051e-07
827.2	6.1152e-07
827.4	6.1253e-07
827.6	6.1354e-07
827.8	6.1456e-07
828.0	6.1557e-07
828.2	6.2263e-07
828.4	6.3558e-07
828.6	6.488e-07
828.8	6.6229e-07
829.0	6.7606e-07
829.2	6.9012e-07
829.4	7.0447e-07
829.6	7.1912e-07
829.8	7.3408e-07
830.0	7.4935e-07
830.2	7.6875e-07
830.4	7.9091e-07
830.6	8.1371e-07
830.8	8.3717e-07
831.0	8.613e-07
831.2	8.8613e-07
831.4	9.1168e-07
831.6	9.3796e-07
831.8	9.65e-07
832.0	9.9282e-07
832.2	1.027e-06
832.4	1.0642e-06
832.6	1.1028e-06
832.8	1.1428e-06
833.0	1.1842e-06
833.2	1.2271e-06
833.4	1.2716e-06
833.6	1.3177e-06
833.8	1.3654e-06
834.0	1.4149e-06
834.2	1.4447e-06
834.4	1.4724e-06
834.6	1.5007e-06
834.8	1.5295e-06
835.0	1.5588e-06
835.2	1.5887e-06
835.4	1.6192e-06
835.6	1.6503e-06
835.8	1.682e-06
836.0	1.7142e-06
836.2	1.7427e-06
836.4	1.7633e-06
836.6	1.7842e-06
836.8	1.8053e-06
837.0	1.8267e-06
837.2	1.8484e-06
837.4	1.8703e-06
837.6	1.8924e-06
837.8	1.9149e-06
838.0	1.9376e-06
838.2	1.9433e-06
838.4	1.9306e-06
838.6	1.918e-06
838.8	1.9054e-06
839.0	1.8929e-06
839.2	1.8805e-06
839.4	1.8682e-06
839.6	1.856e-06
839.8	1.8438e-06
840.0	1.8318e-06
840.2	1.8143e-06
840.4	1.7935e-06
840.6	1.773e-06
840.8	1.7527e-06
841.0	1.7326e-06
841.2	1.7128e-06
841.4	1.6932e-06
841.6	1.6738e-06
841.8	1.6546e-06
842.0	1.6357e-06
842.2	1.6123e-06
842.4	1.5877e-06
842.6	1.5634e-06
842.8	1.5395e-06
843.0	1.516e-06
843.2	1.4928e-06
843.4	1.47e-06
843.6	1.4475e-06
843.8	1.4254e-06
844.0	1.4036e-06
844.2	1.3636e-06
844.4	1.3223e-06
844.6	1.2823e-06
844.8	1.2435e-06
845.0	1.2059e-06
845.2	1.1694e-06
845.4	1.134e-06
845.6	1.0996e-06
845.8	1.0663e-06
846.0	1.0341e-06
846.2	1.0084e-06
846.4	9.9448e-07
846.6	9.8073e-07
846.8	9.6716e-07
847.0	9.5379e-07
847.2	9.406e-07
847.4	9.2759e-07
847.6	9.1476e-07
847.8	9.0211e-07
848.0	8.8963e-07
848.2	8.7468e-07
848.4	8.5705e-07
848.6	8.3977e-07
848.8	8.2284e-07
849.0	8.0626e-07
849.2	7.9e-07
849.4	7.7408e-07
849.6	7.5848e-07
849.8	7.4319e-07
850.0	7.2821e-07
850.2	7.1369e-07
850.4	6.9958e-07
850.6	6.8574e-07
850.8	6.7218e-07
851.0	6.5888e-07
851.2	6.4585e-07
851.4	6.3307e-07
851.6	6.2055e-07
851.8	6.0828e-07
852.0	5.9625e-07
852.2	5.8851e-07
852.4	5.8224e-07
852.6	5.7605e-07
852.8	5.6992e-07
853.0	5.6385e-07
853.2	5.5785e-07
853.4	5.5191e-07
853.6	5.4604e-07
853.8	5.4023e-07
854.0	5.3448e-07
854.2	5.266e-07
854.4	5.1856e-07
854.6	5.1065e-07
854.8	5.0285e-07
855.0	4.9518e-07
855.2	4.8762e-07
855.4	4.8018e-07
855.6	4.7285e-07
855.8	4.6563e-07
856.0	4.5852e-07
856.2	4.5626e-07
856.4	4.633e-07
856.6	4.7046e-07
856.8	4.7772e-07
857.0	4.8509e-07
857.2	4.9258e-07
857.4	5.0018e-07
857.6	5.079e-07
857.8	5.1574e-07
858.0	5.2371e-07
858.2	5.3007e-07
858.4	5.3465e-07
858.6	5.3926e-07
858.8	5.4391e-07
859.0	5.486e-07
859.2	5.5334e-07
859.4	5.5811e-07
859.6	5.6292e-07
859.8	5.6778e-07
860.0	5.7268e-07
860.2	5.7989e-07
860.4	5.8857e-07
860.6	5.9738e-07
860.8	6.0632e-07
861.0	6.154e-07
861.2	6.2462e-07
861.4	6.3397e-07
861.6	6.4346e-07
861.8	6.5309e-07
862.0	6.6287e-07
862.2	6.739e-07
862.4	6.8543e-07
862.6	6.9717e-07
862.8	7.0911e-07
863.0	7.2125e-07
863.2	7.336e-07
863.4	7.4616e-07
863.6	7.5894e-07
863.8	7.7194e-07
864.0	7.8515e-07
864.2	7.8618e-07
864.4	7.8613e-07
864.6	7.8608e-07
864.8	7.8603e-07
865.0	7.8598e-07
865.2	7.8594e-07
865.4	7.8589e-07
865.6	7.8584e-07
865.8	7.8579e-07
866.0	7.8574e-07
866.2	7.883e-07
866.4	7.9606e-07
866.6	8.0391e-07
866.8	8.1183e-07
867.0	8.1983e-07
867.2	8.279e-07
867.4	8.3606e-07
867.6	8.443e-07
867.8	8.5262e-07
868.0	8.6102e-07
868.2	8.5803e-07
868.4	8.4309e-07
868.6	8.2842e-07
868.8	8.1399e-07
869.0	7.9982e-07
869.2	7.8589e-07
869.4	7.7221e-07
869.6	7.5877e-07
869.8	7.4556e-07
870.0	7.3257e-07
870.2	7.176e-07
870.4	7.0168e-07
870.6	6.8612e-07
870.8	6.709e-07
871.0	6.5602e-07
871.2	6.4147e-07
871.4	6.2724e-07
871.6	6.1332e-07
871.8	5.9972e-07
872.0	5.8642e-07
872.2	5.7234e-07
872.4	5.5832e-07
872.6	5.4464e-07
872.8	5.313e-07
873.0	5.1829e-07
873.2	5.0559e-07
873.4	4.932e-07
873.6	4.8112e-07
873.8	4.6934e-07
874.0	4.5784e-07
874.2	4.5183e-07
874.4	4.4622e-07
874.6	4.4069e-07
874.8	4.3523e-07
875.0	4.2983e-07
875.2	4.245e-07
875.4	4.1923e-07
875.6	4.1404e-07
875.8	4.089e-07
876.0	4.0383e-07
876.2	4.0131e-07
876.4	4.0451e-07
876.6	4.0773e-07
876.8	4.1097e-07
877.0	4.1425e-07
877.2	4.1754e-07
877.4	4.2087e-07
877.6	4.2422e-07
877.8	4.2759e-07
878.0	4.31e-07
878.2	4.3682e-07
878.4	4.456e-07
878.6	4.5455e-07
878.8	4.6368e-07
879.0	4.7299e-07
879.2	4.8249e-07
879.4	4.9218e-07
879.6	5.0207e-07
879.8	5.1215e-07
880.0	5.2244e-07
880.2	5.379e-07
880.4	5.5704e-07
880.6	5.7687e-07
880.8	5.974e-07
881.0	6.1866e-07
881.2	6.4068e-07
881.4	6.6349e-07
881.6	6.871e-07
881.8	7.1156e-07
882.0	7.3688e-07
882.2	7.6985e-07
882.4	8.0635e-07
882.6	8.4458e-07
882.8	8.8462e-07
883.0	9.2656e-07
883.2	9.7048e-07
883.4	1.0165e-06
883.6	1.0647e-06
883.8	1.1152e-06
884.0	1.168e-06
884.2	1.18e-06
884.4	1.1893e-06
884.6	1.1987e-06
884.8	1.2082e-06
885.0	1.2178e-06
885.2	1.2274e-06
885.4	1.2371e-06
885.6	1.2469e-06
885.8	1.2568e-06
886.0	1.2667e-06
886.2	1.2675e-06
886.4	1.2442e-06
886.6	1.2214e-06
886.8	1.199e-06
887.0	1.177e-06
887.2	1.1554e-06
887.4	1.1342e-06
887.6	1.1134e-06
887.8	1.0929e-06
888.0	1.0729e-06
888.2	1.0372e-06
888.4	9.8302e-07
888.6	9.3166e-07
888.8	8.8298e-07
889.0	8.3684e-07
889.2	7.9311e-07
889.4	7.5167e-07
889.6	7.124e-07
889.8	6.7517e-07
890.0	6.3989e-07
890.2	6.0742e-07
890.4	5.7721e-07
890.6	5.485e-07
890.8	5.2122e-07
891.0	4.9529e-07
891.2	4.7066e-07
891.4	4.4725e-07
891.6	4.25e-07
891.8	4.0386e-07
892.0	3.8378e-07
892.2	3.7118e-07
892.4	3.6094e-07
892.6	3.5099e-07
892.8	3.4132e-07
893.0	3.3191e-07
893.2	3.2275e-07
893.4	3.1386e-07
893.6	3.052e-07
893.8	2.9679e-07
894.0	2.8861e-07
894.2	2.8141e-07
894.4	2.7444e-07
894.6	2.6764e-07
894.8	2.6102e-07
895.0	2.5455e-07
895.2	2.4825e-07
895.4	2.421e-07
895.6	2.3611e-07
895.8	2.3026e-07
896.0	2.2456e-07
896.2	2.2046e-07
896.4	2.2044e-07
896.6	2.2043e-07
896.8	2.2042e-07
897.0	2.2041e-07
897.2	2.204e-07
897.4	2.2039e-07
897.6	2.2038e-07
897.8	2.2037e-07
898.0	2.2035e-07
898.2	2.1856e-07
898.4	2.1452e-07
898.6	2.1054e-07
898.8	2.0665e-07
899.0	2.0282e-07
899.2	1.9906e-07
899.4	1.9538e-07
899.6	1.9176e-07
899.8	1.8821e-07
900.0	1.8472e-07
900.2	1.7963e-07
900.4	1.7363e-07
900.6	1.6782e-07
900.8	1.6221e-07
901.0	1.5679e-07
901.2	1.5155e-07
901.4	1.4649e-07
901.6	1.4159e-07
901.8	1.3686e-07
902.0	1.3228e-07
902.2	1.2888e-07
902.4	1.2585e-07
902.6	1.2289e-07
902.8	1.1999e-07
903.0	1.1717e-07
903.2	1.1441e-07
903.4	1.1172e-07
903.6	1.0909e-07
903.8	1.0653e-07
904.0	1.0402e-07
904.2	9.9302e-08
904.4	9.4697e-08
904.6	9.0306e-08
904.8	8.6119e-08
905.0	8.2126e-08
905.2	7.8318e-08
905.4	7.4686e-08
905.6	7.1223e-08
905.8	6.792e-08
906.0	6.4771e-08
906.2	6.1953e-08
906.4	5.9752e-08
906.6	5.7629e-08
906.8	5.5581e-08
907.0	5.3606e-08
907.2	5.1701e-08
907.4	4.9864e-08
907.6	4.8093e-08
907.8	4.6384e-08
908.0	4.4736e-08
908.2	4.363e-08
908.4	4.3161e-08
908.6	4.2697e-08
908.8	4.2238e-08
909.0	4.1784e-08
909.2	4.1335e-08
909.4	4.0891e-08
909.6	4.0451e-08
909.8	4.0016e-08
910.0	3.9586e-08
910.2	3.8865e-08
910.4	3.7978e-08
910.6	3.7111e-08
910.8	3.6263e-08
911.0	3.5435e-08
911.2	3.4626e-08
911.4	3.3835e-08
911.6	3.3063e-08
911.8	3.2308e-08
912.0	3.157e-08
912.2	3.1838e-08
912.4	3.237e-08
912.6	3.2912e-08
912.8	3.3462e-08
913.0	3.4022e-08
913.2	3.4591e-08
913.4	3.517e-08
913.6	3.5758e-08
913.8	3.6356e-08
914.0	3.6964e-08
914.2	3.5273e-08
914.4	3.3616e-08
914.6	3.2036e-08
914.8	3.0531e-08
915.0	2.9097e-08
915.2	2.773e-08
915.4	2.6427e-08
915.6	2.5185e-08
915.8	2.4002e-08
916.0	2.2874e-08
916.2	2.2333e-08
916.4	2.3588e-08
916.6	2.4914e-08
916.8	2.6314e-08
917.0	2.7793e-08
917.2	2.9356e-08
917.4	3.1006e-08
917.6	3.2749e-08
917.8	3.459e-08
918.0	3.6534e-08
918.2	3.7933e-08
918.4	3.8447e-08
918.6	3.8969e-08
918.8	3.9497e-08
919.0	4.0033e-08
919.2	4.0575e-08
919.4	4.1125e-08
919.6	4.1683e-08
919.8	4.2248e-08
920.0	4.2821e-08
920.2	4.3686e-08
920.4	4.4763e-08
920.6	4.5867e-08
920.8	4.6998e-08
921.0	4.8157e-08
921.2	4.9345e-08
921.4	5.0562e-08
921.6	5.1809e-08
921.8	5.3086e-08
922.0	5.4395e-08
922.2	5.6803e-08
922.4	5.9617e-08
922.6	6.2571e-08
922.8	6.5671e-08
923.0	6.8925e-08
923.2	7.234e-08
923.4	7.5924e-08
923.6	7.9685e-08
923.8	8.3633e-08
924.0	8.7777e-08
924.2	9.06e-08
924.4	9.3483e-08
924.6	9.6458e-08
924.8	9.9527e-08
925.0	1.0269e-07
925.2	1.0596e-07
925.4	1.0933e-07
925.6	1.1281e-07
925.8	1.164e-07
926.0	1.201e-07
926.2	1.2478e-07
926.4	1.3272e-07
926.6	1.4117e-07
926.8	1.5016e-07
927.0	1.5971e-07
927.2	1.6988e-07
927.4	1.807e-07
927.6	1.922e-07
927.8	2.0444e-07
928.0	2.1745e-07
928.2	2.3102e-07
928.4	2.4503e-07
928.6	2.5988e-07
928.8	2.7564e-07
929.0	2.9236e-07
929.2	3.1008e-07
929.4	3.2888e-07
929.6	3.4882e-07
929.8	3.6997e-07
930.0	3.9241e-07
930.2	4.1378e-07
930.4	4.3467e-07
930.6	4.5661e-07
930.8	4.7966e-07
931.0	5.0387e-07
931.2	5.2931e-07
931.4	5.5602e-07
931.6	5.8409e-07
931.8	6.1357e-07
932.0	6.4455e-07
932.2	6.6682e-07
932.4	6.8724e-07
932.6	7.0829e-07
932.8	7.2998e-07
933.0	7.5233e-07
933.2	7.7537e-07
933.4	7.9911e-07
933.6	8.2358e-07
933.8	8.488e-07
934.0	8.7479e-07
934.2	8.8555e-07
934.4	8.9644e-07
934.6	9.0746e-07
934.8	9.1862e-07
935.0	9.2992e-07
935.2	9.4135e-07
935.4	9.5293e-07
935.6	9.6464e-07
935.8	9.7651e-07
936.0	9.8851e-07
936.2	1.002e-06
936.4	1.0209e-06
936.6	1.0403e-06
936.8	1.0599e-06
937.0	1.08e-06
937.2	1.1004e-06
937.4	1.1212e-06
937.6	1.1424e-06
937.8	1.164e-06
938.0	1.186e-06
938.2	1.2052e-06
938.4	1.2201e-06
938.6	1.2351e-06
938.8	1.2503e-06
939.0	1.2657e-06
939.2	1.2813e-06
939.4	1.2971e-06
939.6	1.3131e-06
939.8	1.3292e-06
940.0	1.3456e-06
940.2	1.3622e-06
940.4	1.379e-06
940.6	1.396e-06
940.8	1.4082e-06
941.0	1.4201e-06
941.2	1.4321e-06
941.4	1.4442e-06
941.6	1.4564e-06
941.8	1.4687e-06
942.0	1.4811e-06
942.2	1.4936e-06
942.4	1.5062e-06
942.6	1.5162e-06
942.8	1.505e-06
943.0	1.4939e-06
943.2	1.4829e-06
943.4	1.4719e-06
943.6	1.4611e-06
943.8	1.4503e-06
944.0	1.4396e-06
944.2	1.429e-06
944.4	1.4184e-06
944.6	1.4016e-06
944.8	1.3717e-06
945.0	1.3423e-06
945.2	1.3136e-06
945.4	1.2855e-06
945.6	1.258e-06
945.8	1.2311e-06
946.0	1.2048e-06
946.2	1.179e-06
946.4	1.1538e-06
946.6	1.1291e-06
946.8	1.105e-06
947.0	1.0813e-06
947.2	1.0601e-06
947.4	1.0397e-06
947.6	1.0198e-06
947.8	1.0001e-06
948.0	9.8091e-07
948.2	9.6204e-07
948.4	9.4354e-07
948.6	9.254e-07
948.8	9.076e-07
949.0	8.905e-07
949.2	8.8348e-07
949.4	8.765e-07
949.6	8.6959e-07
949.8	8.6272e-07
950.0	8.5592e-07
950.2	8.4916e-07
950.4	8.4246e-07
950.6	8.3581e-07
950.8	8.2921e-07
951.0	8.2267e-07
951.2	8.1618e-07
951.4	8.0974e-07
951.6	8.0335e-07
951.8	7.9701e-07
952.0	7.9072e-07
952.2	7.8447e-07
952.4	7.7828e-07
952.6	7.7214e-07
952.8	7.6605e-07
953.0	7.6e-07
953.2	7.54e-07
953.4	7.4805e-07
953.6	7.5201e-07
953.8	7.6019e-07
954.0	7.6844e-07
954.2	7.7679e-07
954.4	7.8523e-07
954.6	7.9377e-07
954.8	8.0239e-07
955.0	8.1111e-07
955.2	8.1992e-07
955.4	8.2883e-07
955.6	8.3783e-07
955.8	8.4694e-07
956.0	8.5614e-07
956.2	8.6544e-07
956.4	8.7484e-07
956.6	8.8435e-07
956.8	8.9396e-07
957.0	9.0367e-07
957.2	9.1349e-07
957.4	9.2347e-07
957.6	9.3388e-07
957.8	9.4441e-07
958.0	9.5506e-07
958.2	9.6583e-07
958.4	9.7671e-07
958.6	9.8773e-07
958.8	9.9886e-07
959.0	1.0101e-06
959.2	1.0215e-06
959.4	1.033e-06
959.6	1.0447e-06
959.8	1.0565e-06
960.0	1.0684e-06
960.2	1.0804e-06
960.4	1.0926e-06
960.6	1.1049e-06
960.8	1.1174e-06
961.0	1.13e-06
961.2	1.1427e-06
961.4	1.1384e-06
961.6	1.123e-06
961.8	1.1079e-06
962.0	1.0929e-06
962.2	1.0782e-06
962.4	1.0636e-06
962.6	1.0492e-06
962.8	1.0351e-06
963.0	1.0211e-06
963.2	1.0073e-06
963.4	9.9374e-07
963.6	9.8033e-07
963.8	9.671e-07
964.0	9.5404e-07
964.2	9.4117e-07
964.4	9.2847e-07
964.6	9.1593e-07
964.8	9.0357e-07
965.0	8.9138e-07
965.2	8.7948e-07
965.4	8.6956e-07
965.6	8.5975e-07
965.8	8.5005e-07
966.0	8.4047e-07
966.2	8.3098e-07
966.4	8.2161e-07
966.6	8.1234e-07
966.8	8.0318e-07
967.0	7.9412e-07
967.2	7.8516e-07
967.4	7.763e-07
967.6	7.6754e-07
967.8	7.5888e-07
968.0	7.5032e-07
968.2	7.4186e-07
968.4	7.3349e-07
968.6	7.2522e-07
968.8	7.1703e-07
969.0	7.0895e-07
969.2	7.0672e-07
969.4	7.0923e-07
969.6	7.1176e-07
969.8	7.143e-07
970.0	7.1684e-07
970.2	7.194e-07
970.4	7.2196e-07
970.6	7.2453e-07
970.8	7.2711e-07
971.0	7.297e-07
971.2	7.323e-07
971.4	7.3491e-07
971.6	7.3753e-07
971.8	7.4016e-07
972.0	7.428e-07
972.2	7.57e-07
972.4	7.7148e-07
972.6	7.8624e-07
972.8	8.0128e-07
973.0	8.166e-07
973.2	8.3222e-07
973.4	8.4814e-07
973.6	8.6436e-07
973.8	8.8089e-07
974.0	8.9774e-07
974.2	9.1491e-07
974.4	9.3241e-07
974.6	9.5025e-07
974.8	9.6842e-07
975.0	9.8695e-07
975.2	1.0058e-06
975.4	1.0251e-06
975.6	1.0321e-06
975.8	1.0372e-06
976.0	1.0424e-06
976.2	1.0476e-06
976.4	1.0528e-06
976.6	1.058e-06
976.8	1.0633e-06
977.0	1.0686e-06
977.2	1.0739e-06
977.4	1.0792e-06
977.6	1.0846e-06
977.8	1.09e-06
978.0	1.0954e-06
978.2	1.1009e-06
978.4	1.1064e-06
978.6	1.1119e-06
978.8	1.1174e-06
979.0	1.1229e-06
979.2	1.1285e-06
979.4	1.1312e-06
979.6	1.1265e-06
979.8	1.1219e-06
980.0	1.1172e-06
980.2	1.1125e-06
980.4	1.1079e-06
980.6	1.1033e-06
980.8	1.0987e-06
981.0	1.0941e-06
981.2	1.0896e-06
981.4	1.0851e-06
981.6	1.0805e-06
981.8	1.0761e-06
982.0	1.0716e-06
982.2	1.0671e-06
982.4	1.0627e-06
982.6	1.0583e-06
982.8	1.0539e-06
983.0	1.0495e-06
983.2	1.0451e-06
983.4	1.0264e-06
983.6	1.0022e-06
983.8	9.7864e-07
984.0	9.5559e-07
984.2	9.3308e-07
984.4	9.111e-07
984.6	8.8964e-07
984.8	8.6868e-07
985.0	8.4822e-07
985.2	8.2824e-07
985.4	8.0873e-07
985.6	7.8967e-07
985.8	7.7107e-07
986.0	7.5291e-07
986.2	7.3517e-07
986.4	7.1786e-07
986.6	7.0095e-07
986.8	6.8443e-07
987.0	6.6831e-07
987.2	6.5251e-07
987.4	6.3676e-07
987.6	6.2138e-07
987.8	6.0638e-07
988.0	5.9173e-07
988.2	5.7744e-07
988.4	5.635e-07
988.6	5.4989e-07
988.8	5.3661e-07
989.0	5.2366e-07
989.2	5.1101e-07
989.4	4.9867e-07
989.6	4.8663e-07
989.8	4.7488e-07
990.0	4.6341e-07
990.2	4.5222e-07
990.4	4.413e-07
990.6	4.3064e-07
990.8	4.2024e-07
991.0	4.101e-07
991.2	4.1429e-07
991.4	4.2872e-07
991.6	4.4365e-07
991.8	4.5911e-07
992.0	4.751e-07
992.2	4.9164e-07
992.4	5.0877e-07
992.6	5.2649e-07
992.8	5.4482e-07
993.0	5.638e-07
993.2	5.8344e-07
993.4	6.0376e-07
993.6	6.2479e-07
993.8	6.4655e-07
994.0	6.6907e-07
994.2	6.9237e-07
994.4	7.1649e-07
994.6	7.4144e-07
994.8	7.6727e-07
995.0	7.9382e-07
995.2	8.1761e-07
995.4	8.4211e-07
995.6	8.6735e-07
995.8	8.9334e-07
996.0	9.2011e-07
996.2	9.4769e-07
996.4	9.7609e-07
996.6	1.0053e-06
996.8	1.0355e-06
997.0	1.0665e-06
997.2	1.0985e-06
997.4	1.1314e-06
997.6	1.1653e-06
997.8	1.2002e-06
998.0	1.2362e-06
998.2	1.2732e-06
998.4	1.3114e-06
998.6	1.3507e-06
998.8	1.3911e-06
999.0	1.3987e-06
999.2	1.3747e-06
999.4	1.3512e-06
999.6	1.328e-06
999.8	1.3052e-06
1000.0	1.2828e-06
1000.2	1.3207e-06
1000.4	1.3596e-06
1000.6	1.3998e-06
1000.8	1.441e-06
1001.0	1.4836e-06
1001.2	1.5273e-06
1001.4	1.5724e-06
1001.6	1.6112e-06
1001.8	1.5896e-06
1002.0	1.5682e-06
1002.2	1.5471e-06
1002.4	1.5263e-06
1002.6	1.5058e-06
1002.8	1.4856e-06
1003.0	1.4657e-06
1003.2	1.446e-06
1003.4	1.4265e-06
1003.6	1.4074e-06
1003.8	1.3885e-06
1004.0	1.3698e-06
1004.2	1.3514e-06
1004.4	1.3333e-06
1004.6	1.3153e-06
1004.8	1.2977e-06
1005.0	1.2802e-06
1005.2	1.263e-06
1005.4	1.2461e-06
1005.6	1.2248e-06
1005.8	1.2005e-06
1006.0	1.1766e-06
1006.2	1.1532e-06
1006.4	1.1303e-06
1006.6	1.1078e-06
1006.8	1.0858e-06
1007.0	1.0642e-06
1007.2	1.043e-06
1007.4	1.0223e-06
1007.6	1.002e-06
1007.8	9.8205e-07
1008.0	9.6252e-07
1008.2	9.4338e-07
1008.4	9.2462e-07
1008.6	9.0624e-07
1008.8	8.8822e-07
1009.0	8.7056e-07
1009.2	8.5325e-07
1009.4	8.3633e-07
1009.6	8.2242e-07
1009.8	8.0875e-07
1010.0	7.9531e-07
1010.2	7.8208e-07
1010.4	7.6908e-07
1010.6	7.5629e-07
1010.8	7.4372e-07
1011.0	7.3136e-07
1011.2	7.192e-07
1011.4	7.0724e-07
1011.6	6.9548e-07
1011.8	6.8392e-07
1012.0	6.7255e-07
1012.2	6.6137e-07
1012.4	6.5037e-07
1012.6	6.3956e-07
1012.8	6.2893e-07
1013.0	6.1847e-07
1013.2	6.0819e-07
1013.4	6.0503e-07
1013.6	6.0931e-07
1013.8	6.1362e-07
1014.0	6.1796e-07
1014.2	6.2234e-07
1014.4	6.2674e-07
1014.6	6.3117e-07
1014.8	6.3564e-07
1015.0	6.4014e-07
1015.2	6.4467e-07
1015.4	6.4923e-07
1015.6	6.5382e-07
1015.8	6.5845e-07
1016.0	6.6311e-07
1016.2	6.678e-07
1016.4	6.7253e-07
1016.6	6.7729e-07
1016.8	6.8208e-07
1017.0	6.8691e-07
1017.2	6.9177e-07
1017.4	6.8769e-07
1017.6	6.8331e-07
1017.8	6.7896e-07
1018.0	6.7463e-07
1018.2	6.7034e-07
1018.4	6.6607e-07
1018.6	6.6183e-07
1018.8	6.5761e-07
1019.0	6.5343e-07
1019.2	6.4927e-07
1019.4	6.4513e-07
1019.6	6.4102e-07
1019.8	6.3694e-07
1020.0	6.3289e-07
1020.2	6.2886e-07
1020.4	6.2485e-07
1020.6	6.2087e-07
1020.8	6.1692e-07
1021.0	6.1299e-07
1021.2	6.0914e-07
1021.4	6.0539e-07
1021.6	6.0166e-07
1021.8	5.9795e-07
1022.0	5.9426e-07
1022.2	5.906e-07
1022.4	5.8696e-07
1022.6	5.8334e-07
1022.8	5.7974e-07
1023.0	5.7617e-07
1023.2	5.7262e-07
1023.4	5.6909e-07
1023.6	5.6558e-07
1023.8	5.6209e-07
1024.0	5.5863e-07
1024.2	5.5518e-07
1024.4	5.5176e-07
1024.6	5.4836e-07
1024.8	5.4498e-07
1025.0	5.4162e-07
1025.2	5.4713e-07
1025.4	5.527e-07
1025.6	5.5833e-07
1025.8	5.6401e-07
1026.0	5.6975e-07
1026.2	5.7555e-07
1026.4	5.814e-07
1026.6	5.8732e-07
1026.8	5.8369e-07
1027.0	5.775e-07
1027.2	5.7137e-07
1027.4	5.653e-07
1027.6	5.593e-07
1027.8	5.5336e-07
1028.0	5.4749e-07
1028.2	5.4168e-07
1028.4	5.3593e-07
1028.6	5.3024e-07
1028.8	5.2461e-07
1029.0	5.1904e-07
1029.2	5.1353e-07
1029.4	5.0808e-07
1029.6	5.0269e-07
1029.8	4.9735e-07
1030.0	4.9207e-07
1030.2	4.8685e-07
1030.4	4.8168e-07
1030.6	4.7496e-07
1030.8	4.6408e-07
1031.0	4.5346e-07
1031.2	4.4307e-07
1031.4	4.3292e-07
1031.6	4.2301e-07
1031.8	4.1332e-07
1032.0	4.0385e-07
1032.2	3.946e-07
1032.4	3.8557e-07
1032.6	3.7674e-07
1032.8	3.6811e-07
1033.0	3.5968e-07
1033.2	3.5144e-07
1033.4	3.4339e-07
1033.6	3.3552e-07
1033.8	3.2784e-07
1034.0	3.2033e-07
1034.2	3.13e-07
1034.4	3.0583e-07
1034.6	3.083e-07
1034.8	3.1378e-07
1035.0	3.1936e-07
1035.2	3.2504e-07
1035.4	3.3082e-07
1035.6	3.367e-07
1035.8	3.4269e-07
1036.0	3.4878e-07
1036.2	3.5499e-07
1036.4	3.613e-07
1036.6	3.6772e-07
1036.8	3.7426e-07
1037.0	3.8092e-07
1037.2	3.8769e-07
1037.4	3.9459e-07
1037.6	4.0161e-07
1037.8	4.0875e-07
1038.0	4.1602e-07
1038.2	4.2342e-07
1038.4	4.3043e-07
1038.6	4.3614e-07
1038.8	4.4193e-07
1039.0	4.4779e-07
1039.2	4.5373e-07
1039.4	4.5975e-07
1039.6	4.6585e-07
1039.8	4.7204e-07
1040.0	4.783e-07
1040.2	4.8464e-07
1040.4	4.9108e-07
1040.6	4.9759e-07
1040.8	5.0419e-07
1041.0	5.1088e-07
1041.2	5.1766e-07
1041.4	5.2453e-07
1041.6	5.3149e-07
1041.8	5.3854e-07
1042.0	5.4569e-07
1042.2	5.5293e-07
1042.4	5.6473e-07
1042.6	5.7803e-07
1042.8	5.9164e-07
1043.0	6.0557e-07
1043.2	6.1983e-07
1043.4	6.3443e-07
1043.6	6.4937e-07
1043.8	6.6466e-07
1044.0	6.8032e-07
1044.2	6.9634e-07
1044.4	7.1274e-07
1044.6	7.2952e-07
1044.8	7.467e-07
1045.0	7.6429e-07
1045.2	8.034e-07
1045.4	8.4451e-07
1045.6	8.8773e-07
1045.8	9.3315e-07
1046.0	9.8091e-07
1046.2	1.0311e-06
1046.4	1.0839e-06
1046.6	1.1393e-06
1046.8	1.1714e-06
1047.0	1.1817e-06
1047.2	1.1922e-06
1047.4	1.2028e-06
1047.6	1.2134e-06
1047.8	1.2242e-06
1048.0	1.2351e-06
1048.2	1.246e-06
1048.4	1.257e-06
1048.6	1.2682e-06
1048.8	1.2794e-06
1049.0	1.2908e-06
1049.2	1.3022e-06
1049.4	1.3138e-06
1049.6	1.3254e-06
1049.8	1.3372e-06
1050.0	1.349e-06
1050.2	1.361e-06
1050.4	1.373e-06
1050.6	1.3852e-06
1050.8	1.3967e-06
1051.0	1.4083e-06
1051.2	1.42e-06
1051.4	1.4318e-06
1051.6	1.4438e-06
1051.8	1.4558e-06
1052.0	1.4679e-06
1052.2	1.4801e-06
1052.4	1.4924e-06
1052.6	1.5048e-06
1052.8	1.5174e-06
1053.0	1.53e-06
1053.2	1.5427e-06
1053.4	1.5555e-06
1053.6	1.5685e-06
1053.8	1.5815e-06
1054.0	1.5947e-06
1054.2	1.608e-06
1054.4	1.6213e-06
1054.6	1.6337e-06
1054.8	1.6453e-06
1055.0	1.657e-06
1055.2	1.6687e-06
1055.4	1.6806e-06
1055.6	1.6925e-06
1055.8	1.7045e-06
1056.0	1.7166e-06
1056.2	1.7288e-06
1056.4	1.7411e-06
1056.6	1.7535e-06
1056.8	1.7659e-06
1057.0	1.7784e-06
1057.2	1.7911e-06
1057.4	1.8038e-06
1057.6	1.8166e-06
1057.8	1.8295e-06
1058.0	1.8425e-06
1058.2	1.8556e-06
1058.4	1.8697e-06
1058.6	1.8914e-06
1058.8	1.9134e-06
1059.0	1.9357e-06
1059.2	1.9582e-06
1059.4	1.981e-06
1059.6	2.0041e-06
1059.8	2.0274e-06
1060.0	2.051e-06
1060.2	2.0749e-06
1060.4	2.099e-06
1060.6	2.1235e-06
1060.8	2.1482e-06
1061.0	2.1732e-06
1061.2	2.1985e-06
1061.4	2.2241e-06
1061.6	2.25e-06
1061.8	2.2762e-06
1062.0	2.3027e-06
1062.2	2.3295e-06
1062.4	2.383e-06
1062.6	2.4521e-06
1062.8	2.5232e-06
1063.0	2.5964e-06
1063.2	2.6717e-06
1063.4	2.7492e-06
1063.6	2.829e-06
1063.8	2.911e-06
1064.0	2.9955e-06
1064.2	3.0824e-06
1064.4	3.1718e-06
1064.6	3.2638e-06
1064.8	3.3584e-06
1065.0	3.4559e-06
1065.2	3.6513e-06
1065.4	3.8579e-06
1065.6	4.0761e-06
1065.8	4.3067e-06
1066.0	4.5503e-06
1066.2	4.8077e-06
1066.4	5.0797e-06
1066.6	5.367e-06
1066.8	5.6421e-06
1067.0	5.8549e-06
1067.2	6.0758e-06
1067.4	6.3049e-06
1067.6	6.5428e-06
1067.8	6.7895e-06
1068.0	7.0456e-06
1068.2	7.3114e-06
1068.4	7.5872e-06
1068.6	7.8734e-06
1068.8	8.1703e-06
1069.0	8.4785e-06
1069.2	8.7983e-06
1069.4	9.1302e-06
1069.6	9.4746e-06
1069.8	9.832e-06
1070.0	1.0203e-05
1070.2	1.0588e-05
1070.4	1.0987e-05
1070.6	1.1401e-05
1070.8	1.1996e-05
1071.0	1.266e-05
1071.2	1.3361e-05
1071.4	1.4101e-05
1071.6	1.4882e-05
1071.8	1.5706e-05
1072.0	1.6575e-05
1072.2	1.7493e-05
1072.4	1.8462e-05
1072.6	1.9484e-05
1072.8	2.0563e-05
1073.0	2.1701e-05
1073.2	2.2903e-05
1073.4	2.4171e-05
1073.6	2.5509e-05
1073.8	2.6921e-05
1074.0	2.8412e-05
1074.2	2.9985e-05
1074.4	3.1645e-05
1074.6	3.2912e-05
1074.8	3.3404e-05
1075.0	3.3903e-05
1075.2	3.441e-05
1075.4	3.4925e-05
1075.6	3.5447e-05
1075.8	3.5977e-05
1076.0	3.6514e-05
1076.2	3.706e-05
1076.4	3.7614e-05
1076.6	3.8177e-05
1076.8	3.8747e-05
1077.0	3.9327e-05
1077.2	3.9915e-05
1077.4	4.0511e-05
1077.6	4.1117e-05
1077.8	4.1732e-05
1078.0	4.2356e-05
1078.2	4.2989e-05
1078.4	4.3631e-05
1078.6	4.2689e-05
1078.8	4.1669e-05
1079.0	4.0673e-05
1079.2	3.9701e-05
1079.4	3.8752e-05
1079.6	3.7826e-05
1079.8	3.6923e-05
1080.0	3.604e-05
1080.2	3.5179e-05
1080.4	3.4338e-05
1080.6	3.3518e-05
1080.8	3.2717e-05
1081.0	3.1935e-05
1081.2	3.1172e-05
1081.4	3.0427e-05
1081.6	2.97e-05
1081.8	2.899e-05
1082.0	2.8298e-05
1082.2	2.7622e-05
1082.4	2.7105e-05
1082.6	2.6733e-05
1082.8	2.6365e-05
1083.0	2.6002e-05
1083.2	2.5645e-05
1083.4	2.5292e-05
1083.6	2.4944e-05
1083.8	2.4601e-05
1084.0	2.4263e-05
1084.2	2.3929e-05
1084.4	2.36e-05
1084.6	2.3275e-05
1084.8	2.2955e-05
1085.0	2.2639e-05
1085.2	2.2328e-05
1085.4	2.2021e-05
1085.6	2.1718e-05
1085.8	2.1419e-05
1086.0	2.1125e-05
1086.2	2.0863e-05
1086.4	2.0863e-05
1086.6	2.0864e-05
1086.8	2.0864e-05
1087.0	2.0865e-05
1087.2	2.0865e-05
1087.4	2.0865e-05
1087.6	2.0866e-05
1087.8	2.0866e-05
1088.0	2.0867e-05
1088.2	2.0867e-05
1088.4	2.0867e-05
1088.6	2.0868e-05
1088.8	2.0868e-05
1089.0	2.0868e-05
1089.2	2.0869e-05
1089.4	2.0869e-05
1089.6	2.087e-05
1089.8	2.087e-05
1090.0	2.087e-05
1090.2	2.1715e-05
1090.4	2.2593e-05
1090.6	2.3507e-05
1090.8	2.4458e-05
1091.0	2.5448e-05
1091.2	2.6477e-05
1091.4	2.7549e-05
1091.6	2.8663e-05
1091.8	2.9572e-05
1092.0	3.03e-05
1092.2	3.1046e-05
1092.4	3.181e-05
1092.6	3.2592e-05
1092.8	3.3395e-05
1093.0	3.4216e-05
1093.2	3.5059e-05
1093.4	3.5921e-05
1093.6	3.6805e-05
1093.8	3.7711e-05
1094.0	3.8639e-05
1094.2	3.959e-05
1094.4	4.0565e-05
1094.6	4.1563e-05
1094.8	4.2586e-05
1095.0	4.3634e-05
1095.2	4.4708e-05
1095.4	4.5808e-05
1095.6	4.7431e-05
1095.8	4.9562e-05
1096.0	5.1788e-05
1096.2	5.4114e-05
1096.4	5.6545e-05
1096.6	5.9085e-05
1096.8	6.1739e-05
1097.0	6.4512e-05
1097.2	6.741e-05
1097.4	7.0438e-05
1097.6	7.3602e-05
1097.8	7.6908e-05
1098.0	8.0363e-05
1098.2	8.3973e-05
1098.4	8.7745e-05
1098.6	9.1686e-05
1098.8	9.5805e-05
1099.0	1.0011e-04
1099.2	1.046e-04
1099.4	1.0959e-04
1099.6	1.1508e-04
1099.8	1.2085e-04
1100.0	1.269e-04
1100.2	1.3326e-04
1100.4	1.3994e-04
1100.6	1.4695e-04
1100.8	1.5431e-04
1101.0	1.6204e-04
1101.2	1.7016e-04
1101.4	1.7869e-04
1101.6	1.8764e-04
1101.8	1.9704e-04
1102.0	2.0692e-04
1102.2	2.1729e-04
1102.4	2.2817e-04
1102.6	2.3961e-04
1102.8	2.5161e-04
1103.0	2.6422e-04
1103.2	2.7424e-04
1103.4	2.8171e-04
1103.6	2.8939e-04
1103.8	2.9728e-04
1104.0	3.0538e-04
1104.2	3.137e-04
1104.4	3.2225e-04
1104.6	3.3103e-04
1104.8	3.4005e-04
1105.0	3.4932e-04
1105.2	3.5884e-04
1105.4	3.6861e-04
1105.6	3.7866e-04
1105.8	3.8898e-04
1106.0	3.9958e-04
1106.2	4.1047e-04
1106.4	4.2165e-04
1106.6	4.3314e-04
1106.8	4.4494e-04
1107.0	4.4871e-04
1107.2	4.456e-04
1107.4	4.4251e-04
1107.6	4.3943e-04
1107.8	4.3638e-04
1108.0	4.3335e-04
1108.2	4.3034e-04
1108.4	4.2736e-04
1108.6	4.2439e-04
1108.8	4.2144e-04
1109.0	4.1852e-04
1109.2	4.1561e-04
1109.4	4.1273e-04
1109.6	4.0986e-04
1109.8	4.0701e-04
1110.0	4.0419e-04
1110.2	4.0138e-04
1110.4	3.986e-04
1110.6	3.9583e-04
1110.8	3.9354e-04
1111.0	3.9161e-04
1111.2	3.897e-04
1111.4	3.8779e-04
1111.6	3.8589e-04
1111.8	3.84e-04
1112.0	3.8211e-04
1112.2	3.8024e-04
1112.4	3.7838e-04
1112.6	3.7653e-04
1112.8	3.7468e-04
1113.0	3.7285e-04
1113.2	3.7102e-04
1113.4	3.692e-04
1113.6	3.6739e-04
1113.8	3.6559e-04
1114.0	3.638e-04
1114.2	3.6202e-04
1114.4	3.6025e-04
1114.6	3.6257e-04
1114.8	3.6755e-04
1115.0	3.726e-04
1115.2	3.7773e-04
1115.4	3.8292e-04
1115.6	3.8818e-04
1115.8	3.9352e-04
1116.0	3.9893e-04
1116.2	4.0442e-04
1116.4	4.0998e-04
1116.6	4.1561e-04
1116.8	4.2133e-04
1117.0	4.2712e-04
1117.2	4.3299e-04
1117.4	4.3894e-04
1117.6	4.4498e-04
1117.8	4.511e-04
1118.0	4.573e-04
1118.2	4.6359e-04
1118.4	4.6783e-04
1118.6	4.7099e-04
1118.8	4.7417e-04
1119.0	4.7736e-04
1119.2	4.8059e-04
1119.4	4.8383e-04
1119.6	4.8709e-04
1119.8	4.9038e-04
1120.0	4.9369e-04
1120.2	4.9702e-04
1120.4	5.0037e-04
1120.6	5.0375e-04
1120.8	5.0715e-04
1121.0	5.1057e-04
1121.2	5.3419e-04
1121.4	5.589e-04
1121.6	5.8476e-04
1121.8	6.1181e-04
1122.0	6.4022e-04
1122.2	6.7413e-04
1122.4	7.0983e-04
1122.6	7.4743e-04
1122.8	7.8702e-04
1123.0	8.2869e-04
1123.2	8.7124e-04
1123.4	9.1597e-04
1123.6	9.63e-04
1123.8	0.00101
1124.0	0.00106
1124.2	0.00114
1124.4	0.00121
1124.6	0.00129
1124.8	0.00138
1125.0	0.00147
1125.2	0.00157
1125.4	0.00168
1125.6	0.00179
1125.8	0.00192
1126.0	0.00205
1126.2	0.00222
1126.4	0.0024
1126.6	0.0026
1126.8	0.00281
1127.0	0.00304
1127.2	0.00328
1127.4	0.00353
1127.6	0.0038
1127.8	0.0041
1128.0	0.00441
1128.2	0.00481
1128.4	0.00524
1128.6	0.00571
1128.8	0.00622
1129.0	0.00678
1129.2	0.00734
1129.4	0.00795
1129.6	0.00861
1129.8	0.00933
1130.0	0.0101
1130.2	0.01078
1130.4	0.01151
1130.6	0.01229
1130.8	0.01313
1131.0	0.01401
1131.2	0.01456
1131.4	0.01513
1131.6	0.01572
1131.8	0.01633
1132.0	0.01697
1132.2	0.01702
1132.4	0.01708
1132.6	0.01713
1132.8	0.01719
1133.0	0.01723
1133.2	0.01685
1133.4	0.01648
1133.6	0.01612
1133.8	0.01577
1134.0	0.01542
1134.2	0.015
1134.4	0.01458
1134.6	0.01418
1134.8	0.01379
1135.0	0.01342
1135.2	0.01306
1135.4	0.01271
1135.6	0.01238
1135.8	0.01205
1136.0	0.01173
1136.2	0.01151
1136.4	0.0113
1136.6	0.01109
1136.8	0.01089
1137.0	0.01069
1137.2	0.01056
1137.4	0.01043
1137.6	0.01031
1137.8	0.01019
1138.0	0.01007
1138.2	0.01003
1138.4	0.00998
1138.6	0.00994
1138.8	0.00989
1139.0	0.00985
1139.2	0.00988
1139.4	0.00992
1139.6	0.00996
1139.8	0.00999
1140.0	0.01003
1140.2	0.01014
1140.4	0.01025
1140.6	0.01036
1140.8	0.01047
1141.0	0.01058
1141.2	0.01077
1141.4	0.01096
1141.6	0.01116
1141.8	0.01136
1142.0	0.01156
1142.2	0.01187
1142.4	0.01219
1142.6	0.01251
1142.8	0.01285
1143.0	0.01319
1143.2	0.0136
1143.4	0.01403
1143.6	0.01447
1143.8	0.01492
1144.0	0.0154
1144.2	0.016
1144.4	0.01664
1144.6	0.01729
1144.8	0.01798
1145.0	0.01869
1145.2	0.01958
1145.4	0.02051
1145.6	0.02148
1145.8	0.0225
1146.0	0.02358
1146.2	0.0249
1146.4	0.02631
1146.6	0.02779
1146.8	0.02935
1147.0	0.03101
1147.2	0.0329
1147.4	0.0349
1147.6	0.03703
1147.8	0.03928
1148.0	0.04169
1148.2	0.04454
1148.4	0.04759
1148.6	0.05085
1148.8	0.05433
1149.0	0.05805
1149.2	0.06206
1149.4	0.06635
1149.6	0.07093
1149.8	0.07583
1150.0	0.08106
1150.2	0.08615
1150.4	0.09156
1150.6	0.0973
1150.8	0.10341
1151.0	0.10988
1151.2	0.11458
1151.4	0.11947
1151.6	0.12458
1151.8	0.12991
1152.0	0.13527
1152.2	0.13711
1152.4	0.13897
1152.6	0.14086
1152.8	0.14277
1153.0	0.14456
1153.2	0.14273
1153.4	0.14093
1153.6	0.13914
1153.8	0.13738
1154.0	0.13557
1154.2	0.13199
1154.4	0.1285
1154.6	0.1251
1154.8	0.12179
1155.0	0.11856
1155.2	0.11506
1155.4	0.11166
1155.6	0.10836
1155.8	0.10516
1156.0	0.10206
1156.2	0.09936
1156.4	0.09673
1156.6	0.09417
1156.8	0.09167
1157.0	0.08926
1157.2	0.08746
1157.4	0.0857
1157.6	0.08397
1157.8	0.08228
1158.0	0.08062
1158.2	0.0795
1158.4	0.0784
1158.6	0.07731
1158.8	0.07623
1159.0	0.07517
1159.2	0.07468
1159.4	0.07419
1159.6	0.0737
1159.8	0.07321
1160.0	0.07275
1160.2	0.07274
1160.4	0.07272
1160.6	0.07271
1160.8	0.07269
1161.0	0.0727
1161.2	0.07315
1161.4	0.07361
1161.6	0.07406
1161.8	0.07453
1162.0	0.07501
1162.2	0.07597
1162.4	0.07694
1162.6	0.07793
1162.8	0.07893
1163.0	0.07996
1163.2	0.08138
1163.4	0.08282
1163.6	0.0843
1163.8	0.08579
1164.0	0.08734
1164.2	0.08942
1164.4	0.09154
1164.6	0.09372
1164.8	0.09595
1165.0	0.09825
1165.2	0.10097
1165.4	0.10376
1165.6	0.10664
1165.8	0.10959
1166.0	0.11264
1166.2	0.11625
1166.4	0.11997
1166.6	0.12381
1166.8	0.12777
1167.0	0.13188
1167.2	0.1365
1167.4	0.14129
1167.6	0.14624
1167.8	0.15137
1168.0	0.15667
1168.2	0.16214
1168.4	0.1678
1168.6	0.17366
1168.8	0.17972
1169.0	0.18598
1169.2	0.19224
1169.4	0.19871
1169.6	0.2054
1169.8	0.21231
1170.0	0.2194
1170.2	0.22581
1170.4	0.2324
1170.6	0.23919
1170.8	0.24617
1171.0	0.25335
1171.2	0.25883
1171.4	0.26442
1171.6	0.27013
1171.8	0.27596
1172.0	0.28189
1172.2	0.28573
1172.4	0.28961
1172.6	0.29355
1172.8	0.29754
1173.0	0.30153
1173.2	0.30333
1173.4	0.30514
1173.6	0.30696
1173.8	0.30879
1174.0	0.31059
1174.2	0.31091
1174.4	0.31123
1174.6	0.31154
1174.8	0.31186
1175.0	0.31215
1175.2	0.31157
1175.4	0.31099
1175.6	0.31042
1175.8	0.30984
1176.0	0.30927
1176.2	0.30873
1176.4	0.30819
1176.6	0.30766
1176.8	0.30712
1177.0	0.3066
1177.2	0.30673
1177.4	0.30687
1177.6	0.307
1177.8	0.30714
1178.0	0.30729
1178.2	0.30845
1178.4	0.30962
1178.6	0.3108
1178.8	0.31198
1179.0	0.3132
1179.2	0.31599
1179.4	0.3188
1179.6	0.32164
1179.8	0.3245
1180.0	0.32745
1180.2	0.33199
1180.4	0.33659
1180.6	0.34126
1180.8	0.34599
1181.0	0.35089
1181.2	0.35767
1181.4	0.36459
1181.6	0.37164
1181.8	0.37883
1182.0	0.38619
1182.2	0.3958
1182.4	0.40566
1182.6	0.41576
1182.8	0.42611
1183.0	0.43679
1183.2	0.45025
1183.4	0.46413
1183.6	0.47844
1183.8	0.49318
1184.0	0.50846
1184.2	0.52593
1184.4	0.544
1184.6	0.56269
1184.8	0.58202
1185.0	0.60203
1185.2	0.62379
1185.4	0.64633
1185.6	0.66969
1185.8	0.69389
1186.0	0.71889
1186.2	0.74236
1186.4	0.76659
1186.6	0.79162
1186.8	0.81746
1187.0	0.84378
1187.2	0.86317
1187.4	0.88301
1187.6	0.9033
1187.8	0.92406
1188.0	0.94505
1188.2	0.95064
1188.4	0.95627
1188.6	0.96192
1188.8	0.96762
1189.0	0.97281
1189.2	0.96097
1189.4	0.94927
1189.6	0.93772
1189.8	0.9263
1190.0	0.9144
1190.2	0.88974
1190.4	0.86575
1190.6	0.8424
1190.8	0.81968
1191.0	0.79745
1191.2	0.76996
1191.4	0.74342
1191.6	0.71779
1191.8	0.69304
1192.0	0.66908
1192.2	0.64431
1192.4	0.62046
1192.6	0.59749
1192.8	0.57537
1193.0	0.55409
1193.2	0.5346
1193.4	0.51579
1193.6	0.49765
1193.8	0.48014
1194.0	0.46333
1194.2	0.44893
1194.4	0.43497
1194.6	0.42145
1194.8	0.40834
1195.0	0.39569
1195.2	0.38532
1195.4	0.37522
1195.6	0.36539
1195.8	0.35582
1196.0	0.34655
1196.2	0.3388
1196.4	0.33122
1196.6	0.32382
1196.8	0.31658
1197.0	0.30953
1197.2	0.30452
1197.4	0.29959
1197.6	0.29474
1197.8	0.28997
1198.0	0.28532
1198.2	0.28208
1198.4	0.27887
1198.6	0.2757
1198.8	0.27256
1199.0	0.26948
1199.2	0.26747
1199.4	0.26547
1199.6	0.26349
1199.8	0.26153
1200.0	0.25958
