Typical Measured Spectrum of Semrock FF01-650/60 Optical Filter	
For wavelengths between 320 and 1120 nm, values near or below 3e-7 (Optical Density 6.5) are measurement noise limited.
For wavelengths < 320 nm and > 1120 nm, values near or below 3e-6 (Optical Density 5.5) are measurement noise limited. 
Data format:  Wavelength (nm) <tab> Transmission (0 to 1)
290.0	1.4353e-07
290.2	1.4128e-07
290.4	1.3905e-07
290.6	1.3687e-07
290.8	1.3471e-07
291.0	1.326e-07
291.2	1.3051e-07
291.4	1.2846e-07
291.6	1.2644e-07
291.8	1.2445e-07
292.0	1.2249e-07
292.2	1.2057e-07
292.4	1.1867e-07
292.6	1.1643e-07
292.8	1.1397e-07
293.0	1.1156e-07
293.2	1.0921e-07
293.4	1.069e-07
293.6	1.0465e-07
293.8	1.0244e-07
294.0	1.0027e-07
294.2	9.8158e-08
294.4	9.6086e-08
294.6	9.4057e-08
294.8	9.2071e-08
295.0	9.0128e-08
295.2	1.0577e-07
295.4	1.2412e-07
295.6	1.4565e-07
295.8	1.4932e-07
296.0	1.4769e-07
296.2	1.4607e-07
296.4	1.4447e-07
296.6	1.4289e-07
296.8	1.4132e-07
297.0	1.3978e-07
297.2	1.3825e-07
297.4	1.3673e-07
297.6	1.3523e-07
297.8	1.3375e-07
298.0	1.3229e-07
298.2	1.3084e-07
298.4	1.2941e-07
298.6	1.2799e-07
298.8	1.2659e-07
299.0	1.252e-07
299.2	1.2383e-07
299.4	1.2247e-07
299.6	1.2113e-07
299.8	1.1981e-07
300.0	1.1849e-07
300.2	1.172e-07
300.4	1.1579e-07
300.6	1.1426e-07
300.8	1.1276e-07
301.0	1.1127e-07
301.2	1.098e-07
301.4	1.0836e-07
301.6	1.0693e-07
301.8	1.0552e-07
302.0	1.0413e-07
302.2	1.0275e-07
302.4	1.014e-07
302.6	1.0006e-07
302.8	9.8745e-08
303.0	9.7444e-08
303.2	9.6159e-08
303.4	9.4892e-08
303.6	9.3641e-08
303.8	9.2407e-08
304.0	9.1189e-08
304.2	8.9987e-08
304.4	8.8801e-08
304.6	8.7631e-08
304.8	8.6476e-08
305.0	8.5351e-08
305.2	8.4388e-08
305.4	8.3436e-08
305.6	8.2494e-08
305.8	8.1563e-08
306.0	8.0643e-08
306.2	7.9733e-08
306.4	7.8834e-08
306.6	7.7944e-08
306.8	7.7065e-08
307.0	7.6349e-08
307.2	7.6196e-08
307.4	7.6044e-08
307.6	7.5892e-08
307.8	7.574e-08
308.0	7.5589e-08
308.2	7.5437e-08
308.4	7.5287e-08
308.6	7.5136e-08
308.8	7.4986e-08
309.0	7.4836e-08
309.2	7.4686e-08
309.4	7.4537e-08
309.6	7.4388e-08
309.8	7.4239e-08
310.0	7.4091e-08
310.2	7.3943e-08
310.4	7.3795e-08
310.6	7.3647e-08
310.8	7.35e-08
311.0	7.3353e-08
311.2	7.3206e-08
311.4	7.306e-08
311.6	7.2914e-08
311.8	7.2555e-08
312.0	7.2171e-08
312.2	7.1789e-08
312.4	7.1409e-08
312.6	7.1031e-08
312.8	7.0655e-08
313.0	7.0281e-08
313.2	6.9909e-08
313.4	6.9539e-08
313.6	6.9171e-08
313.8	6.8805e-08
314.0	6.8441e-08
314.2	6.8078e-08
314.4	6.7718e-08
314.6	6.736e-08
314.8	6.7003e-08
315.0	6.6648e-08
315.2	6.6295e-08
315.4	6.5944e-08
315.6	6.5595e-08
315.8	6.5248e-08
316.0	6.4903e-08
316.2	6.4559e-08
316.4	6.4297e-08
316.6	6.4094e-08
316.8	6.3892e-08
317.0	6.369e-08
317.2	6.3489e-08
317.4	6.3289e-08
317.6	6.3089e-08
317.8	6.289e-08
318.0	6.2692e-08
318.2	6.2494e-08
318.4	6.2297e-08
318.6	6.21e-08
318.8	6.1904e-08
319.0	6.1709e-08
319.2	6.1514e-08
319.4	6.132e-08
319.6	6.1127e-08
319.8	6.0934e-08
320.0	6.0741e-08
320.2	6.055e-08
320.4	6.0359e-08
320.6	6.0168e-08
320.8	5.9978e-08
321.0	6.0219e-08
321.2	6.1612e-08
321.4	6.3037e-08
321.6	6.4495e-08
321.8	6.5987e-08
322.0	6.7513e-08
322.2	6.9075e-08
322.4	7.0672e-08
322.6	7.2307e-08
322.8	7.398e-08
323.0	7.5691e-08
323.2	7.7442e-08
323.4	7.9233e-08
323.6	8.1066e-08
323.8	8.2941e-08
324.0	8.4859e-08
324.2	8.6822e-08
324.4	8.8831e-08
324.6	9.0885e-08
324.8	9.2988e-08
325.0	9.5139e-08
325.2	9.7339e-08
325.4	9.9591e-08
325.6	1.0189e-07
325.8	1.0619e-07
326.0	1.1071e-07
326.2	1.1541e-07
326.4	1.2031e-07
326.6	1.2542e-07
326.8	1.3075e-07
327.0	1.3631e-07
327.2	1.421e-07
327.4	1.4814e-07
327.6	1.5443e-07
327.8	1.6099e-07
328.0	1.6783e-07
328.2	1.7496e-07
328.4	1.824e-07
328.6	1.9015e-07
328.8	1.9823e-07
329.0	2.0665e-07
329.2	2.1543e-07
329.4	2.2458e-07
329.6	2.3412e-07
329.8	2.4407e-07
330.0	2.5444e-07
330.2	2.6525e-07
330.4	2.5749e-07
330.6	2.4277e-07
330.8	2.289e-07
331.0	2.1582e-07
331.2	2.0349e-07
331.4	1.9186e-07
331.6	1.8089e-07
331.8	1.7056e-07
332.0	1.6081e-07
332.2	1.5162e-07
332.4	1.4296e-07
332.6	1.3479e-07
332.8	1.2709e-07
333.0	1.1982e-07
333.2	1.1298e-07
333.4	1.0652e-07
333.6	1.0043e-07
333.8	9.4695e-08
334.0	8.9284e-08
334.2	8.4182e-08
334.4	7.9372e-08
334.6	7.4836e-08
334.8	7.056e-08
335.0	6.8466e-08
335.2	7.3554e-08
335.4	7.902e-08
335.6	8.4892e-08
335.8	9.1201e-08
336.0	9.7978e-08
336.2	1.0526e-07
336.4	1.1308e-07
336.6	1.2149e-07
336.8	1.3051e-07
337.0	1.3883e-07
337.2	1.4428e-07
337.4	1.4995e-07
337.6	1.5584e-07
337.8	1.6197e-07
338.0	1.6833e-07
338.2	1.7495e-07
338.4	1.8183e-07
338.6	1.8897e-07
338.8	1.964e-07
339.0	2.0412e-07
339.2	2.1214e-07
339.4	2.2047e-07
339.6	2.2914e-07
339.8	2.3814e-07
340.0	2.475e-07
340.2	2.5723e-07
340.4	2.6734e-07
340.6	2.7784e-07
340.8	2.8876e-07
341.0	3.0011e-07
341.2	3.119e-07
341.4	3.2416e-07
341.6	3.3636e-07
341.8	2.9789e-07
342.0	2.6381e-07
342.2	2.3364e-07
342.4	2.0691e-07
342.6	1.8324e-07
342.8	1.6228e-07
343.0	1.4372e-07
343.2	1.2728e-07
343.4	1.1272e-07
343.6	9.9828e-08
343.8	8.8409e-08
344.0	7.8297e-08
344.2	6.9341e-08
344.4	6.1409e-08
344.6	5.4385e-08
344.8	4.8164e-08
345.0	4.2655e-08
345.2	3.7775e-08
345.4	3.3455e-08
345.6	2.9628e-08
345.8	2.6239e-08
346.0	2.3237e-08
346.2	2.0579e-08
346.4	2.0638e-08
346.6	2.1645e-08
346.8	2.2702e-08
347.0	2.381e-08
347.2	2.4972e-08
347.4	2.6191e-08
347.6	2.7469e-08
347.8	2.881e-08
348.0	3.0216e-08
348.2	3.1691e-08
348.4	3.3238e-08
348.6	3.486e-08
348.8	3.6562e-08
349.0	3.8346e-08
349.2	4.0218e-08
349.4	4.2181e-08
349.6	4.424e-08
349.8	4.6399e-08
350.0	4.8664e-08
350.2	5.1039e-08
350.4	5.3531e-08
350.6	5.6144e-08
350.8	5.8884e-08
351.0	5.9015e-08
351.2	5.625e-08
351.4	5.3614e-08
351.6	5.1102e-08
351.8	4.8708e-08
352.0	4.6425e-08
352.2	4.425e-08
352.4	4.2177e-08
352.6	4.02e-08
352.8	3.8317e-08
353.0	3.6521e-08
353.2	3.481e-08
353.4	3.3179e-08
353.6	3.1624e-08
353.8	3.0143e-08
354.0	2.873e-08
354.2	2.7384e-08
354.4	2.6101e-08
354.6	2.4878e-08
354.8	2.3712e-08
355.0	2.2601e-08
355.2	2.1542e-08
355.4	2.0533e-08
355.6	2.0071e-08
355.8	2.1399e-08
356.0	2.2816e-08
356.2	2.4326e-08
356.4	2.5937e-08
356.6	2.7653e-08
356.8	2.9484e-08
357.0	3.1436e-08
357.2	3.3517e-08
357.4	3.5736e-08
357.6	3.8101e-08
357.8	4.0623e-08
358.0	4.3313e-08
358.2	4.618e-08
358.4	4.9237e-08
358.6	5.2496e-08
358.8	5.5972e-08
359.0	5.9677e-08
359.2	6.3627e-08
359.4	6.7839e-08
359.6	7.233e-08
359.8	7.7118e-08
360.0	8.2223e-08
360.2	8.7666e-08
360.4	8.5295e-08
360.6	8.2871e-08
360.8	8.0517e-08
361.0	7.823e-08
361.2	7.6007e-08
361.4	7.3848e-08
361.6	7.175e-08
361.8	6.9711e-08
362.0	6.7731e-08
362.2	6.5807e-08
362.4	6.3937e-08
362.6	6.2121e-08
362.8	6.0356e-08
363.0	5.8641e-08
363.2	5.6975e-08
363.4	5.5357e-08
363.6	5.3784e-08
363.8	5.2256e-08
364.0	5.0771e-08
364.2	4.9329e-08
364.4	4.7928e-08
364.6	4.6566e-08
364.8	4.5243e-08
365.0	4.5547e-08
365.2	4.8589e-08
365.4	5.1835e-08
365.6	5.5297e-08
365.8	5.8991e-08
366.0	6.2931e-08
366.2	6.7134e-08
366.4	7.1618e-08
366.6	7.6402e-08
366.8	8.1505e-08
367.0	8.6949e-08
367.2	9.2757e-08
367.4	9.8952e-08
367.6	1.0556e-07
367.8	1.1261e-07
368.0	1.2013e-07
368.2	1.2816e-07
368.4	1.2853e-07
368.6	1.1794e-07
368.8	1.0823e-07
369.0	9.9313e-08
369.2	9.1132e-08
369.4	8.3625e-08
369.6	7.6737e-08
369.8	7.0416e-08
370.0	6.4615e-08
370.2	5.9293e-08
370.4	5.4409e-08
370.6	4.9927e-08
370.8	4.5814e-08
371.0	4.204e-08
371.2	3.8577e-08
371.4	3.54e-08
371.6	3.2484e-08
371.8	2.9808e-08
372.0	2.7352e-08
372.2	2.5099e-08
372.4	2.3032e-08
372.6	2.1135e-08
372.8	1.9394e-08
373.0	1.8004e-08
373.2	1.7948e-08
373.4	1.7892e-08
373.6	1.7836e-08
373.8	1.7781e-08
374.0	1.7725e-08
374.2	1.767e-08
374.4	1.7615e-08
374.6	1.756e-08
374.8	1.7506e-08
375.0	1.7451e-08
375.2	1.7397e-08
375.4	1.7343e-08
375.6	1.7289e-08
375.8	1.7235e-08
376.0	1.7181e-08
376.2	1.7128e-08
376.4	1.7075e-08
376.6	1.7021e-08
376.8	1.6968e-08
377.0	1.6916e-08
377.2	1.6863e-08
377.4	1.681e-08
377.6	1.6758e-08
377.8	1.6687e-08
378.0	1.6615e-08
378.2	1.6542e-08
378.4	1.647e-08
378.6	1.6398e-08
378.8	1.6326e-08
379.0	1.6255e-08
379.2	1.6184e-08
379.4	1.6113e-08
379.6	1.6042e-08
379.8	1.5972e-08
380.0	1.5903e-08
380.2	1.5833e-08
380.4	1.5764e-08
380.6	1.5695e-08
380.8	1.5626e-08
381.0	1.5558e-08
381.2	1.549e-08
381.4	1.5422e-08
381.6	1.5355e-08
381.8	1.5288e-08
382.0	1.5221e-08
382.2	1.5155e-08
382.4	1.5082e-08
382.6	1.5005e-08
382.8	1.4929e-08
383.0	1.4853e-08
383.2	1.4777e-08
383.4	1.4702e-08
383.6	1.4628e-08
383.8	1.4553e-08
384.0	1.4479e-08
384.2	1.4406e-08
384.4	1.4333e-08
384.6	1.426e-08
384.8	1.4188e-08
385.0	1.4115e-08
385.2	1.4044e-08
385.4	1.3972e-08
385.6	1.3901e-08
385.8	1.3831e-08
386.0	1.3761e-08
386.2	1.3691e-08
386.4	1.3621e-08
386.6	1.3552e-08
386.8	1.3483e-08
387.0	1.3412e-08
387.2	1.3338e-08
387.4	1.3263e-08
387.6	1.319e-08
387.8	1.3116e-08
388.0	1.3043e-08
388.2	1.2971e-08
388.4	1.2899e-08
388.6	1.2827e-08
388.8	1.2756e-08
389.0	1.2685e-08
389.2	1.2615e-08
389.4	1.2544e-08
389.6	1.2475e-08
389.8	1.2405e-08
390.0	1.2336e-08
390.2	1.2268e-08
390.4	1.22e-08
390.6	1.2132e-08
390.8	1.2064e-08
391.0	1.1997e-08
391.2	1.1931e-08
391.4	1.1864e-08
391.6	1.2442e-08
391.8	1.6621e-08
392.0	2.2203e-08
392.2	2.1958e-08
392.4	2.1716e-08
392.6	2.1477e-08
392.8	2.124e-08
393.0	2.1011e-08
393.2	2.0788e-08
393.4	2.0567e-08
393.6	2.0349e-08
393.8	2.0133e-08
394.0	1.9919e-08
394.2	1.9707e-08
394.4	1.9498e-08
394.6	1.9291e-08
394.8	1.9086e-08
395.0	1.8884e-08
395.2	1.8683e-08
395.4	1.8485e-08
395.6	1.8289e-08
395.8	1.8094e-08
396.0	1.7902e-08
396.2	1.7712e-08
396.4	1.7524e-08
396.6	1.7338e-08
396.8	1.7175e-08
397.0	1.7015e-08
397.2	1.6856e-08
397.4	1.6699e-08
397.6	1.6543e-08
397.8	1.6389e-08
398.0	1.6236e-08
398.2	1.6084e-08
398.4	1.5934e-08
398.6	1.5785e-08
398.8	1.5638e-08
399.0	1.5492e-08
399.2	1.5348e-08
399.4	1.5204e-08
399.6	1.5063e-08
399.8	1.4922e-08
400.0	1.4783e-08
400.2	1.4645e-08
400.4	1.4509e-08
400.6	1.4376e-08
400.8	1.4245e-08
401.0	1.4114e-08
401.2	1.3985e-08
401.4	1.3857e-08
401.6	1.373e-08
401.8	1.3604e-08
402.0	1.3479e-08
402.2	1.3356e-08
402.4	1.3234e-08
402.6	1.3112e-08
402.8	1.2992e-08
403.0	1.2873e-08
403.2	1.2755e-08
403.4	1.2638e-08
403.6	1.2523e-08
403.8	1.2408e-08
404.0	1.2294e-08
404.2	1.2191e-08
404.4	1.209e-08
404.6	1.199e-08
404.8	1.1891e-08
405.0	1.1793e-08
405.2	1.1695e-08
405.4	1.1599e-08
405.6	1.1503e-08
405.8	1.1408e-08
406.0	1.1313e-08
406.2	1.122e-08
406.4	1.1127e-08
406.6	1.1035e-08
406.8	1.0944e-08
407.0	1.0854e-08
407.2	1.0764e-08
407.4	1.0675e-08
407.6	1.0587e-08
407.8	1.0888e-08
408.0	1.2294e-08
408.2	1.3882e-08
408.4	1.5675e-08
408.6	1.77e-08
408.8	1.9986e-08
409.0	2.2567e-08
409.2	2.5482e-08
409.4	2.8773e-08
409.6	3.249e-08
409.8	3.6686e-08
410.0	4.1425e-08
410.2	4.6775e-08
410.4	5.2816e-08
410.6	5.9638e-08
410.8	6.7341e-08
411.0	7.6039e-08
411.2	8.586e-08
411.4	9.695e-08
411.6	1.0e-07
411.8	1.0e-07
412.0	1.0e-07
412.2	1.0e-07
412.4	1.0e-07
412.6	1.0e-07
412.8	1.0e-07
413.0	1.0e-07
413.2	1.0e-07
413.4	1.0e-07
413.6	1.0e-07
413.8	1.0e-07
414.0	1.0e-07
414.2	1.0e-07
414.4	1.0e-07
414.6	1.0e-07
414.8	1.0e-07
415.0	1.0e-07
415.2	1.0e-07
415.4	1.0e-07
415.6	1.0e-07
415.8	1.0e-07
416.0	1.0e-07
416.2	1.0e-07
416.4	1.0e-07
416.6	1.0e-07
416.8	1.0e-07
417.0	1.0e-07
417.2	1.0e-07
417.4	1.0e-07
417.6	1.0e-07
417.8	1.0e-07
418.0	1.0e-07
418.2	1.0e-07
418.4	1.0e-07
418.6	1.0e-07
418.8	1.0e-07
419.0	1.0e-07
419.2	1.0e-07
419.4	1.0e-07
419.6	1.0e-07
419.8	1.0e-07
420.0	1.0e-07
420.2	1.0e-07
420.4	1.0e-07
420.6	1.0e-07
420.8	1.0e-07
421.0	1.0e-07
421.2	1.0e-07
421.4	1.0e-07
421.6	1.0e-07
421.8	1.0e-07
422.0	1.0e-07
422.2	1.0e-07
422.4	1.0e-07
422.6	1.0e-07
422.8	1.0e-07
423.0	1.0e-07
423.2	1.0e-07
423.4	1.0e-07
423.6	1.0e-07
423.8	1.0e-07
424.0	1.0e-07
424.2	1.0e-07
424.4	1.0e-07
424.6	1.0e-07
424.8	1.0e-07
425.0	1.0e-07
425.2	1.0e-07
425.4	1.0e-07
425.6	1.0e-07
425.8	1.0e-07
426.0	1.0e-07
426.2	1.0e-07
426.4	1.0e-07
426.6	1.0e-07
426.8	1.0e-07
427.0	1.0e-07
427.2	1.0e-07
427.4	1.0e-07
427.6	1.0e-07
427.8	1.0e-07
428.0	1.0e-07
428.2	1.0e-07
428.4	1.0e-07
428.6	1.0e-07
428.8	1.0e-07
429.0	1.0e-07
429.2	1.0e-07
429.4	1.0e-07
429.6	1.0e-07
429.8	1.0e-07
430.0	1.0e-07
430.2	1.0e-07
430.4	1.0e-07
430.6	1.0e-07
430.8	1.0e-07
431.0	1.0e-07
431.2	1.0e-07
431.4	1.0e-07
431.6	1.0e-07
431.8	1.0e-07
432.0	1.0e-07
432.2	1.0e-07
432.4	1.0e-07
432.6	1.0e-07
432.8	1.0e-07
433.0	1.0e-07
433.2	1.0e-07
433.4	1.0e-07
433.6	1.0e-07
433.8	1.0e-07
434.0	1.0e-07
434.2	1.0e-07
434.4	1.0e-07
434.6	1.0e-07
434.8	1.0e-07
435.0	1.0e-07
435.2	1.0e-07
435.4	1.0e-07
435.6	1.0e-07
435.8	1.0e-07
436.0	1.0e-07
436.2	1.0e-07
436.4	1.0e-07
436.6	1.0e-07
436.8	1.0e-07
437.0	1.0e-07
437.2	1.0e-07
437.4	1.0e-07
437.6	1.0e-07
437.8	1.0e-07
438.0	1.0e-07
438.2	1.0e-07
438.4	1.0e-07
438.6	1.0e-07
438.8	1.0e-07
439.0	1.0e-07
439.2	1.0e-07
439.4	1.0e-07
439.6	1.0e-07
439.8	1.0e-07
440.0	1.0e-07
440.2	1.0e-07
440.4	1.0e-07
440.6	1.0e-07
440.8	1.0e-07
441.0	1.0e-07
441.2	1.0e-07
441.4	1.0e-07
441.6	1.0e-07
441.8	1.0e-07
442.0	1.0e-07
442.2	1.0e-07
442.4	1.0e-07
442.6	1.0e-07
442.8	1.0e-07
443.0	1.0e-07
443.2	1.0e-07
443.4	1.0e-07
443.6	1.0e-07
443.8	1.0e-07
444.0	1.0e-07
444.2	1.0e-07
444.4	1.0e-07
444.6	1.0e-07
444.8	1.0e-07
445.0	1.0e-07
445.2	1.0e-07
445.4	1.0e-07
445.6	1.0e-07
445.8	1.0e-07
446.0	1.0e-07
446.2	1.0e-07
446.4	1.0e-07
446.6	1.0e-07
446.8	1.0e-07
447.0	1.0e-07
447.2	1.0e-07
447.4	1.0e-07
447.6	1.0e-07
447.8	1.0e-07
448.0	1.0e-07
448.2	1.0e-07
448.4	1.0e-07
448.6	1.0e-07
448.8	1.0e-07
449.0	1.0e-07
449.2	1.0e-07
449.4	1.0e-07
449.6	1.0e-07
449.8	1.0e-07
450.0	1.0e-07
450.2	1.0e-07
450.4	1.0e-07
450.6	1.0e-07
450.8	1.0e-07
451.0	1.0e-07
451.2	1.0e-07
451.4	1.0e-07
451.6	1.0e-07
451.8	1.0e-07
452.0	1.0e-07
452.2	1.0e-07
452.4	1.0e-07
452.6	1.0e-07
452.8	1.0e-07
453.0	1.0e-07
453.2	1.0e-07
453.4	1.0e-07
453.6	1.0e-07
453.8	1.0e-07
454.0	1.0e-07
454.2	1.0e-07
454.4	1.0e-07
454.6	1.0e-07
454.8	1.0e-07
455.0	1.0e-07
455.2	1.0e-07
455.4	1.0e-07
455.6	1.0e-07
455.8	1.0e-07
456.0	1.0e-07
456.2	1.0e-07
456.4	1.0e-07
456.6	1.0e-07
456.8	1.0e-07
457.0	1.0e-07
457.2	1.0e-07
457.4	1.0e-07
457.6	1.0e-07
457.8	1.0e-07
458.0	1.0e-07
458.2	1.0e-07
458.4	1.0e-07
458.6	1.0e-07
458.8	1.0e-07
459.0	1.0e-07
459.2	1.0e-07
459.4	1.0e-07
459.6	1.0e-07
459.8	1.0e-07
460.0	1.0e-07
460.2	1.0e-07
460.4	1.0e-07
460.6	1.0e-07
460.8	1.0e-07
461.0	1.0e-07
461.2	1.0e-07
461.4	1.0e-07
461.6	1.0e-07
461.8	1.0e-07
462.0	1.0e-07
462.2	1.0e-07
462.4	1.0e-07
462.6	1.0e-07
462.8	1.0e-07
463.0	1.0e-07
463.2	1.0e-07
463.4	1.0e-07
463.6	1.0e-07
463.8	1.0e-07
464.0	1.0e-07
464.2	1.0e-07
464.4	1.0e-07
464.6	1.0e-07
464.8	1.0e-07
465.0	1.0e-07
465.2	1.0e-07
465.4	1.0e-07
465.6	1.0e-07
465.8	1.0e-07
466.0	1.0e-07
466.2	1.0e-07
466.4	1.0e-07
466.6	1.0e-07
466.8	1.0e-07
467.0	1.0e-07
467.2	9.6494e-08
467.4	7.1668e-08
467.6	5.323e-08
467.8	3.9535e-08
468.0	2.9364e-08
468.2	3.1269e-08
468.4	3.3299e-08
468.6	3.546e-08
468.8	3.7762e-08
469.0	4.0212e-08
469.2	4.2822e-08
469.4	4.5602e-08
469.6	4.8561e-08
469.8	5.1713e-08
470.0	5.507e-08
470.2	5.8644e-08
470.4	6.245e-08
470.6	6.6284e-08
470.8	6.7099e-08
471.0	6.7924e-08
471.2	6.8758e-08
471.4	6.9603e-08
471.6	7.0459e-08
471.8	7.1324e-08
472.0	7.2201e-08
472.2	7.3088e-08
472.4	7.3986e-08
472.6	7.4895e-08
472.8	7.5816e-08
473.0	7.6747e-08
473.2	7.769e-08
473.4	7.8645e-08
473.6	7.9612e-08
473.8	8.059e-08
474.0	8.158e-08
474.2	8.2583e-08
474.4	8.2708e-08
474.6	8.2195e-08
474.8	8.1685e-08
475.0	8.1178e-08
475.2	8.0674e-08
475.4	8.0174e-08
475.6	7.9676e-08
475.8	7.9182e-08
476.0	7.869e-08
476.2	7.8202e-08
476.4	7.7717e-08
476.6	7.7235e-08
476.8	7.6755e-08
477.0	7.6279e-08
477.2	7.5806e-08
477.4	7.5335e-08
477.6	7.4868e-08
477.8	7.4403e-08
478.0	7.3953e-08
478.2	7.36e-08
478.4	7.325e-08
478.6	7.2901e-08
478.8	7.2553e-08
479.0	7.2208e-08
479.2	7.1864e-08
479.4	7.1521e-08
479.6	7.118e-08
479.8	7.0841e-08
480.0	7.0504e-08
480.2	7.0168e-08
480.4	6.9834e-08
480.6	6.9501e-08
480.8	6.917e-08
481.0	6.884e-08
481.2	6.8512e-08
481.4	6.8186e-08
481.6	6.7861e-08
481.8	6.5074e-08
482.0	6.1084e-08
482.2	5.7338e-08
482.4	5.3822e-08
482.6	5.0522e-08
482.8	4.7424e-08
483.0	4.4516e-08
483.2	4.1786e-08
483.4	3.9224e-08
483.6	3.6819e-08
483.8	3.4561e-08
484.0	3.2442e-08
484.2	3.0452e-08
484.4	2.8585e-08
484.6	2.6832e-08
484.8	2.5187e-08
485.0	2.3642e-08
485.2	2.2192e-08
485.4	2.0939e-08
485.6	2.0223e-08
485.8	1.9532e-08
486.0	1.8864e-08
486.2	1.8219e-08
486.4	1.7597e-08
486.6	1.6995e-08
486.8	1.6414e-08
487.0	1.5853e-08
487.2	1.5311e-08
487.4	1.4788e-08
487.6	1.4282e-08
487.8	1.3794e-08
488.0	1.3323e-08
488.2	1.2867e-08
488.4	1.2428e-08
488.6	1.2003e-08
488.8	1.1592e-08
489.0	1.1196e-08
489.2	1.1482e-08
489.4	1.2032e-08
489.6	1.2608e-08
489.8	1.3212e-08
490.0	1.3845e-08
490.2	1.4508e-08
490.4	1.5203e-08
490.6	1.5931e-08
490.8	1.6694e-08
491.0	1.7494e-08
491.2	1.8332e-08
491.4	1.921e-08
491.6	2.013e-08
491.8	2.1094e-08
492.0	2.2105e-08
492.2	2.3164e-08
492.4	2.4273e-08
492.6	2.5436e-08
492.8	2.6604e-08
493.0	2.7702e-08
493.2	2.8845e-08
493.4	3.0035e-08
493.6	3.1275e-08
493.8	3.2566e-08
494.0	3.391e-08
494.2	3.531e-08
494.4	3.6767e-08
494.6	3.8284e-08
494.8	3.9865e-08
495.0	4.151e-08
495.2	4.3223e-08
495.4	4.5007e-08
495.6	4.6865e-08
495.8	4.8799e-08
496.0	5.0813e-08
496.2	5.291e-08
496.4	5.5094e-08
496.6	5.7189e-08
496.8	5.9337e-08
497.0	6.1566e-08
497.2	6.3878e-08
497.4	6.6277e-08
497.6	6.8767e-08
497.8	7.1349e-08
498.0	7.4029e-08
498.2	7.681e-08
498.4	7.9695e-08
498.6	8.2688e-08
498.8	8.5794e-08
499.0	8.9016e-08
499.2	9.236e-08
499.4	9.5829e-08
499.6	9.9428e-08
499.8	1.0316e-07
500.0	1.0704e-07
500.2	1.1831e-07
500.4	1.3078e-07
500.6	1.4456e-07
500.8	1.5943e-07
501.0	1.5787e-07
501.2	1.5633e-07
501.4	1.5479e-07
501.6	1.5328e-07
501.8	1.5178e-07
502.0	1.5029e-07
502.2	1.4882e-07
502.4	1.4736e-07
502.6	1.4592e-07
502.8	1.4449e-07
503.0	1.4307e-07
503.2	1.4167e-07
503.4	1.4028e-07
503.6	1.3891e-07
503.8	1.3755e-07
504.0	1.362e-07
504.2	1.3487e-07
504.4	1.3354e-07
504.6	1.3438e-07
504.8	1.3708e-07
505.0	1.3984e-07
505.2	1.4265e-07
505.4	1.4552e-07
505.6	1.4845e-07
505.8	1.5144e-07
506.0	1.5449e-07
506.2	1.576e-07
506.4	1.6077e-07
506.6	1.64e-07
506.8	1.673e-07
507.0	1.7067e-07
507.2	1.741e-07
507.4	1.7761e-07
507.6	1.8118e-07
507.8	1.8482e-07
508.0	1.8854e-07
508.2	1.921e-07
508.4	1.9249e-07
508.6	1.9288e-07
508.8	1.9328e-07
509.0	1.9367e-07
509.2	1.9407e-07
509.4	1.9447e-07
509.6	1.9486e-07
509.8	1.9526e-07
510.0	1.9566e-07
510.2	1.9606e-07
510.4	1.9646e-07
510.6	1.9687e-07
510.8	1.9727e-07
511.0	1.9767e-07
511.2	1.9808e-07
511.4	1.9848e-07
511.6	1.9889e-07
511.8	1.993e-07
512.0	2.0085e-07
512.2	2.0315e-07
512.4	2.0548e-07
512.6	2.0783e-07
512.8	2.1021e-07
513.0	2.1261e-07
513.2	2.1505e-07
513.4	2.1751e-07
513.6	2.2e-07
513.8	2.2251e-07
514.0	2.2506e-07
514.2	2.2763e-07
514.4	2.3024e-07
514.6	2.3287e-07
514.8	2.3554e-07
515.0	2.3823e-07
515.2	2.4096e-07
515.4	2.4372e-07
515.6	2.4614e-07
515.8	2.4671e-07
516.0	2.4728e-07
516.2	2.4785e-07
516.4	2.4842e-07
516.6	2.49e-07
516.8	2.4957e-07
517.0	2.5015e-07
517.2	2.5073e-07
517.4	2.5131e-07
517.6	2.5189e-07
517.8	2.5247e-07
518.0	2.5305e-07
518.2	2.5364e-07
518.4	2.5422e-07
518.6	2.5481e-07
518.8	2.554e-07
519.0	2.5599e-07
519.2	2.5658e-07
519.4	2.5828e-07
519.6	2.604e-07
519.8	2.6253e-07
520.0	2.6468e-07
520.2	2.6685e-07
520.4	2.6904e-07
520.6	2.7125e-07
520.8	2.7347e-07
521.0	2.7571e-07
521.2	2.7797e-07
521.4	2.8025e-07
521.6	2.8255e-07
521.8	2.8487e-07
522.0	2.872e-07
522.2	2.8956e-07
522.4	2.9193e-07
522.6	2.9433e-07
522.8	2.9674e-07
523.0	2.9877e-07
523.2	2.9988e-07
523.4	3.01e-07
523.6	3.0211e-07
523.8	3.0324e-07
524.0	3.0436e-07
524.2	3.0549e-07
524.4	3.0663e-07
524.6	3.0777e-07
524.8	3.0891e-07
525.0	3.1006e-07
525.2	3.1121e-07
525.4	3.1237e-07
525.6	3.1353e-07
525.8	3.1469e-07
526.0	3.1586e-07
526.2	3.1703e-07
526.4	3.1821e-07
526.6	3.1939e-07
526.8	3.2247e-07
527.0	3.2581e-07
527.2	3.292e-07
527.4	3.3262e-07
527.6	3.3607e-07
527.8	3.3956e-07
528.0	3.4309e-07
528.2	3.4665e-07
528.4	3.5025e-07
528.6	3.5389e-07
528.8	3.5756e-07
529.0	3.6128e-07
529.2	3.6503e-07
529.4	3.6882e-07
529.6	3.7265e-07
529.8	3.7652e-07
530.0	3.8043e-07
530.2	3.8438e-07
530.4	3.8865e-07
530.6	3.9328e-07
530.8	3.9797e-07
531.0	4.0271e-07
531.2	4.075e-07
531.4	4.1236e-07
531.6	4.1727e-07
531.8	4.2224e-07
532.0	4.2727e-07
532.2	4.3236e-07
532.4	4.3751e-07
532.6	4.4272e-07
532.8	4.48e-07
533.0	4.5333e-07
533.2	4.5874e-07
533.4	4.642e-07
533.6	4.6973e-07
533.8	4.7533e-07
534.0	4.8094e-07
534.2	4.8601e-07
534.4	4.9114e-07
534.6	4.9632e-07
534.8	5.0155e-07
535.0	5.0684e-07
535.2	5.1219e-07
535.4	5.1759e-07
535.6	5.2305e-07
535.8	5.2857e-07
536.0	5.3414e-07
536.2	5.3978e-07
536.4	5.4547e-07
536.6	5.5122e-07
536.8	5.5704e-07
537.0	5.6291e-07
537.2	5.6885e-07
537.4	5.7485e-07
537.6	5.8092e-07
537.8	5.3876e-07
538.0	4.812e-07
538.2	4.2978e-07
538.4	3.8386e-07
538.6	3.4285e-07
538.8	3.0622e-07
539.0	2.735e-07
539.2	2.4428e-07
539.4	2.1818e-07
539.6	1.9487e-07
539.8	1.7405e-07
540.0	1.5545e-07
540.2	1.3884e-07
540.4	1.2401e-07
540.6	1.1076e-07
540.8	9.8923e-08
541.0	8.8353e-08
541.2	7.8913e-08
541.4	7.3116e-08
541.6	7.3508e-08
541.8	7.3902e-08
542.0	7.4299e-08
542.2	7.4697e-08
542.4	7.5098e-08
542.6	7.5501e-08
542.8	7.5906e-08
543.0	7.6313e-08
543.2	7.6722e-08
543.4	7.7134e-08
543.6	7.7548e-08
543.8	7.7964e-08
544.0	7.8382e-08
544.2	7.8803e-08
544.4	7.9225e-08
544.6	7.965e-08
544.8	8.0078e-08
545.0	8.0747e-08
545.2	8.1514e-08
545.4	8.2289e-08
545.6	8.307e-08
545.8	8.3859e-08
546.0	8.4656e-08
546.2	8.546e-08
546.4	8.6272e-08
546.6	8.7092e-08
546.8	8.7919e-08
547.0	8.8754e-08
547.2	8.9597e-08
547.4	9.0448e-08
547.6	9.1307e-08
547.8	9.2175e-08
548.0	9.305e-08
548.2	9.3934e-08
548.4	9.4827e-08
548.6	9.5727e-08
548.8	9.6637e-08
549.0	9.7555e-08
549.2	9.8481e-08
549.4	9.9417e-08
549.6	1.0036e-07
549.8	1.0115e-07
550.0	1.0139e-07
550.2	1.0164e-07
550.4	1.0188e-07
550.6	1.0213e-07
550.8	1.0238e-07
551.0	1.0263e-07
551.2	1.0287e-07
551.4	1.0312e-07
551.6	1.0337e-07
551.8	1.0362e-07
552.0	1.0387e-07
552.2	1.0412e-07
552.4	1.0438e-07
552.6	1.0463e-07
552.8	1.0488e-07
553.0	1.0514e-07
553.2	1.0539e-07
553.4	1.0565e-07
553.6	1.059e-07
553.8	1.0616e-07
554.0	1.0642e-07
554.2	1.0667e-07
554.4	1.0693e-07
554.6	1.0719e-07
554.8	1.0717e-07
555.0	1.0706e-07
555.2	1.0695e-07
555.4	1.0684e-07
555.6	1.0673e-07
555.8	1.0662e-07
556.0	1.065e-07
556.2	1.0639e-07
556.4	1.0628e-07
556.6	1.0617e-07
556.8	1.0606e-07
557.0	1.0595e-07
557.2	1.0584e-07
557.4	1.0573e-07
557.6	1.0562e-07
557.8	1.0551e-07
558.0	1.054e-07
558.2	1.0529e-07
558.4	1.0518e-07
558.6	1.0508e-07
558.8	1.0497e-07
559.0	1.0486e-07
559.2	1.0475e-07
559.4	1.0464e-07
559.6	1.0474e-07
559.8	1.055e-07
560.0	1.0626e-07
560.2	1.0703e-07
560.4	1.078e-07
560.6	1.0858e-07
560.8	1.0937e-07
561.0	1.1016e-07
561.2	1.1096e-07
561.4	1.1176e-07
561.6	1.1257e-07
561.8	1.1339e-07
562.0	1.1421e-07
562.2	1.1503e-07
562.4	1.1587e-07
562.6	1.1671e-07
562.8	1.1755e-07
563.0	1.184e-07
563.2	1.1926e-07
563.4	1.2012e-07
563.6	1.2099e-07
563.8	1.2187e-07
564.0	1.2275e-07
564.2	1.2364e-07
564.4	1.2453e-07
564.6	1.2488e-07
564.8	1.2501e-07
565.0	1.2514e-07
565.2	1.2528e-07
565.4	1.2541e-07
565.6	1.2555e-07
565.8	1.2569e-07
566.0	1.2582e-07
566.2	1.2596e-07
566.4	1.2609e-07
566.6	1.2623e-07
566.8	1.2636e-07
567.0	1.265e-07
567.2	1.2664e-07
567.4	1.2677e-07
567.6	1.2691e-07
567.8	1.2705e-07
568.0	1.2718e-07
568.2	1.2732e-07
568.4	1.2746e-07
568.6	1.276e-07
568.8	1.2773e-07
569.0	1.2787e-07
569.2	1.2801e-07
569.4	1.2826e-07
569.6	1.2886e-07
569.8	1.2947e-07
570.0	1.3008e-07
570.2	1.3069e-07
570.4	1.313e-07
570.6	1.3192e-07
570.8	1.3254e-07
571.0	1.3316e-07
571.2	1.3379e-07
571.4	1.3442e-07
571.6	1.3505e-07
571.8	1.3569e-07
572.0	1.3633e-07
572.2	1.3697e-07
572.4	1.3761e-07
572.6	1.3826e-07
572.8	1.3891e-07
573.0	1.3956e-07
573.2	1.4022e-07
573.4	1.4088e-07
573.6	1.4154e-07
573.8	1.4221e-07
574.0	1.4288e-07
574.2	1.4355e-07
574.4	1.4401e-07
574.6	1.4439e-07
574.8	1.4478e-07
575.0	1.4517e-07
575.2	1.4556e-07
575.4	1.4595e-07
575.6	1.4634e-07
575.8	1.4673e-07
576.0	1.4713e-07
576.2	1.4752e-07
576.4	1.4792e-07
576.6	1.4832e-07
576.8	1.4871e-07
577.0	1.4911e-07
577.2	1.4951e-07
577.4	1.4991e-07
577.6	1.5032e-07
577.8	1.5072e-07
578.0	1.5113e-07
578.2	1.5153e-07
578.4	1.5194e-07
578.6	1.5235e-07
578.8	1.5275e-07
579.0	1.5317e-07
579.2	1.5379e-07
579.4	1.551e-07
579.6	1.5643e-07
579.8	1.5777e-07
580.0	1.5911e-07
580.2	1.6047e-07
580.4	1.6185e-07
580.6	1.6323e-07
580.8	1.6463e-07
581.0	1.6603e-07
581.2	1.6745e-07
581.4	1.6888e-07
581.6	1.7033e-07
581.8	1.7178e-07
582.0	1.7325e-07
582.2	1.7473e-07
582.4	1.7623e-07
582.6	1.7773e-07
582.8	1.7925e-07
583.0	1.8079e-07
583.2	1.8233e-07
583.4	1.8389e-07
583.6	1.8546e-07
583.8	1.8705e-07
584.0	1.8865e-07
584.2	1.8881e-07
584.4	1.8841e-07
584.6	1.8801e-07
584.8	1.8762e-07
585.0	1.8722e-07
585.2	1.8683e-07
585.4	1.8643e-07
585.6	1.8604e-07
585.8	1.8564e-07
586.0	1.8525e-07
586.2	1.8486e-07
586.4	1.8447e-07
586.6	1.8408e-07
586.8	1.8369e-07
587.0	1.833e-07
587.2	1.8292e-07
587.4	1.8253e-07
587.6	1.8214e-07
587.8	1.8176e-07
588.0	1.8137e-07
588.2	1.8099e-07
588.4	1.8061e-07
588.6	1.8023e-07
588.8	1.7985e-07
589.0	1.7966e-07
589.2	1.8015e-07
589.4	1.8064e-07
589.6	1.8113e-07
589.8	1.8162e-07
590.0	1.8211e-07
590.2	1.8261e-07
590.4	1.831e-07
590.6	1.836e-07
590.8	1.841e-07
591.0	1.846e-07
591.2	1.851e-07
591.4	1.856e-07
591.6	1.861e-07
591.8	1.8661e-07
592.0	1.8712e-07
592.2	1.8762e-07
592.4	1.8813e-07
592.6	1.8864e-07
592.8	1.901e-07
593.0	1.9253e-07
593.2	1.9499e-07
593.4	1.9748e-07
593.6	2.0e-07
593.8	2.0255e-07
594.0	2.0514e-07
594.2	2.0776e-07
594.4	2.1041e-07
594.6	2.131e-07
594.8	2.1582e-07
595.0	2.1858e-07
595.2	2.2137e-07
595.4	2.242e-07
595.6	2.2706e-07
595.8	2.2996e-07
596.0	2.3289e-07
596.2	2.3587e-07
596.4	2.3625e-07
596.6	2.3657e-07
596.8	2.3689e-07
597.0	2.3721e-07
597.2	2.3752e-07
597.4	2.3784e-07
597.6	2.3816e-07
597.8	2.3848e-07
598.0	2.388e-07
598.2	2.3912e-07
598.4	2.3944e-07
598.6	2.3395e-07
598.8	2.0898e-07
599.0	1.8667e-07
599.2	1.6675e-07
599.4	1.4895e-07
599.6	1.3305e-07
599.8	1.1885e-07
600.0	1.0616e-07
600.2	8.7288e-08
600.4	6.5362e-08
600.6	4.8943e-08
600.8	6.4201e-08
601.0	8.5688e-08
601.2	8.3171e-08
601.4	5.5959e-08
601.6	7.0254e-08
601.8	8.8759e-08
602.0	1.0e-07
602.2	1.0e-07
602.4	1.0e-07
602.6	5.6984e-08
602.8	4.954e-08
603.0	7.002e-08
603.2	9.8967e-08
603.4	1.0e-07
603.6	1.0e-07
603.8	5.3876e-08
604.0	1.4248e-08
604.2	1.847e-08
604.4	2.4331e-08
604.6	3.0298e-08
604.8	3.5579e-08
605.0	4.178e-08
605.2	3.2142e-08
605.4	3.3187e-08
605.6	4.7775e-08
605.8	6.8776e-08
606.0	6.6597e-08
606.2	6.3701e-08
606.4	7.6239e-08
606.6	1.1748e-07
606.8	8.2404e-08
607.0	5.7798e-08
607.2	5.1854e-08
607.4	5.98e-08
607.6	6.8964e-08
607.8	9.0241e-08
608.0	1.0088e-07
608.2	9.535e-08
608.4	9.0122e-08
608.6	9.2716e-08
608.8	9.555e-08
609.0	5.244e-08
609.2	1.4542e-08
609.4	2.373e-08
609.6	4.1291e-08
609.8	6.172e-08
610.0	7.7182e-08
610.2	9.6518e-08
610.4	1.4949e-07
610.6	1.8389e-07
610.8	1.7543e-07
611.0	1.6737e-07
611.2	1.8738e-07
611.4	2.103e-07
611.6	2.2099e-07
611.8	2.1693e-07
612.0	3.0366e-07
612.2	4.2506e-07
612.4	5.9504e-07
612.6	8.3303e-07
612.8	1.166e-06
613.0	1.5639e-06
613.2	2.2343e-06
613.4	3.4134e-06
613.6	5.2148e-06
613.8	7.9855e-06
614.0	1.2229e-05
614.2	1.8581e-05
614.4	2.8448e-05
614.6	4.5177e-05
614.8	7.4324e-05
615.0	1.2335e-04
615.2	2.0687e-04
615.4	3.5997e-04
615.6	7.0242e-04
615.8	0.00125
616.0	0.00225
616.2	0.00425
616.4	0.00845
616.6	0.01755
616.8	0.03812
617.0	0.12167
617.2	0.25645
617.4	0.48686
617.6	0.73631
617.8	0.89679
618.0	0.95767
618.2	0.97299
618.4	0.97417
618.6	0.97151
618.8	0.9684
619.0	0.9646
619.2	0.96279
619.4	0.9629
619.6	0.96522
619.8	0.9685
620.0	0.97151
620.2	0.97387
620.4	0.97513
620.6	0.97405
620.8	0.97201
621.0	0.96985
621.2	0.96696
621.4	0.96452
621.6	0.96325
621.8	0.96365
622.0	0.96566
622.2	0.9683
622.4	0.97131
622.6	0.97462
622.8	0.97816
623.0	0.98048
623.2	0.98263
623.4	0.98351
623.6	0.98426
623.8	0.98349
624.0	0.98194
624.2	0.98025
624.4	0.97817
624.6	0.97635
624.8	0.97426
625.0	0.9721
625.2	0.96957
625.4	0.9678
625.6	0.96565
625.8	0.96372
626.0	0.9615
626.2	0.95906
626.4	0.95662
626.6	0.95421
626.8	0.95233
627.0	0.95007
627.2	0.94864
627.4	0.94655
627.6	0.94588
627.8	0.94614
628.0	0.94632
628.2	0.94737
628.4	0.94923
628.6	0.9515
628.8	0.95459
629.0	0.95841
629.2	0.96198
629.4	0.96552
629.6	0.96937
629.8	0.97315
630.0	0.97711
630.2	0.98067
630.4	0.98318
630.6	0.9854
630.8	0.98741
631.0	0.98855
631.2	0.98956
631.4	0.99052
631.6	0.99099
631.8	0.99097
632.0	0.991
632.2	0.99093
632.4	0.99062
632.6	0.9911
632.8	0.99156
633.0	0.99196
633.2	0.99187
633.4	0.99244
633.6	0.99296
633.8	0.99368
634.0	0.99421
634.2	0.99443
634.4	0.99438
634.6	0.99479
634.8	0.99413
635.0	0.99341
635.2	0.99233
635.4	0.99073
635.6	0.98905
635.8	0.98689
636.0	0.98468
636.2	0.98154
636.4	0.97858
636.6	0.97624
636.8	0.97334
637.0	0.97097
637.2	0.96757
637.4	0.96529
637.6	0.96383
637.8	0.96249
638.0	0.96123
638.2	0.96045
638.4	0.96033
638.6	0.96098
638.8	0.96199
639.0	0.96276
639.2	0.96494
639.4	0.96691
639.6	0.96917
639.8	0.97157
640.0	0.9747
640.2	0.97697
640.4	0.97943
640.6	0.98184
640.8	0.98388
641.0	0.98589
641.2	0.98766
641.4	0.98849
641.6	0.98947
641.8	0.99009
642.0	0.99029
642.2	0.99003
642.4	0.98961
642.6	0.98906
642.8	0.98869
643.0	0.98759
643.2	0.98681
643.4	0.98616
643.6	0.9856
643.8	0.98525
644.0	0.98455
644.2	0.98463
644.4	0.98502
644.6	0.98557
644.8	0.98655
645.0	0.98739
645.2	0.98808
645.4	0.98906
645.6	0.99038
645.8	0.99142
646.0	0.99263
646.2	0.99335
646.4	0.99408
646.6	0.99459
646.8	0.99539
647.0	0.99576
647.2	0.99536
647.4	0.99513
647.6	0.99454
647.8	0.99397
648.0	0.99302
648.2	0.99204
648.4	0.99142
648.6	0.99061
648.8	0.99008
649.0	0.9892
649.2	0.98857
649.4	0.98867
649.6	0.98812
649.8	0.98858
650.0	0.98879
650.2	0.98897
650.4	0.98956
650.6	0.99027
650.8	0.99096
651.0	0.99182
651.2	0.99216
651.4	0.99292
651.6	0.99294
651.8	0.99369
652.0	0.9934
652.2	0.99282
652.4	0.99309
652.6	0.99224
652.8	0.99108
653.0	0.99031
653.2	0.98958
653.4	0.98833
653.6	0.9875
653.8	0.98691
654.0	0.98624
654.2	0.98588
654.4	0.98585
654.6	0.98569
654.8	0.98627
655.0	0.98751
655.2	0.98795
655.4	0.98931
655.6	0.99023
655.8	0.99209
656.0	0.99332
656.2	0.9951
656.4	0.9959
656.6	0.99678
656.8	0.99745
657.0	0.9976
657.2	0.99817
657.4	0.99766
657.6	0.99684
657.8	0.99578
658.0	0.99434
658.2	0.99189
658.4	0.99051
658.6	0.98839
658.8	0.98713
659.0	0.98534
659.2	0.98339
659.4	0.98188
659.6	0.98077
659.8	0.98024
660.0	0.98036
660.2	0.98058
660.4	0.9808
660.6	0.98166
660.8	0.98304
661.0	0.98489
661.2	0.98675
661.4	0.98866
661.6	0.99053
661.8	0.99193
662.0	0.9935
662.2	0.9952
662.4	0.99564
662.6	0.99654
662.8	0.99661
663.0	0.99673
663.2	0.9962
663.4	0.99543
663.6	0.99438
663.8	0.99332
664.0	0.99205
664.2	0.9911
664.4	0.98959
664.6	0.9891
664.8	0.98814
665.0	0.98827
665.2	0.98805
665.4	0.98828
665.6	0.98918
665.8	0.98948
666.0	0.99057
666.2	0.99166
666.4	0.9931
666.6	0.99404
666.8	0.99511
667.0	0.99534
667.2	0.99615
667.4	0.99605
667.6	0.99575
667.8	0.99528
668.0	0.99416
668.2	0.99306
668.4	0.99096
668.6	0.98946
668.8	0.98836
669.0	0.98665
669.2	0.98563
669.4	0.98489
669.6	0.98455
669.8	0.98456
670.0	0.98482
670.2	0.9857
670.4	0.98676
670.6	0.98811
670.8	0.9898
671.0	0.99153
671.2	0.99316
671.4	0.99428
671.6	0.99514
671.8	0.99574
672.0	0.99594
672.2	0.99581
672.4	0.99403
672.6	0.9925
672.8	0.99023
673.0	0.98673
673.2	0.98396
673.4	0.98123
673.6	0.97919
673.8	0.97695
674.0	0.97544
674.2	0.9743
674.4	0.97392
674.6	0.97321
674.8	0.97423
675.0	0.97474
675.2	0.97621
675.4	0.97729
675.6	0.97909
675.8	0.98053
676.0	0.98276
676.2	0.98298
676.4	0.98444
676.6	0.98482
676.8	0.9848
677.0	0.9845
677.2	0.98376
677.4	0.98266
677.6	0.98179
677.8	0.98001
678.0	0.97918
678.2	0.97756
678.4	0.97632
678.6	0.97523
678.8	0.9739
679.0	0.97379
679.2	0.97229
679.4	0.9722
679.6	0.97267
679.8	0.97276
680.0	0.97364
680.2	0.97366
680.4	0.97358
680.6	0.97324
680.8	0.97289
681.0	0.97185
681.2	0.97117
681.4	0.97043
681.6	0.96882
681.8	0.96286
682.0	0.94028
682.2	0.90082
682.4	0.79146
682.6	0.62372
682.8	0.43317
683.0	0.27053
683.2	0.15904
683.4	0.09136
683.6	0.05158
683.8	0.02992
684.0	0.01766
684.2	0.01069
684.4	0.00659
684.6	0.00417
684.8	0.0026
685.0	0.00167
685.2	0.0011
685.4	7.417e-04
685.6	5.0571e-04
685.8	3.4431e-04
686.0	2.4373e-04
686.2	1.7019e-04
686.4	1.2155e-04
686.6	8.6818e-05
686.8	6.2936e-05
687.0	4.5814e-05
687.2	3.3327e-05
687.4	2.4202e-05
687.6	1.7996e-05
687.8	1.3464e-05
688.0	1.0135e-05
688.2	7.736e-06
688.4	5.9049e-06
688.6	4.5481e-06
688.8	3.5077e-06
689.0	2.6999e-06
689.2	2.0781e-06
689.4	1.6518e-06
689.6	1.3246e-06
689.8	1.0357e-06
690.0	7.6235e-07
690.2	6.3912e-07
690.4	5.5408e-07
690.6	4.8246e-07
690.8	4.2418e-07
691.0	3.7294e-07
691.2	2.5491e-07
691.4	1.8546e-07
691.6	1.8265e-07
691.8	1.7988e-07
692.0	1.6236e-07
692.2	1.4318e-07
692.4	1.3118e-07
692.6	1.3139e-07
692.8	7.4759e-08
693.0	3.5581e-08
693.2	2.5424e-08
693.4	5.4496e-08
693.6	1.1681e-07
693.8	6.7075e-08
694.0	3.8584e-08
694.2	5.6618e-08
694.4	8.3082e-08
694.6	9.2112e-08
694.8	9.5001e-08
695.0	7.9147e-08
695.2	4.054e-08
695.4	2.618e-08
695.6	1.8119e-08
695.8	1.6252e-08
696.0	2.8397e-08
696.2	4.962e-08
696.4	7.2221e-08
696.6	8.4495e-08
696.8	6.5881e-08
697.0	5.1368e-08
697.2	6.1683e-08
697.4	8.2237e-08
697.6	4.1366e-08
697.8	3.3757e-08
698.0	6.3125e-08
698.2	8.7333e-08
698.4	5.2384e-08
698.6	3.1421e-08
698.8	3.1869e-08
699.0	3.7486e-08
699.2	4.4092e-08
699.4	5.1862e-08
699.6	6.1002e-08
699.8	7.1753e-08
700.0	8.4398e-08
700.2	9.9272e-08
700.4	1.0e-07
700.6	1.0e-07
700.8	1.0e-07
701.0	1.0e-07
701.2	1.0e-07
701.4	1.0e-07
701.6	1.0e-07
701.8	1.0e-07
702.0	1.0e-07
702.2	1.0e-07
702.4	1.0e-07
702.6	1.0e-07
702.8	1.0e-07
703.0	1.0e-07
703.2	1.0e-07
703.4	1.0e-07
703.6	1.0e-07
703.8	9.9316e-08
704.0	9.8063e-08
704.2	9.6825e-08
704.4	9.5603e-08
704.6	9.4396e-08
704.8	9.3205e-08
705.0	9.2028e-08
705.2	9.0867e-08
705.4	8.972e-08
705.6	8.8587e-08
705.8	8.7469e-08
706.0	8.6365e-08
706.2	8.5275e-08
706.4	8.4199e-08
706.6	8.3136e-08
706.8	8.2086e-08
707.0	8.105e-08
707.2	8.0027e-08
707.4	7.9017e-08
707.6	7.802e-08
707.8	7.7035e-08
708.0	7.6063e-08
708.2	7.5103e-08
708.4	7.4155e-08
708.6	7.3337e-08
708.8	7.5389e-08
709.0	7.7499e-08
709.2	7.9667e-08
709.4	8.1897e-08
709.6	8.4189e-08
709.8	8.6545e-08
710.0	8.8966e-08
710.2	9.1456e-08
710.4	9.4015e-08
710.6	9.6646e-08
710.8	9.9351e-08
711.0	1.0213e-07
711.2	1.0499e-07
711.4	1.0793e-07
711.6	1.1095e-07
711.8	1.1405e-07
712.0	1.1724e-07
712.2	1.2052e-07
712.4	1.239e-07
712.6	1.2736e-07
712.8	1.3093e-07
713.0	1.3459e-07
713.2	1.3836e-07
713.4	1.4223e-07
713.6	1.4262e-07
713.8	1.4006e-07
714.0	1.3756e-07
714.2	1.3509e-07
714.4	1.3267e-07
714.6	1.303e-07
714.8	1.2797e-07
715.0	1.2567e-07
715.2	1.2342e-07
715.4	1.2121e-07
715.6	1.1904e-07
715.8	1.1691e-07
716.0	1.1482e-07
716.2	1.1276e-07
716.4	1.1074e-07
716.6	1.0876e-07
716.8	1.0681e-07
717.0	1.049e-07
717.2	1.0302e-07
717.4	1.0118e-07
717.6	9.9367e-08
717.8	9.7588e-08
718.0	9.5841e-08
718.2	9.4125e-08
718.4	9.2517e-08
718.6	9.277e-08
718.8	9.3023e-08
719.0	9.3278e-08
719.2	9.3533e-08
719.4	9.3789e-08
719.6	9.4045e-08
719.8	9.4302e-08
720.0	9.456e-08
720.2	9.4819e-08
720.4	9.5078e-08
720.6	9.5338e-08
720.8	9.5599e-08
721.0	9.586e-08
721.2	9.6123e-08
721.4	9.6385e-08
721.6	9.6649e-08
721.8	9.6913e-08
722.0	9.7178e-08
722.2	9.7444e-08
722.4	9.7711e-08
722.6	9.7978e-08
722.8	9.8246e-08
723.0	9.8515e-08
723.2	9.8784e-08
723.4	9.8289e-08
723.6	9.7166e-08
723.8	9.6056e-08
724.0	9.4958e-08
724.2	9.3873e-08
724.4	9.2801e-08
724.6	9.1741e-08
724.8	9.0692e-08
725.0	8.9656e-08
725.2	8.8632e-08
725.4	8.7619e-08
725.6	8.6618e-08
725.8	8.5628e-08
726.0	8.465e-08
726.2	8.3682e-08
726.4	8.2726e-08
726.6	8.1781e-08
726.8	8.0847e-08
727.0	7.9923e-08
727.2	7.901e-08
727.4	7.8107e-08
727.6	7.7214e-08
727.8	7.6332e-08
728.0	7.546e-08
728.2	7.459e-08
728.4	7.3419e-08
728.6	7.2267e-08
728.8	7.1133e-08
729.0	7.0017e-08
729.2	6.8918e-08
729.4	6.7836e-08
729.6	6.6772e-08
729.8	6.5724e-08
730.0	6.4693e-08
730.2	6.3677e-08
730.4	6.2678e-08
730.6	6.1694e-08
730.8	6.0726e-08
731.0	5.9773e-08
731.2	5.8835e-08
731.4	5.7912e-08
731.6	5.7003e-08
731.8	5.6109e-08
732.0	5.5228e-08
732.2	5.4361e-08
732.4	5.3508e-08
732.6	5.2669e-08
732.8	5.1842e-08
733.0	5.1029e-08
733.2	5.0942e-08
733.4	5.1551e-08
733.6	5.2168e-08
733.8	5.2791e-08
734.0	5.3422e-08
734.2	5.4061e-08
734.4	5.4707e-08
734.6	5.5361e-08
734.8	5.6023e-08
735.0	5.6693e-08
735.2	5.737e-08
735.4	5.8056e-08
735.6	5.875e-08
735.8	5.9453e-08
736.0	6.0163e-08
736.2	6.0883e-08
736.4	6.161e-08
736.6	6.2347e-08
736.8	6.3092e-08
737.0	6.3846e-08
737.2	6.461e-08
737.4	6.5382e-08
737.6	6.6164e-08
737.8	6.6955e-08
738.0	6.7694e-08
738.2	6.6468e-08
738.4	6.5265e-08
738.6	6.4083e-08
738.8	6.2923e-08
739.0	6.1784e-08
739.2	6.0666e-08
739.4	5.9568e-08
739.6	5.8489e-08
739.8	5.743e-08
740.0	5.6391e-08
740.2	5.537e-08
740.4	5.4367e-08
740.6	5.3383e-08
740.8	5.2417e-08
741.0	5.1468e-08
741.2	5.0536e-08
741.4	4.9621e-08
741.6	4.8723e-08
741.8	4.7841e-08
742.0	4.6975e-08
742.2	4.6125e-08
742.4	4.529e-08
742.6	4.447e-08
742.8	4.3665e-08
743.0	4.3405e-08
743.2	4.3585e-08
743.4	4.3765e-08
743.6	4.3945e-08
743.8	4.4127e-08
744.0	4.4309e-08
744.2	4.4492e-08
744.4	4.4676e-08
744.6	4.486e-08
744.8	4.5045e-08
745.0	4.5231e-08
745.2	4.5418e-08
745.4	4.5606e-08
745.6	4.5794e-08
745.8	4.5983e-08
746.0	4.6173e-08
746.2	4.6364e-08
746.4	4.6555e-08
746.6	4.6747e-08
746.8	4.694e-08
747.0	4.7134e-08
747.2	4.7329e-08
747.4	4.7524e-08
747.6	4.772e-08
747.8	4.789e-08
748.0	4.7318e-08
748.2	4.6752e-08
748.4	4.6193e-08
748.6	4.564e-08
748.8	4.5094e-08
749.0	4.4555e-08
749.2	4.4022e-08
749.4	4.3496e-08
749.6	4.2976e-08
749.8	4.2462e-08
750.0	4.1954e-08
750.2	4.1452e-08
750.4	4.0957e-08
750.6	4.0467e-08
750.8	3.9983e-08
751.0	3.9505e-08
751.2	3.9032e-08
751.4	3.8566e-08
751.6	3.8104e-08
751.8	3.7649e-08
752.0	3.7198e-08
752.2	3.6754e-08
752.4	3.6314e-08
752.6	3.6085e-08
752.8	3.6712e-08
753.0	3.7349e-08
753.2	3.7998e-08
753.4	3.8658e-08
753.6	3.9329e-08
753.8	4.0012e-08
754.0	4.0707e-08
754.2	4.1414e-08
754.4	4.2133e-08
754.6	4.2865e-08
754.8	4.361e-08
755.0	4.4367e-08
755.2	4.5138e-08
755.4	4.5921e-08
755.6	4.6719e-08
755.8	4.753e-08
756.0	4.8356e-08
756.2	4.8826e-08
756.4	4.9232e-08
756.6	4.9642e-08
756.8	5.0055e-08
757.0	5.0472e-08
757.2	5.0892e-08
757.4	5.1316e-08
757.6	5.1743e-08
757.8	5.2174e-08
758.0	5.2608e-08
758.2	5.3046e-08
758.4	5.3487e-08
758.6	5.3933e-08
758.8	5.4382e-08
759.0	5.4834e-08
759.2	5.5291e-08
759.4	5.6156e-08
759.6	5.9164e-08
759.8	6.2334e-08
760.0	6.5673e-08
760.2	6.9191e-08
760.4	7.2898e-08
760.6	7.6803e-08
760.8	8.0917e-08
761.0	8.4475e-08
761.2	8.5978e-08
761.4	8.7508e-08
761.6	8.9065e-08
761.8	9.065e-08
762.0	9.2263e-08
762.2	9.3905e-08
762.4	9.5576e-08
762.6	9.7277e-08
762.8	9.9008e-08
763.0	1.0077e-07
763.2	1.0256e-07
763.4	1.0439e-07
763.6	1.0625e-07
763.8	1.0814e-07
764.0	1.1006e-07
764.2	1.1202e-07
764.4	1.1401e-07
764.6	1.1465e-07
764.8	1.0131e-07
765.0	8.9527e-08
765.2	7.911e-08
765.4	6.9906e-08
765.6	6.1772e-08
765.8	5.4585e-08
766.0	4.8234e-08
766.2	4.2622e-08
766.4	3.7663e-08
766.6	3.3281e-08
766.8	2.9409e-08
767.0	2.5987e-08
767.2	2.2963e-08
767.4	2.0292e-08
767.6	1.7931e-08
767.8	1.5844e-08
768.0	1.4001e-08
768.2	1.2372e-08
768.4	1.2925e-08
768.6	1.3701e-08
768.8	1.4523e-08
769.0	1.5395e-08
769.2	1.6319e-08
769.4	1.7298e-08
769.6	1.8336e-08
769.8	1.9437e-08
770.0	2.0603e-08
770.2	2.184e-08
770.4	2.3151e-08
770.6	2.454e-08
770.8	2.6013e-08
771.0	2.7574e-08
771.2	2.9229e-08
771.4	3.0984e-08
771.6	3.2843e-08
771.8	3.4815e-08
772.0	3.6065e-08
772.2	3.7091e-08
772.4	3.8145e-08
772.6	3.923e-08
772.8	4.0345e-08
773.0	4.1493e-08
773.2	4.2672e-08
773.4	4.3886e-08
773.6	4.5133e-08
773.8	4.6417e-08
774.0	4.7737e-08
774.2	4.9094e-08
774.4	5.049e-08
774.6	5.1925e-08
774.8	5.3402e-08
775.0	5.492e-08
775.2	5.6482e-08
775.4	5.8088e-08
775.6	5.9788e-08
775.8	6.1568e-08
776.0	6.3402e-08
776.2	6.5291e-08
776.4	6.7236e-08
776.6	6.9238e-08
776.8	7.1301e-08
777.0	7.3424e-08
777.2	7.5611e-08
777.4	7.7863e-08
777.6	8.0183e-08
777.8	8.2571e-08
778.0	8.503e-08
778.2	8.7563e-08
778.4	9.0171e-08
778.6	9.2857e-08
778.8	9.5623e-08
779.0	9.8471e-08
779.2	1.0e-07
779.4	1.0e-07
779.6	1.0e-07
779.8	1.0e-07
780.0	1.0e-07
780.2	1.0e-07
780.4	1.0e-07
780.6	1.0e-07
780.8	1.0e-07
781.0	1.0e-07
781.2	1.0e-07
781.4	1.0e-07
781.6	1.0e-07
781.8	1.0e-07
782.0	1.0e-07
782.2	1.0e-07
782.4	1.0e-07
782.6	1.0e-07
782.8	1.0e-07
783.0	1.0e-07
783.2	1.0e-07
783.4	1.0e-07
783.6	1.0e-07
783.8	1.0e-07
784.0	1.0e-07
784.2	1.0e-07
784.4	1.0e-07
784.6	1.0e-07
784.8	1.0e-07
785.0	1.0e-07
785.2	1.0e-07
785.4	1.0e-07
785.6	1.0e-07
785.8	1.0e-07
786.0	1.0e-07
786.2	1.0e-07
786.4	1.0e-07
786.6	1.0e-07
786.8	1.0e-07
787.0	1.0e-07
787.2	1.0e-07
787.4	1.0e-07
787.6	1.0e-07
787.8	1.0e-07
788.0	1.0e-07
788.2	1.0e-07
788.4	1.0e-07
788.6	1.0e-07
788.8	1.0e-07
789.0	1.0e-07
789.2	1.0e-07
789.4	1.0e-07
789.6	1.0e-07
789.8	1.0e-07
790.0	1.0e-07
790.2	1.0e-07
790.4	1.0e-07
790.6	1.0e-07
790.8	1.0e-07
791.0	1.0e-07
791.2	1.0e-07
791.4	1.0e-07
791.6	1.0e-07
791.8	1.0e-07
792.0	1.0e-07
792.2	1.0e-07
792.4	1.0e-07
792.6	1.0e-07
792.8	1.0e-07
793.0	1.0e-07
793.2	1.0e-07
793.4	1.0e-07
793.6	1.0e-07
793.8	1.0e-07
794.0	1.0e-07
794.2	1.0e-07
794.4	1.0e-07
794.6	1.0e-07
794.8	1.0e-07
795.0	1.0e-07
795.2	1.0e-07
795.4	1.0e-07
795.6	1.0e-07
795.8	1.0e-07
796.0	1.0e-07
796.2	1.0e-07
796.4	1.0e-07
796.6	1.0e-07
796.8	1.0e-07
797.0	1.0e-07
797.2	1.0e-07
797.4	1.0e-07
797.6	1.0e-07
797.8	1.0e-07
798.0	1.0e-07
798.2	1.0e-07
798.4	1.0e-07
798.6	1.0e-07
798.8	1.0e-07
799.0	1.0e-07
799.2	1.0e-07
799.4	1.0e-07
799.6	1.0e-07
799.8	1.0e-07
800.0	1.0e-07
800.2	1.0e-07
800.4	1.0e-07
800.6	1.0e-07
800.8	1.0e-07
801.0	1.0e-07
801.2	1.0e-07
801.4	1.0e-07
801.6	1.0e-07
801.8	1.0e-07
802.0	1.0e-07
802.2	1.0e-07
802.4	1.0e-07
802.6	1.0e-07
802.8	1.0e-07
803.0	1.0e-07
803.2	1.0e-07
803.4	1.0e-07
803.6	1.0e-07
803.8	1.0e-07
804.0	1.0e-07
804.2	1.0e-07
804.4	1.0e-07
804.6	1.0e-07
804.8	1.0e-07
805.0	1.0e-07
805.2	1.0e-07
805.4	1.0e-07
805.6	1.0e-07
805.8	1.0e-07
806.0	1.0e-07
806.2	1.0e-07
806.4	1.0e-07
806.6	1.0e-07
806.8	1.0e-07
807.0	1.0e-07
807.2	1.0e-07
807.4	1.0e-07
807.6	1.0e-07
807.8	1.0e-07
808.0	1.0e-07
808.2	1.0e-07
808.4	1.0e-07
808.6	1.0e-07
808.8	1.0e-07
809.0	1.0e-07
809.2	1.0e-07
809.4	1.0e-07
809.6	1.0e-07
809.8	1.0e-07
810.0	1.0e-07
810.2	1.0e-07
810.4	1.0e-07
810.6	1.0e-07
810.8	1.0e-07
811.0	1.0e-07
811.2	1.0e-07
811.4	1.0e-07
811.6	1.0e-07
811.8	1.0e-07
812.0	1.0e-07
812.2	1.0e-07
812.4	1.0e-07
812.6	1.0e-07
812.8	1.0e-07
813.0	1.0e-07
813.2	1.0e-07
813.4	1.0e-07
813.6	1.0e-07
813.8	1.0e-07
814.0	1.0e-07
814.2	1.0e-07
814.4	1.0e-07
814.6	1.0e-07
814.8	1.0e-07
815.0	1.0e-07
815.2	1.0e-07
815.4	1.0e-07
815.6	1.0e-07
815.8	1.0e-07
816.0	1.0e-07
816.2	1.0e-07
816.4	1.0e-07
816.6	1.0e-07
816.8	1.0e-07
817.0	1.0e-07
817.2	1.0e-07
817.4	1.0e-07
817.6	1.0e-07
817.8	1.0e-07
818.0	1.0e-07
818.2	1.0e-07
818.4	1.0e-07
818.6	1.0e-07
818.8	1.0e-07
819.0	1.0e-07
819.2	1.0e-07
819.4	1.0e-07
819.6	1.0e-07
819.8	1.0e-07
820.0	1.0e-07
820.2	1.0e-07
820.4	1.0e-07
820.6	1.0e-07
820.8	1.0e-07
821.0	1.0e-07
821.2	1.0e-07
821.4	1.0e-07
821.6	1.0e-07
821.8	1.0e-07
822.0	1.0e-07
822.2	1.0e-07
822.4	1.0e-07
822.6	1.0e-07
822.8	1.0e-07
823.0	1.0e-07
823.2	1.0e-07
823.4	1.0e-07
823.6	1.0e-07
823.8	1.0e-07
824.0	1.0e-07
824.2	1.0e-07
824.4	1.0e-07
824.6	1.0e-07
824.8	1.0e-07
825.0	1.0e-07
825.2	1.0e-07
825.4	1.0e-07
825.6	1.0e-07
825.8	1.0e-07
826.0	1.0e-07
826.2	1.0e-07
826.4	1.0e-07
826.6	1.0e-07
826.8	1.0e-07
827.0	1.0e-07
827.2	1.0e-07
827.4	1.0e-07
827.6	1.0e-07
827.8	1.0e-07
828.0	1.0e-07
828.2	1.0e-07
828.4	1.0e-07
828.6	1.0e-07
828.8	1.0e-07
829.0	1.0e-07
829.2	1.0e-07
829.4	1.0e-07
829.6	1.0e-07
829.8	1.0e-07
830.0	1.0e-07
830.2	1.0e-07
830.4	1.0e-07
830.6	1.0e-07
830.8	1.0e-07
831.0	1.0e-07
831.2	1.0e-07
831.4	1.0e-07
831.6	1.0e-07
831.8	1.0e-07
832.0	1.0e-07
832.2	1.0e-07
832.4	1.0e-07
832.6	1.0e-07
832.8	1.0e-07
833.0	1.0e-07
833.2	1.0e-07
833.4	1.0e-07
833.6	1.0e-07
833.8	1.0e-07
834.0	1.0e-07
834.2	1.0e-07
834.4	1.0e-07
834.6	1.0e-07
834.8	1.0e-07
835.0	1.0e-07
835.2	1.0e-07
835.4	1.0e-07
835.6	1.0e-07
835.8	1.0e-07
836.0	1.0e-07
836.2	1.0e-07
836.4	1.0e-07
836.6	1.0e-07
836.8	1.0e-07
837.0	1.0e-07
837.2	1.0e-07
837.4	1.0e-07
837.6	1.0e-07
837.8	1.0e-07
838.0	1.0e-07
838.2	1.0e-07
838.4	1.0e-07
838.6	1.0e-07
838.8	1.0e-07
839.0	1.0e-07
839.2	1.0e-07
839.4	1.0e-07
839.6	1.0e-07
839.8	1.0e-07
840.0	1.0e-07
840.2	1.0e-07
840.4	1.0e-07
840.6	1.0e-07
840.8	1.0e-07
841.0	1.0e-07
841.2	1.0e-07
841.4	1.0e-07
841.6	1.0e-07
841.8	1.0e-07
842.0	1.0e-07
842.2	1.0e-07
842.4	1.0e-07
842.6	1.0e-07
842.8	1.0e-07
843.0	1.0e-07
843.2	1.0e-07
843.4	1.0e-07
843.6	1.0e-07
843.8	1.0e-07
844.0	1.0e-07
844.2	1.0e-07
844.4	1.0e-07
844.6	1.0e-07
844.8	1.0e-07
845.0	1.0e-07
845.2	1.0e-07
845.4	1.0e-07
845.6	1.0e-07
845.8	1.0e-07
846.0	1.0e-07
846.2	1.0e-07
846.4	1.0e-07
846.6	1.0e-07
846.8	1.0e-07
847.0	1.0e-07
847.2	1.0e-07
847.4	1.0e-07
847.6	1.0e-07
847.8	1.0e-07
848.0	1.0e-07
848.2	1.0e-07
848.4	1.0e-07
848.6	1.0e-07
848.8	1.0e-07
849.0	1.0e-07
849.2	1.0e-07
849.4	1.0e-07
849.6	1.0e-07
849.8	1.0e-07
850.0	1.0e-07
850.2	1.0e-07
850.4	1.0e-07
850.6	1.0e-07
850.8	1.0e-07
851.0	1.0e-07
851.2	1.0e-07
851.4	1.0e-07
851.6	1.0e-07
851.8	1.0e-07
852.0	1.0e-07
852.2	1.0e-07
852.4	1.0e-07
852.6	1.0e-07
852.8	1.0e-07
853.0	1.0e-07
853.2	1.0e-07
853.4	1.0e-07
853.6	1.0e-07
853.8	1.0e-07
854.0	1.0e-07
854.2	1.0e-07
854.4	1.0e-07
854.6	1.0e-07
854.8	1.0e-07
855.0	1.0e-07
855.2	1.0e-07
855.4	1.0e-07
855.6	1.0e-07
855.8	1.0e-07
856.0	1.0e-07
856.2	1.0e-07
856.4	1.0e-07
856.6	1.0e-07
856.8	1.0e-07
857.0	1.0e-07
857.2	1.0e-07
857.4	1.0e-07
857.6	1.0e-07
857.8	1.0e-07
858.0	1.0e-07
858.2	1.0e-07
858.4	1.0e-07
858.6	1.0e-07
858.8	1.0e-07
859.0	1.0e-07
859.2	1.0e-07
859.4	1.0e-07
859.6	1.0e-07
859.8	1.0e-07
860.0	1.0e-07
860.2	1.0e-07
860.4	1.0e-07
860.6	1.0e-07
860.8	1.0e-07
861.0	1.0e-07
861.2	1.0e-07
861.4	1.0e-07
861.6	1.0e-07
861.8	1.0e-07
862.0	1.0e-07
862.2	1.0e-07
862.4	1.0e-07
862.6	1.0e-07
862.8	1.0e-07
863.0	1.0e-07
863.2	1.0e-07
863.4	1.0e-07
863.6	1.0e-07
863.8	1.0e-07
864.0	1.0e-07
864.2	1.0e-07
864.4	1.0e-07
864.6	1.0e-07
864.8	1.0e-07
865.0	1.0e-07
865.2	1.0e-07
865.4	1.0e-07
865.6	1.0e-07
865.8	9.0503e-08
866.0	7.8151e-08
866.2	6.7485e-08
866.4	5.8275e-08
866.6	5.0321e-08
866.8	4.3453e-08
867.0	3.7523e-08
867.2	3.2402e-08
867.4	2.7979e-08
867.6	2.4161e-08
867.8	2.0863e-08
868.0	1.8016e-08
868.2	2.0056e-08
868.4	2.2327e-08
868.6	2.4856e-08
868.8	2.767e-08
869.0	3.0804e-08
869.2	3.4292e-08
869.4	3.6791e-08
869.6	3.6679e-08
869.8	3.6567e-08
870.0	3.6456e-08
870.2	3.6345e-08
870.4	3.6234e-08
870.6	3.6124e-08
870.8	3.6013e-08
871.0	3.5904e-08
871.2	3.5794e-08
871.4	3.5685e-08
871.6	3.5577e-08
871.8	3.5468e-08
872.0	3.536e-08
872.2	3.5253e-08
872.4	3.5145e-08
872.6	3.5038e-08
872.8	3.4932e-08
873.0	3.5006e-08
873.2	3.559e-08
873.4	3.6184e-08
873.6	3.6787e-08
873.8	3.74e-08
874.0	3.8024e-08
874.2	3.8658e-08
874.4	3.9303e-08
874.6	3.9958e-08
874.8	4.0624e-08
875.0	4.1302e-08
875.2	4.199e-08
875.4	4.269e-08
875.6	4.3402e-08
875.8	4.4126e-08
876.0	4.4862e-08
876.2	4.561e-08
876.4	4.637e-08
876.6	4.6574e-08
876.8	4.4558e-08
877.0	4.2629e-08
877.2	4.0783e-08
877.4	3.9018e-08
877.6	3.7329e-08
877.8	3.5713e-08
878.0	3.4167e-08
878.2	3.2687e-08
878.4	3.1272e-08
878.6	2.9919e-08
878.8	2.8623e-08
879.0	2.7384e-08
879.2	2.6199e-08
879.4	2.5065e-08
879.6	2.398e-08
879.8	2.2941e-08
880.0	2.1948e-08
880.2	2.1246e-08
880.4	2.204e-08
880.6	2.2864e-08
880.8	2.3719e-08
881.0	2.4606e-08
881.2	2.5526e-08
881.4	2.6481e-08
881.6	2.7471e-08
881.8	2.8498e-08
882.0	2.9563e-08
882.2	3.0669e-08
882.4	3.1815e-08
882.6	3.3005e-08
882.8	3.4239e-08
883.0	3.5519e-08
883.2	3.6847e-08
883.4	3.8224e-08
883.6	3.9654e-08
883.8	4.0881e-08
884.0	3.9846e-08
884.2	3.8837e-08
884.4	3.7854e-08
884.6	3.6896e-08
884.8	3.5963e-08
885.0	3.5052e-08
885.2	3.4165e-08
885.4	3.3301e-08
885.6	3.2458e-08
885.8	3.1636e-08
886.0	3.0836e-08
886.2	3.0055e-08
886.4	2.9294e-08
886.6	2.8553e-08
886.8	2.783e-08
887.0	2.7126e-08
887.2	2.6439e-08
887.4	2.6008e-08
887.6	2.9535e-08
887.8	3.3541e-08
888.0	3.809e-08
888.2	4.3257e-08
888.4	4.9124e-08
888.6	5.5786e-08
888.8	6.3353e-08
889.0	7.1946e-08
889.2	8.1704e-08
889.4	9.2785e-08
889.6	1.0537e-07
889.8	1.1966e-07
890.0	1.3589e-07
890.2	1.5432e-07
890.4	1.7525e-07
890.6	1.9902e-07
890.8	2.2602e-07
891.0	2.5449e-07
891.2	2.2634e-07
891.4	2.0131e-07
891.6	1.7904e-07
891.8	1.5924e-07
892.0	1.4163e-07
892.2	1.2596e-07
892.4	1.1203e-07
892.6	9.9641e-08
892.8	8.862e-08
893.0	7.8819e-08
893.2	7.0101e-08
893.4	6.2348e-08
893.6	5.5452e-08
893.8	4.9319e-08
894.0	4.3864e-08
894.2	3.9013e-08
894.4	3.4698e-08
894.6	3.0929e-08
894.8	3.192e-08
895.0	3.2943e-08
895.2	3.3998e-08
895.4	3.5087e-08
895.6	3.6211e-08
895.8	3.7371e-08
896.0	3.8568e-08
896.2	3.9804e-08
896.4	4.1079e-08
896.6	4.2395e-08
896.8	4.3753e-08
897.0	4.5155e-08
897.2	4.6602e-08
897.4	4.8095e-08
897.6	4.9635e-08
897.8	5.1225e-08
898.0	5.2866e-08
898.2	5.4582e-08
898.4	5.8693e-08
898.6	6.3112e-08
898.8	6.7865e-08
899.0	7.2975e-08
899.2	7.847e-08
899.4	8.4379e-08
899.6	9.0733e-08
899.8	9.7566e-08
900.0	1.0491e-07
900.2	1.1281e-07
900.4	1.2131e-07
900.6	1.3044e-07
900.8	1.4027e-07
901.0	1.5083e-07
901.2	1.6219e-07
901.4	1.744e-07
901.6	1.8753e-07
901.8	2.0123e-07
902.0	1.7549e-07
902.2	1.5304e-07
902.4	1.3346e-07
902.6	1.1639e-07
902.8	1.015e-07
903.0	8.8514e-08
903.2	7.719e-08
903.4	6.7316e-08
903.6	5.8704e-08
903.8	5.1194e-08
904.0	4.4645e-08
904.2	3.8934e-08
904.4	3.3953e-08
904.6	2.961e-08
904.8	2.5822e-08
905.0	2.2518e-08
905.2	1.9638e-08
905.4	1.7166e-08
905.6	1.6834e-08
905.8	1.6508e-08
906.0	1.6189e-08
906.2	1.5875e-08
906.4	1.5568e-08
906.6	1.5267e-08
906.8	1.4972e-08
907.0	1.4682e-08
907.2	1.4398e-08
907.4	1.412e-08
907.6	1.3846e-08
907.8	1.3579e-08
908.0	1.3316e-08
908.2	1.3058e-08
908.4	1.2806e-08
908.6	1.2558e-08
908.8	1.2315e-08
909.0	1.2149e-08
909.2	1.3597e-08
909.4	1.5217e-08
909.6	1.7031e-08
909.8	1.906e-08
910.0	2.1332e-08
910.2	2.3874e-08
910.4	2.672e-08
910.6	2.9904e-08
910.8	3.3468e-08
911.0	3.7457e-08
911.2	4.1921e-08
911.4	4.6918e-08
911.6	5.2509e-08
911.8	5.8767e-08
912.0	6.5771e-08
912.2	7.361e-08
912.4	8.2383e-08
912.6	9.1826e-08
912.8	9.7337e-08
913.0	1.0318e-07
913.2	1.0937e-07
913.4	1.1594e-07
913.6	1.2289e-07
913.8	1.3027e-07
914.0	1.3809e-07
914.2	1.4637e-07
914.4	1.5516e-07
914.6	1.6447e-07
914.8	1.7434e-07
915.0	1.8481e-07
915.2	1.959e-07
915.4	2.0765e-07
915.6	2.2012e-07
915.8	2.3333e-07
916.0	2.4733e-07
916.2	2.5643e-07
916.4	2.242e-07
916.6	1.9603e-07
916.8	1.7139e-07
917.0	1.4985e-07
917.2	1.3102e-07
917.4	1.1455e-07
917.6	1.0015e-07
917.8	8.7567e-08
918.0	7.6562e-08
918.2	6.6939e-08
918.4	5.8526e-08
918.6	5.1171e-08
918.8	4.474e-08
919.0	3.9117e-08
919.2	3.4201e-08
919.4	2.9902e-08
919.6	2.6144e-08
919.8	2.3451e-08
920.0	2.4062e-08
920.2	2.4689e-08
920.4	2.5332e-08
920.6	2.5991e-08
920.8	2.6668e-08
921.0	2.7363e-08
921.2	2.8075e-08
921.4	2.8807e-08
921.6	2.9557e-08
921.8	3.0326e-08
922.0	3.1116e-08
922.2	3.1927e-08
922.4	3.2758e-08
922.6	3.3611e-08
922.8	3.4486e-08
923.0	3.5385e-08
923.2	3.6306e-08
923.4	3.6981e-08
923.6	3.6708e-08
923.8	3.6437e-08
924.0	3.6168e-08
924.2	3.5901e-08
924.4	3.5636e-08
924.6	3.5373e-08
924.8	3.5112e-08
925.0	3.4853e-08
925.2	3.4596e-08
925.4	3.4341e-08
925.6	3.4087e-08
925.8	3.3836e-08
926.0	3.3586e-08
926.2	3.3338e-08
926.4	3.3092e-08
926.6	3.2848e-08
926.8	3.2605e-08
927.0	3.3426e-08
927.2	3.7085e-08
927.4	4.1145e-08
927.6	4.565e-08
927.8	5.0647e-08
928.0	5.6191e-08
928.2	6.2343e-08
928.4	6.9168e-08
928.6	7.674e-08
928.8	8.5141e-08
929.0	9.4461e-08
929.2	1.048e-07
929.4	1.1627e-07
929.6	1.29e-07
929.8	1.4313e-07
930.0	1.5879e-07
930.2	1.7618e-07
930.4	1.9547e-07
930.6	2.0711e-07
930.8	2.0255e-07
931.0	1.981e-07
931.2	1.9375e-07
931.4	1.8949e-07
931.6	1.8532e-07
931.8	1.8125e-07
932.0	1.7727e-07
932.2	1.6611e-07
932.4	1.5566e-07
932.6	1.4587e-07
932.8	1.367e-07
933.0	1.281e-07
933.2	1.2004e-07
933.4	1.1249e-07
933.6	1.0541e-07
933.8	9.8778e-08
934.0	9.2564e-08
934.2	8.6741e-08
934.4	8.1284e-08
934.6	7.6171e-08
934.8	7.7127e-08
935.0	7.8314e-08
935.2	7.952e-08
935.4	8.0745e-08
935.6	8.1988e-08
935.8	8.3251e-08
936.0	8.4533e-08
936.2	8.5835e-08
936.4	8.7157e-08
936.6	8.8499e-08
936.8	8.9862e-08
937.0	9.1246e-08
937.2	9.2651e-08
937.4	9.4077e-08
937.6	9.5526e-08
937.8	9.6997e-08
938.0	9.8491e-08
938.2	1.0e-07
938.4	1.0e-07
938.6	1.0e-07
938.8	1.0e-07
939.0	1.0e-07
939.2	1.0e-07
939.4	1.0e-07
939.6	1.0e-07
939.8	1.0e-07
940.0	1.0e-07
940.2	1.0e-07
940.4	1.0e-07
940.6	1.0e-07
940.8	1.0e-07
941.0	1.0e-07
941.2	1.0e-07
941.4	1.0e-07
941.6	1.0e-07
941.8	1.0e-07
942.0	1.0e-07
942.2	1.0e-07
942.4	1.0e-07
942.6	1.0e-07
942.8	1.0e-07
943.0	1.0e-07
943.2	1.0e-07
943.4	1.0e-07
943.6	1.0e-07
943.8	1.0e-07
944.0	1.0e-07
944.2	1.0e-07
944.4	1.0e-07
944.6	1.0e-07
944.8	1.0e-07
945.0	1.0e-07
945.2	1.0e-07
945.4	1.0e-07
945.6	1.0e-07
945.8	1.0e-07
946.0	1.0e-07
946.2	1.0e-07
946.4	1.0e-07
946.6	1.0e-07
946.8	1.0e-07
947.0	1.0e-07
947.2	1.0e-07
947.4	1.0e-07
947.6	1.0e-07
947.8	1.0e-07
948.0	1.0e-07
948.2	1.0e-07
948.4	1.0e-07
948.6	1.0e-07
948.8	1.0e-07
949.0	1.0e-07
949.2	1.0e-07
949.4	1.0e-07
949.6	1.0e-07
949.8	1.0e-07
950.0	1.0e-07
950.2	1.0e-07
950.4	1.0e-07
950.6	1.0e-07
950.8	1.0e-07
951.0	1.0e-07
951.2	1.0e-07
951.4	1.0e-07
951.6	1.0e-07
951.8	1.0e-07
952.0	1.0e-07
952.2	1.0e-07
952.4	1.0e-07
952.6	1.0e-07
952.8	1.0e-07
953.0	1.0e-07
953.2	1.0e-07
953.4	1.0e-07
953.6	1.0e-07
953.8	1.0e-07
954.0	1.0e-07
954.2	1.0e-07
954.4	1.0e-07
954.6	1.0e-07
954.8	1.0e-07
955.0	1.0e-07
955.2	1.0e-07
955.4	1.0e-07
955.6	1.0e-07
955.8	1.0e-07
956.0	1.0e-07
956.2	1.0e-07
956.4	1.0e-07
956.6	1.0e-07
956.8	1.0e-07
957.0	1.0e-07
957.2	1.0e-07
957.4	1.0e-07
957.6	1.0e-07
957.8	1.0e-07
958.0	1.0e-07
958.2	1.0e-07
958.4	1.0e-07
958.6	1.0e-07
958.8	1.0e-07
959.0	1.0e-07
959.2	1.0e-07
959.4	1.0e-07
959.6	1.0e-07
959.8	1.0e-07
960.0	1.0e-07
960.2	1.0e-07
960.4	1.0e-07
960.6	1.0e-07
960.8	1.0e-07
961.0	1.0e-07
961.2	1.0e-07
961.4	1.0e-07
961.6	1.0e-07
961.8	1.0e-07
962.0	1.0e-07
962.2	1.0e-07
962.4	1.0e-07
962.6	1.0e-07
962.8	1.0e-07
963.0	1.0e-07
963.2	1.0e-07
963.4	1.0e-07
963.6	1.0e-07
963.8	1.0e-07
964.0	1.0e-07
964.2	1.0e-07
964.4	1.0e-07
964.6	1.0e-07
964.8	1.0e-07
965.0	1.0e-07
965.2	1.0e-07
965.4	1.0e-07
965.6	1.0e-07
965.8	1.0e-07
966.0	1.0e-07
966.2	1.0e-07
966.4	1.0e-07
966.6	1.0e-07
966.8	1.0e-07
967.0	1.0e-07
967.2	1.0e-07
967.4	1.0e-07
967.6	1.0e-07
967.8	1.0e-07
968.0	1.0e-07
968.2	1.0e-07
968.4	1.0e-07
968.6	1.0e-07
968.8	1.0e-07
969.0	1.0e-07
969.2	1.0e-07
969.4	1.0e-07
969.6	1.0e-07
969.8	1.0e-07
970.0	1.0e-07
970.2	1.0e-07
970.4	1.0e-07
970.6	1.0e-07
970.8	1.0e-07
971.0	1.0e-07
971.2	1.0e-07
971.4	1.0e-07
971.6	1.0e-07
971.8	1.0e-07
972.0	1.0e-07
972.2	1.0e-07
972.4	1.0e-07
972.6	1.0e-07
972.8	1.0e-07
973.0	1.0e-07
973.2	1.0e-07
973.4	1.0e-07
973.6	1.0e-07
973.8	1.0e-07
974.0	1.0e-07
974.2	1.0e-07
974.4	1.0e-07
974.6	9.9821e-08
974.8	9.8955e-08
975.0	9.8096e-08
975.2	9.7244e-08
975.4	9.64e-08
975.6	9.5564e-08
975.8	9.4734e-08
976.0	9.3912e-08
976.2	9.3097e-08
976.4	9.2288e-08
976.6	9.1487e-08
976.8	9.0693e-08
977.0	8.9906e-08
977.2	8.9126e-08
977.4	8.8352e-08
977.6	8.7585e-08
977.8	8.6825e-08
978.0	8.6071e-08
978.2	8.5727e-08
978.4	8.6478e-08
978.6	8.7235e-08
978.8	8.7999e-08
979.0	8.877e-08
979.2	8.9547e-08
979.4	9.0332e-08
979.6	9.1123e-08
979.8	9.1921e-08
980.0	9.2726e-08
980.2	9.3538e-08
980.4	9.4358e-08
980.6	9.5184e-08
980.8	9.6018e-08
981.0	9.6859e-08
981.2	9.7707e-08
981.4	9.8563e-08
981.6	9.9426e-08
981.8	1.0e-07
982.0	1.0e-07
982.2	1.0e-07
982.4	1.0e-07
982.6	1.0e-07
982.8	1.0e-07
983.0	1.0e-07
983.2	1.0e-07
983.4	1.0e-07
983.6	1.0e-07
983.8	1.0e-07
984.0	1.0e-07
984.2	1.0e-07
984.4	1.0e-07
984.6	1.0e-07
984.8	1.0e-07
985.0	1.0e-07
985.2	1.0e-07
985.4	1.0e-07
985.6	1.0e-07
985.8	1.0e-07
986.0	1.0e-07
986.2	1.0e-07
986.4	1.0e-07
986.6	1.0e-07
986.8	1.0e-07
987.0	1.0e-07
987.2	1.0e-07
987.4	1.0e-07
987.6	1.0e-07
987.8	1.0e-07
988.0	1.0e-07
988.2	1.0e-07
988.4	1.0e-07
988.6	1.0e-07
988.8	1.0e-07
989.0	1.0e-07
989.2	1.0e-07
989.4	1.0e-07
989.6	1.0e-07
989.8	1.0e-07
990.0	1.0e-07
990.2	1.0e-07
990.4	1.0e-07
990.6	1.0e-07
990.8	1.0e-07
991.0	1.0e-07
991.2	1.0e-07
991.4	1.0e-07
991.6	1.0e-07
991.8	1.0e-07
992.0	1.0e-07
992.2	1.0e-07
992.4	1.0e-07
992.6	1.0e-07
992.8	1.0e-07
993.0	1.0e-07
993.2	1.0e-07
993.4	1.0e-07
993.6	1.0e-07
993.8	1.0e-07
994.0	1.0e-07
994.2	1.0e-07
994.4	1.0e-07
994.6	1.0e-07
994.8	1.0e-07
995.0	1.0e-07
995.2	1.0e-07
995.4	1.0e-07
995.6	1.0e-07
995.8	1.0e-07
996.0	1.0e-07
996.2	1.0e-07
996.4	1.0e-07
996.6	1.0e-07
996.8	1.0e-07
997.0	1.0e-07
997.2	1.0e-07
997.4	1.0e-07
997.6	1.0e-07
997.8	1.0e-07
998.0	1.0e-07
998.2	1.0e-07
998.4	1.0e-07
998.6	1.0e-07
998.8	1.0e-07
999.0	1.0e-07
999.2	1.0e-07
999.4	1.0e-07
999.6	1.0e-07
999.8	4.4672e-08
1000.0	1.7018e-08
1000.2	2.4163e-08
1000.4	3.4307e-08
1000.6	4.871e-08
1000.8	6.9161e-08
1001.0	9.8197e-08
1001.2	1.0975e-07
1001.4	1.1442e-07
1001.6	1.193e-07
1001.8	1.2438e-07
1002.0	1.2968e-07
1002.2	1.352e-07
1002.4	1.4096e-07
1002.6	1.4697e-07
1002.8	1.5323e-07
1003.0	1.5976e-07
1003.2	1.6656e-07
1003.4	1.7366e-07
1003.6	1.8106e-07
1003.8	1.8877e-07
1004.0	1.9681e-07
1004.2	2.052e-07
1004.4	2.1394e-07
1004.6	2.2305e-07
1004.8	2.1572e-07
1005.0	2.062e-07
1005.2	1.971e-07
1005.4	1.8841e-07
1005.6	1.8009e-07
1005.8	1.7214e-07
1006.0	1.6455e-07
1006.2	1.5729e-07
1006.4	1.5035e-07
1006.6	1.4371e-07
1006.8	1.3737e-07
1007.0	1.3131e-07
1007.2	1.2551e-07
1007.4	1.1997e-07
1007.6	1.1468e-07
1007.8	1.0962e-07
1008.0	1.0478e-07
1008.2	1.0016e-07
1008.4	1.0e-07
1008.6	1.0e-07
1008.8	1.0e-07
1009.0	1.0e-07
1009.2	1.0e-07
1009.4	1.0e-07
1009.6	1.0e-07
1009.8	1.0e-07
1010.0	1.0e-07
1010.2	1.0e-07
1010.4	1.0e-07
1010.6	1.0e-07
1010.8	1.0e-07
1011.0	1.0e-07
1011.2	1.0e-07
1011.4	1.0e-07
1011.6	1.0e-07
1011.8	1.0e-07
1012.0	1.0e-07
1012.2	1.0e-07
1012.4	1.0e-07
1012.6	1.0e-07
1012.8	1.0e-07
1013.0	1.0e-07
1013.2	1.0e-07
1013.4	1.0e-07
1013.6	1.0e-07
1013.8	1.0e-07
1014.0	1.0e-07
1014.2	1.0e-07
1014.4	1.0e-07
1014.6	1.0e-07
1014.8	1.0e-07
1015.0	1.0e-07
1015.2	1.0e-07
1015.4	1.0e-07
1015.6	1.0e-07
1015.8	1.0e-07
1016.0	1.0e-07
1016.2	1.0e-07
1016.4	1.0e-07
1016.6	1.0e-07
1016.8	1.0e-07
1017.0	1.0e-07
1017.2	1.0e-07
1017.4	1.0e-07
1017.6	1.0e-07
1017.8	1.0e-07
1018.0	1.0e-07
1018.2	1.0e-07
1018.4	1.0e-07
1018.6	1.0e-07
1018.8	1.0e-07
1019.0	1.0e-07
1019.2	1.0e-07
1019.4	1.0e-07
1019.6	1.0e-07
1019.8	1.0e-07
1020.0	1.0e-07
1020.2	1.0e-07
1020.4	1.0e-07
1020.6	1.0e-07
1020.8	1.0e-07
1021.0	1.0e-07
1021.2	1.0e-07
1021.4	1.0e-07
1021.6	1.0e-07
1021.8	1.0e-07
1022.0	1.0e-07
1022.2	1.0e-07
1022.4	1.0e-07
1022.6	9.6072e-08
1022.8	8.8056e-08
1023.0	8.071e-08
1023.2	7.3976e-08
1023.4	6.7804e-08
1023.6	6.2147e-08
1023.8	5.6962e-08
1024.0	5.221e-08
1024.2	4.7854e-08
1024.4	4.3862e-08
1024.6	4.0202e-08
1024.8	3.6848e-08
1025.0	3.3774e-08
1025.2	4.4014e-08
1025.4	5.7358e-08
1025.6	7.4749e-08
1025.8	9.7412e-08
1026.0	1.2695e-07
1026.2	1.5281e-07
1026.4	1.682e-07
1026.6	1.8515e-07
1026.8	2.0379e-07
1027.0	2.2432e-07
1027.2	2.4691e-07
1027.4	2.7178e-07
1027.6	2.9915e-07
1027.8	3.2928e-07
1028.0	3.6245e-07
1028.2	3.9895e-07
1028.4	4.3914e-07
1028.6	4.8337e-07
1028.8	5.3205e-07
1029.0	5.8564e-07
1029.2	6.4462e-07
1029.4	7.0955e-07
1029.6	7.8101e-07
1029.8	8.3096e-07
1030.0	8.6389e-07
1030.2	8.9813e-07
1030.4	9.3373e-07
1030.6	9.7074e-07
1030.8	1.0092e-06
1031.0	1.0492e-06
1031.2	1.0908e-06
1031.4	1.134e-06
1031.6	1.179e-06
1031.8	1.2257e-06
1032.0	1.2743e-06
1032.2	1.3248e-06
1032.4	1.3773e-06
1032.6	1.4319e-06
1032.8	1.4886e-06
1033.0	1.5476e-06
1033.2	1.609e-06
1033.4	1.6049e-06
1033.6	1.5759e-06
1033.8	1.5474e-06
1034.0	1.5195e-06
1034.2	1.492e-06
1034.4	1.4651e-06
1034.6	1.4386e-06
1034.8	1.4126e-06
1035.0	1.3871e-06
1035.2	1.3621e-06
1035.4	1.3374e-06
1035.6	1.3133e-06
1035.8	1.2896e-06
1036.0	1.2663e-06
1036.2	1.2434e-06
1036.4	1.2209e-06
1036.6	1.1989e-06
1036.8	1.1772e-06
1037.0	1.1852e-06
1037.2	1.1977e-06
1037.4	1.2103e-06
1037.6	1.223e-06
1037.8	1.2359e-06
1038.0	1.2489e-06
1038.2	1.2621e-06
1038.4	1.2754e-06
1038.6	1.2888e-06
1038.8	1.3024e-06
1039.0	1.3161e-06
1039.2	1.3299e-06
1039.4	1.3439e-06
1039.6	1.3581e-06
1039.8	1.3724e-06
1040.0	1.3868e-06
1040.2	1.4014e-06
1040.4	1.4176e-06
1040.6	1.4919e-06
1040.8	1.57e-06
1041.0	1.6523e-06
1041.2	1.7388e-06
1041.4	1.8299e-06
1041.6	1.9257e-06
1041.8	2.0266e-06
1042.0	2.1327e-06
1042.2	2.2444e-06
1042.4	2.362e-06
1042.6	2.4857e-06
1042.8	2.6159e-06
1043.0	2.7529e-06
1043.2	2.897e-06
1043.4	3.0488e-06
1043.6	3.2085e-06
1043.8	3.3765e-06
1044.0	3.6746e-06
1044.2	4.6363e-06
1044.4	5.8497e-06
1044.6	7.3806e-06
1044.8	9.3122e-06
1045.0	1.1749e-05
1045.2	1.1813e-05
1045.4	1.1876e-05
1045.6	1.194e-05
1045.8	1.2004e-05
1046.0	1.2069e-05
1046.2	1.2358e-05
1046.4	1.3453e-05
1046.6	1.4645e-05
1046.8	1.5943e-05
1047.0	1.7355e-05
1047.2	1.8893e-05
1047.4	2.0568e-05
1047.6	2.239e-05
1047.8	2.4374e-05
1048.0	2.6534e-05
1048.2	2.8885e-05
1048.4	3.1445e-05
1048.6	3.4231e-05
1048.8	3.7265e-05
1049.0	4.0567e-05
1049.2	4.4161e-05
1049.4	4.8075e-05
1049.6	5.2335e-05
1049.8	5.3378e-05
1050.0	4.9061e-05
1050.2	4.5093e-05
1050.4	4.1446e-05
1050.6	3.8093e-05
1050.8	3.5012e-05
1051.0	3.218e-05
1051.2	2.9578e-05
1051.4	2.7185e-05
1051.6	2.4987e-05
1051.8	2.2966e-05
1052.0	2.1108e-05
1052.2	1.9401e-05
1052.4	1.7832e-05
1052.6	1.6389e-05
1052.8	1.5064e-05
1053.0	1.3845e-05
1053.2	1.2726e-05
1053.4	1.204e-05
1053.6	1.1671e-05
1053.8	1.1313e-05
1054.0	1.0967e-05
1054.2	1.063e-05
1054.4	1.0305e-05
1054.6	9.9886e-06
1054.8	9.6824e-06
1055.0	9.3856e-06
1055.2	9.0978e-06
1055.4	8.8189e-06
1055.6	8.5486e-06
1055.8	8.2865e-06
1056.0	8.0325e-06
1056.2	7.7862e-06
1056.4	7.5475e-06
1056.6	7.3161e-06
1056.8	7.0918e-06
1057.0	7.1252e-06
1057.2	7.2616e-06
1057.4	7.4007e-06
1057.6	7.5424e-06
1057.8	7.6868e-06
1058.0	7.834e-06
1058.2	7.984e-06
1058.4	8.1369e-06
1058.6	8.2928e-06
1058.8	8.4516e-06
1059.0	8.6134e-06
1059.2	8.7784e-06
1059.4	8.9465e-06
1059.6	9.1178e-06
1059.8	9.2924e-06
1060.0	9.4703e-06
1060.2	9.6517e-06
1060.4	9.8365e-06
1060.6	1.0282e-05
1060.8	1.078e-05
1061.0	1.1303e-05
1061.2	1.185e-05
1061.4	1.2424e-05
1061.6	1.3026e-05
1061.8	1.3657e-05
1062.0	1.4318e-05
1062.2	1.5012e-05
1062.4	1.5739e-05
1062.6	1.6501e-05
1062.8	1.7301e-05
1063.0	1.8139e-05
1063.2	1.9017e-05
1063.4	1.9938e-05
1063.6	2.0904e-05
1063.8	2.1917e-05
1064.0	2.2888e-05
1064.2	2.2844e-05
1064.4	2.2799e-05
1064.6	2.2755e-05
1064.8	2.2711e-05
1065.0	2.2667e-05
1065.2	2.2955e-05
1065.4	2.3246e-05
1065.6	2.3541e-05
1065.8	2.3839e-05
1066.0	2.4142e-05
1066.2	2.4448e-05
1066.4	2.3664e-05
1066.6	2.2861e-05
1066.8	2.2086e-05
1067.0	2.1337e-05
1067.2	2.0613e-05
1067.4	1.9914e-05
1067.6	1.9239e-05
1067.8	1.8586e-05
1068.0	1.7956e-05
1068.2	1.7347e-05
1068.4	1.6759e-05
1068.6	1.6191e-05
1068.8	1.5642e-05
1069.0	1.5111e-05
1069.2	1.4599e-05
1069.4	1.4104e-05
1069.6	1.3625e-05
1069.8	1.3182e-05
1070.0	1.2872e-05
1070.2	1.2568e-05
1070.4	1.2272e-05
1070.6	1.1983e-05
1070.8	1.17e-05
1071.0	1.1425e-05
1071.2	1.1155e-05
1071.4	1.0893e-05
1071.6	1.0636e-05
1071.8	1.0385e-05
1072.0	1.014e-05
1072.2	9.9015e-06
1072.4	9.6682e-06
1072.6	9.4403e-06
1072.8	9.2178e-06
1073.0	9.0006e-06
1073.2	8.7885e-06
1073.4	8.6475e-06
1073.6	8.6456e-06
1073.8	8.6437e-06
1074.0	8.6417e-06
1074.2	8.6398e-06
1074.4	8.6379e-06
1074.6	8.636e-06
1074.8	8.6341e-06
1075.0	8.6321e-06
1075.2	8.6302e-06
1075.4	8.6283e-06
1075.6	8.6264e-06
1075.8	8.6245e-06
1076.0	8.6225e-06
1076.2	8.6206e-06
1076.4	8.6187e-06
1076.6	8.6168e-06
1076.8	8.6149e-06
1077.0	8.613e-06
1077.2	8.611e-06
1077.4	8.6091e-06
1077.6	8.6072e-06
1077.8	8.6053e-06
1078.0	9.0966e-06
1078.2	9.7264e-06
1078.4	1.04e-05
1078.6	1.112e-05
1078.8	1.189e-05
1079.0	1.2713e-05
1079.2	1.3593e-05
1079.4	1.4534e-05
1079.6	1.5541e-05
1079.8	1.6617e-05
1080.0	1.7767e-05
1080.2	1.8997e-05
1080.4	2.0312e-05
1080.6	2.1719e-05
1080.8	2.3222e-05
1081.0	2.483e-05
1081.2	2.6549e-05
1081.4	2.8387e-05
1081.6	3.0012e-05
1081.8	3.1444e-05
1082.0	3.2945e-05
1082.2	3.4517e-05
1082.4	3.6164e-05
1082.6	3.7889e-05
1082.8	3.9697e-05
1083.0	4.1592e-05
1083.2	4.3576e-05
1083.4	4.5655e-05
1083.6	4.7834e-05
1083.8	5.0116e-05
1084.0	5.2508e-05
1084.2	5.5013e-05
1084.4	5.7638e-05
1084.6	6.0389e-05
1084.8	6.327e-05
1085.0	6.3146e-05
1085.2	6.1013e-05
1085.4	5.8953e-05
1085.6	5.6962e-05
1085.8	5.5039e-05
1086.0	5.318e-05
1086.2	5.1384e-05
1086.4	4.9649e-05
1086.6	4.7972e-05
1086.8	4.6352e-05
1087.0	4.4787e-05
1087.2	4.3275e-05
1087.4	4.1813e-05
1087.6	4.0401e-05
1087.8	3.9037e-05
1088.0	3.7719e-05
1088.2	3.6445e-05
1088.4	3.5214e-05
1088.6	3.4195e-05
1088.8	3.3527e-05
1089.0	3.2872e-05
1089.2	3.2229e-05
1089.4	3.16e-05
1089.6	3.0982e-05
1089.8	3.0377e-05
1090.0	2.9784e-05
1090.2	2.9202e-05
1090.4	2.8631e-05
1090.6	2.8072e-05
1090.8	2.7523e-05
1091.0	2.6986e-05
1091.2	2.6458e-05
1091.4	2.5941e-05
1091.6	2.5435e-05
1091.8	2.4938e-05
1092.0	2.4451e-05
1092.2	2.3973e-05
1092.4	2.3504e-05
1092.6	2.3045e-05
1092.8	2.2595e-05
1093.0	2.2154e-05
1093.2	2.1721e-05
1093.4	2.1296e-05
1093.6	2.088e-05
1093.8	2.0472e-05
1094.0	2.0072e-05
1094.2	1.968e-05
1094.4	1.9296e-05
1094.6	1.8919e-05
1094.8	1.8549e-05
1095.0	1.8187e-05
1095.2	1.8267e-05
1095.4	1.8347e-05
1095.6	1.8428e-05
1095.8	1.8509e-05
1096.0	1.8591e-05
1096.2	1.8673e-05
1096.4	1.8755e-05
1096.6	1.8838e-05
1096.8	1.8921e-05
1097.0	1.9004e-05
1097.2	1.9088e-05
1097.4	1.9172e-05
1097.6	1.9257e-05
1097.8	1.9341e-05
1098.0	1.9427e-05
1098.2	1.9512e-05
1098.4	1.9598e-05
1098.6	1.9685e-05
1098.8	1.9771e-05
1099.0	1.9859e-05
1099.2	1.9946e-05
1099.4	2.0034e-05
1099.6	2.0122e-05
1099.8	2.0211e-05
1100.0	2.03e-05
1100.2	2.0927e-05
1100.4	2.1574e-05
1100.6	2.2241e-05
1100.8	2.2928e-05
1101.0	2.3636e-05
1101.2	2.4367e-05
1101.4	2.512e-05
1101.6	2.5896e-05
1101.8	2.6696e-05
1102.0	2.7521e-05
1102.2	2.8372e-05
1102.4	2.9248e-05
1102.6	3.0152e-05
1102.8	3.1084e-05
1103.0	3.2045e-05
1103.2	3.3035e-05
1103.4	3.4056e-05
1103.6	3.5108e-05
1103.8	3.6193e-05
1104.0	3.7311e-05
1104.2	3.8464e-05
1104.4	3.9653e-05
1104.6	4.0878e-05
1104.8	4.2142e-05
1105.0	4.3444e-05
1105.2	4.309e-05
1105.4	4.2739e-05
1105.6	4.2391e-05
1105.8	4.2045e-05
1106.0	4.1703e-05
1106.2	4.1363e-05
1106.4	4.1026e-05
1106.6	4.0692e-05
1106.8	4.036e-05
1107.0	4.0031e-05
1107.2	3.9705e-05
1107.4	3.9382e-05
1107.6	3.9061e-05
1107.8	3.8743e-05
1108.0	3.8427e-05
1108.2	3.8114e-05
1108.4	3.7804e-05
1108.6	3.7496e-05
1108.8	3.719e-05
1109.0	3.6887e-05
1109.2	3.6587e-05
1109.4	3.6289e-05
1109.6	3.5993e-05
1109.8	3.57e-05
1110.0	3.5409e-05
