Typical Measured Spectrum of Semrock FF01-680/SP Optical Filter	
For wavelengths between 320 and 1120 nm, values near or below 3e-7 (Optical Density 6.5) are measurement noise limited.
For wavelengths < 320 nm and > 1120 nm, values near or below 3e-6 (Optical Density 5.5) are measurement noise limited. 
Data format:  Wavelength (nm) <tab> Transmission (0 to 1)
300.0	0.00234
300.2	0.00233
300.4	0.00232
300.6	0.00231
300.8	0.0023
301.0	0.00229
301.2	0.00228
301.4	0.00227
301.6	0.00226
301.8	0.00225
302.0	0.00224
302.2	0.00223
302.4	0.00222
302.6	0.00221
302.8	0.0022
303.0	0.00219
303.2	0.00218
303.4	0.00217
303.6	0.00217
303.8	0.00215
304.0	0.00211
304.2	0.00207
304.4	0.00204
304.6	0.002
304.8	0.00196
305.0	0.00193
305.2	0.00181
305.4	0.00184
305.6	0.00185
305.8	0.00185
306.0	0.0018
306.2	0.00181
306.4	0.00187
306.6	0.00182
306.8	0.00183
307.0	0.00187
307.2	0.00177
307.4	0.00177
307.6	0.00174
307.8	0.0017
308.0	0.00178
308.2	0.00177
308.4	0.00176
308.6	0.00183
308.8	0.0019
309.0	0.00184
309.2	0.00189
309.4	0.00185
309.6	0.00183
309.8	0.00189
310.0	0.002
310.2	0.00205
310.4	0.00207
310.6	0.00202
310.8	0.00213
311.0	0.00218
311.2	0.00218
311.4	0.0022
311.6	0.0021
311.8	0.00211
312.0	0.00207
312.2	0.00202
312.4	0.0019
312.6	0.00194
312.8	0.00182
313.0	0.00181
313.2	0.00183
313.4	0.00181
313.6	0.00185
313.8	0.00192
314.0	0.00191
314.2	0.00197
314.4	0.002
314.6	0.00199
314.8	0.00199
315.0	0.00199
315.2	0.00202
315.4	0.00198
315.6	0.00211
315.8	0.00208
316.0	0.00205
316.2	0.00205
316.4	0.00204
316.6	0.00206
316.8	0.0021
317.0	0.00206
317.2	0.00213
317.4	0.00214
317.6	0.00215
317.8	0.00211
318.0	0.00214
318.2	0.00211
318.4	0.00214
318.6	0.00216
318.8	0.00217
319.0	0.00224
319.2	0.00226
319.4	0.00224
319.6	0.00233
319.8	0.00245
320.0	0.00256
320.2	0.00271
320.4	0.0028
320.6	0.00291
320.8	0.00305
321.0	0.00316
321.2	0.00355
321.4	0.00361
321.6	0.00396
321.8	0.0043
322.0	0.00456
322.2	0.00487
322.4	0.00524
322.6	0.00558
322.8	0.0058
323.0	0.00612
323.2	0.00649
323.4	0.00659
323.6	0.00667
323.8	0.00686
324.0	0.00683
324.2	0.00685
324.4	0.00687
324.6	0.00683
324.8	0.00686
325.0	0.00693
325.2	0.00706
325.4	0.0073
325.6	0.00749
325.8	0.00779
326.0	0.00799
326.2	0.0083
326.4	0.00861
326.6	0.0089
326.8	0.00924
327.0	0.00945
327.2	0.00959
327.4	0.00978
327.6	0.00987
327.8	0.01003
328.0	0.01026
328.2	0.01015
328.4	0.01026
328.6	0.01039
328.8	0.01048
329.0	0.0106
329.2	0.01078
329.4	0.01098
329.6	0.01115
329.8	0.01141
330.0	0.01161
330.2	0.01173
330.4	0.01204
330.6	0.01222
330.8	0.0124
331.0	0.01262
331.2	0.01278
331.4	0.01304
331.6	0.0133
331.8	0.01355
332.0	0.01367
332.2	0.01383
332.4	0.0139
332.6	0.01433
332.8	0.01452
333.0	0.01468
333.2	0.0149
333.4	0.015
333.6	0.01538
333.8	0.01575
334.0	0.01596
334.2	0.01627
334.4	0.01662
334.6	0.01687
334.8	0.0171
335.0	0.01732
335.2	0.01742
335.4	0.01759
335.6	0.01764
335.8	0.01745
336.0	0.01756
336.2	0.01763
336.4	0.01763
336.6	0.01761
336.8	0.01765
337.0	0.0176
337.2	0.01768
337.4	0.01781
337.6	0.01785
337.8	0.01805
338.0	0.01823
338.2	0.0184
338.4	0.01854
338.6	0.01862
338.8	0.01859
339.0	0.0187
339.2	0.01854
339.4	0.01865
339.6	0.01858
339.8	0.01853
340.0	0.01843
340.2	0.01842
340.4	0.01834
340.6	0.01839
340.8	0.01836
341.0	0.01833
341.2	0.01823
341.4	0.0184
341.6	0.01853
341.8	0.01855
342.0	0.01856
342.2	0.01862
342.4	0.0186
342.6	0.01856
342.8	0.01856
343.0	0.01859
343.2	0.0186
343.4	0.01848
343.6	0.01847
343.8	0.01857
344.0	0.01867
344.2	0.01873
344.4	0.01883
344.6	0.01881
344.8	0.01911
345.0	0.01966
345.2	0.02176
345.4	0.02829
345.6	0.03589
345.8	0.04648
346	0.081
346.2	0.18732
346.4	0.4204
346.6	0.6348
346.8	0.68236
347	0.70493
347.2	0.75316
347.4	0.7964
347.6	0.81616
347.8	0.80996
348	0.78792
348.2	0.77069
348.4	0.77587
348.6	0.80189
348.8	0.82849
349	0.83324
349.2	0.82023
349.4	0.80674
349.6	0.80462
349.8	0.81419
350	0.83025
350.2	0.84685
350.4	0.85153
350.6	0.84434
350.8	0.83342
351	0.83069
351.2	0.83811
351.4	0.84561
351.6	0.84594
351.8	0.83803
352	0.8282
352.2	0.82051
352.4	0.82045
352.6	0.82844
352.8	0.83904
353	0.84479
353.2	0.84027
353.4	0.82748
353.6	0.82095
353.8	0.82762
354	0.8422
354.2	0.85109
354.4	0.84544
354.6	0.83072
354.8	0.82415
355	0.83174
355.2	0.85014
355.4	0.86659
355.6	0.87506
355.8	0.87458
356	0.86981
356.2	0.86384
356.4	0.85911
356.6	0.86145
356.8	0.8737
357	0.889
357.2	0.89733
357.4	0.89422
357.6	0.8805
357.8	0.86722
358	0.86314
358.2	0.86296
358.4	0.86193
358.6	0.85689
358.8	0.85111
359	0.85139
359.2	0.86213
359.4	0.87599
359.6	0.88901
359.8	0.89888
360	0.90452
360.2	0.90916
360.4	0.90563
360.6	0.89497
360.8	0.88127
361	0.87269
361.2	0.87588
361.4	0.88893
361.6	0.90423
361.8	0.91235
362	0.91052
362.2	0.90694
362.4	0.9103
362.6	0.91435
362.8	0.91434
363	0.90901
363.2	0.90198
363.4	0.89469
363.6	0.88683
363.8	0.88246
364	0.88018
364.2	0.88443
364.4	0.89175
364.6	0.8966
364.8	0.8988
365	0.89526
365.2	0.89424
365.4	0.89611
365.6	0.9059
365.8	0.91671
366	0.91636
366.2	0.91195
366.4	0.90003
366.6	0.88938
366.8	0.8841
367	0.88467
367.2	0.88953
367.4	0.89492
367.6	0.90409
367.8	0.90947
368	0.91277
368.2	0.91193
368.4	0.9053
368.6	0.90032
368.8	0.90091
369	0.90539
369.2	0.90893
369.4	0.91396
369.6	0.91411
369.8	0.91231
370	0.90989
370.2	0.9125
370.4	0.91761
370.6	0.92281
370.8	0.92893
371	0.93153
371.2	0.92961
371.4	0.92614
371.6	0.92196
371.8	0.91743
372	0.91699
372.2	0.91925
372.4	0.9257
372.6	0.93195
372.8	0.93688
373	0.93855
373.2	0.93716
373.4	0.93361
373.6	0.93299
373.8	0.92536
374	0.91885
374.2	0.91481
374.4	0.90967
374.6	0.91094
374.8	0.91812
375	0.92807
375.2	0.93513
375.4	0.93332
375.6	0.9263
375.8	0.91518
376	0.90712
376.2	0.90319
376.4	0.90058
376.6	0.90037
376.8	0.89903
377	0.8985
377.2	0.90497
377.4	0.91595
377.6	0.93055
377.8	0.93752
378	0.93232
378.2	0.91582
378.4	0.90046
378.6	0.89029
378.8	0.89689
379	0.91404
379.2	0.93624
379.4	0.95162
379.6	0.95231
379.8	0.94348
380	0.93068
380.2	0.92173
380.4	0.92148
380.6	0.92543
380.8	0.93067
381	0.93305
381.2	0.92965
381.4	0.927
381.6	0.92332
381.8	0.91993
382	0.91843
382.2	0.91646
382.4	0.91659
382.6	0.91871
382.8	0.92507
383	0.9328
383.2	0.93938
383.4	0.94412
383.6	0.94394
383.8	0.9375
384	0.93033
384.2	0.92456
384.4	0.92336
384.6	0.92664
384.8	0.93159
385	0.9404
385.2	0.94827
385.4	0.95421
385.6	0.95772
385.8	0.9579
386	0.95485
386.2	0.94815
386.4	0.94179
386.6	0.93698
386.8	0.93623
387	0.93972
387.2	0.94763
387.4	0.9551
387.6	0.96132
387.8	0.9621
388	0.9572
388.2	0.94893
388.4	0.93937
388.6	0.93148
388.8	0.9272
389	0.9293
389.2	0.93631
389.4	0.94402
389.6	0.95218
389.8	0.95908
390	0.96244
390.2	0.96069
390.4	0.95656
390.6	0.95105
390.8	0.94793
391	0.94916
391.2	0.95158
391.4	0.95513
391.6	0.95785
391.8	0.95911
392	0.95656
392.2	0.95424
392.4	0.95177
392.6	0.95155
392.8	0.95301
393	0.9569
393.2	0.96025
393.4	0.96446
393.6	0.96437
393.8	0.96226
394	0.95897
394.2	0.95352
394.4	0.95143
394.6	0.95311
394.8	0.95518
395	0.96115
395.2	0.96485
395.4	0.96574
395.6	0.96222
395.8	0.95762
396	0.94999
396.2	0.94482
396.4	0.94441
396.6	0.94552
396.8	0.95156
397	0.95695
397.2	0.96078
397.4	0.9617
397.6	0.95925
397.8	0.9555
398	0.95233
398.2	0.95021
398.4	0.9508
398.6	0.95385
398.8	0.95932
399	0.96455
399.2	0.96883
399.4	0.97049
399.6	0.97018
399.8	0.96612
400	0.95867
400.2	0.95213
400.4	0.94527
400.6	0.94058
400.8	0.93987
401	0.94097
401.2	0.94627
401.4	0.95169
401.6	0.95594
401.8	0.9566
402	0.95427
402.2	0.94975
402.4	0.94536
402.6	0.94453
402.8	0.94768
403	0.95358
403.2	0.95973
403.4	0.96466
403.6	0.96511
403.8	0.96379
404	0.95836
404.2	0.95574
404.4	0.95299
404.6	0.95263
404.8	0.9548
405	0.9566
405.2	0.95986
405.4	0.96168
405.6	0.9625
405.8	0.96305
406	0.96316
406.2	0.96181
406.4	0.95949
406.6	0.95664
406.8	0.9505
407	0.94649
407.2	0.9449
407.4	0.94731
407.6	0.95354
407.8	0.96143
408	0.9678
408.2	0.97078
408.4	0.96817
408.6	0.96062
408.8	0.95207
409	0.94608
409.2	0.9458
409.4	0.95071
409.6	0.95899
409.8	0.96792
410	0.97424
410.2	0.97399
410.4	0.97062
410.6	0.96394
410.8	0.95756
411	0.95242
411.2	0.9516
411.4	0.95202
411.6	0.95564
411.8	0.95945
412	0.96483
412.2	0.96823
412.4	0.97152
412.6	0.97342
412.8	0.97229
413	0.96717
413.2	0.9603
413.4	0.95308
413.6	0.94661
413.8	0.9445
414	0.94777
414.2	0.95537
414.4	0.96581
414.6	0.97514
414.8	0.9813
415	0.97849
415.2	0.97247
415.4	0.96489
415.6	0.95645
415.8	0.95082
416	0.95084
416.2	0.95386
416.4	0.95884
416.6	0.9633
416.8	0.96432
417	0.96399
417.2	0.96285
417.4	0.96131
417.6	0.96209
417.8	0.96279
418	0.96446
418.2	0.9666
418.4	0.96887
418.6	0.97017
418.8	0.97233
419	0.97325
419.2	0.97592
419.4	0.97682
419.6	0.97723
419.8	0.97371
420	0.96885
420.2	0.96398
420.4	0.95994
420.6	0.95813
420.8	0.96047
421	0.96731
421.2	0.97402
421.4	0.9791
421.6	0.98122
421.8	0.97991
422	0.97454
422.2	0.96921
422.4	0.96607
422.6	0.96324
422.8	0.96452
423	0.96965
423.2	0.97327
423.4	0.9762
423.6	0.97612
423.8	0.97373
424	0.96967
424.2	0.9648
424.4	0.9607
424.6	0.95727
424.8	0.95579
425	0.95411
425.2	0.9551
425.4	0.95625
425.6	0.96019
425.8	0.96548
426	0.97235
426.2	0.97843
426.4	0.98308
426.6	0.98419
426.8	0.98278
427	0.97704
427.2	0.96909
427.4	0.9628
427.6	0.95842
427.8	0.95722
428	0.95897
428.2	0.9623
428.4	0.96549
428.6	0.96656
428.8	0.96656
429	0.96273
429.2	0.95895
429.4	0.95577
429.6	0.9573
429.8	0.95874
430	0.96247
430.2	0.96838
430.4	0.97342
430.6	0.97589
430.8	0.97695
431	0.97566
431.2	0.97445
431.4	0.97125
431.6	0.96848
431.8	0.96721
432	0.965
432.2	0.96471
432.4	0.96381
432.6	0.96447
432.8	0.96601
433	0.96977
433.2	0.97438
433.4	0.97932
433.6	0.98226
433.8	0.98227
434	0.97922
434.2	0.97278
434.4	0.96536
434.6	0.95918
434.8	0.9554
435	0.95559
435.2	0.96171
435.4	0.96954
435.6	0.97962
435.8	0.98769
436	0.99193
436.2	0.99195
436.4	0.98614
436.6	0.9779
436.8	0.96904
437	0.96169
437.2	0.95731
437.4	0.95759
437.6	0.96166
437.8	0.96774
438	0.97429
438.2	0.98017
438.4	0.98479
438.6	0.9852
438.8	0.9839
439	0.97961
439.2	0.97533
439.4	0.96975
439.6	0.96624
439.8	0.96303
440	0.96392
440.2	0.96862
440.4	0.97393
440.6	0.98052
440.8	0.98621
441	0.98924
441.2	0.98946
441.4	0.98354
441.6	0.97596
441.8	0.9668
442	0.9594
442.2	0.95399
442.4	0.9534
442.6	0.95626
442.8	0.96335
443	0.97103
443.2	0.97723
443.4	0.98093
443.6	0.97937
443.8	0.97651
444	0.97019
444.2	0.96506
444.4	0.95901
444.6	0.95654
444.8	0.95673
445	0.95829
445.2	0.96152
445.4	0.96457
445.6	0.96714
445.8	0.96901
446	0.97031
446.2	0.96974
446.4	0.97115
446.6	0.97156
446.8	0.97326
447	0.97338
447.2	0.97338
447.4	0.97433
447.6	0.97461
447.8	0.97596
448	0.97761
448.2	0.97966
448.4	0.98258
448.6	0.98494
448.8	0.98505
449	0.9844
449.2	0.98077
449.4	0.97568
449.6	0.97053
449.8	0.96571
450	0.96393
450.2	0.96458
450.4	0.96912
450.6	0.9738
450.8	0.98033
451	0.98555
451.2	0.98815
451.4	0.98899
451.6	0.98613
451.8	0.98206
452	0.97724
452.2	0.97306
452.4	0.96985
452.6	0.96789
452.8	0.96714
453	0.9663
453.2	0.96682
453.4	0.96624
453.6	0.96723
453.8	0.96808
454	0.96986
454.2	0.9718
454.4	0.97555
454.6	0.97832
454.8	0.98024
455	0.98128
455.2	0.9809
455.4	0.97972
455.6	0.97768
455.8	0.97804
456	0.97839
456.2	0.97974
456.4	0.98238
456.6	0.9852
456.8	0.98522
457	0.98291
457.2	0.97895
457.4	0.97326
457.6	0.96704
457.8	0.96231
458	0.96044
458.2	0.96208
458.4	0.96746
458.6	0.97567
458.8	0.98387
459	0.99091
459.2	0.99418
459.4	0.9938
459.6	0.98965
459.8	0.98301
460	0.97571
460.2	0.96968
460.4	0.9654
460.6	0.96477
460.8	0.96542
461	0.96789
461.2	0.97086
461.4	0.97299
461.6	0.9747
461.8	0.97412
462	0.97391
462.2	0.97377
462.4	0.97536
462.6	0.97794
462.8	0.98116
463	0.98468
463.2	0.98658
463.4	0.98715
463.6	0.98543
463.8	0.98234
464	0.97827
464.2	0.97628
464.4	0.97466
464.6	0.97657
464.8	0.97907
465	0.98303
465.2	0.98692
465.4	0.98618
465.6	0.98808
465.8	0.98531
466	0.9797
466.2	0.97371
466.4	0.96783
466.6	0.9637
466.8	0.96357
467	0.96701
467.2	0.97301
467.4	0.98035
467.6	0.98794
467.8	0.99339
468	0.99403
468.2	0.99186
468.4	0.98491
468.6	0.97775
468.8	0.9702
469	0.96506
469.2	0.96256
469.4	0.96333
469.6	0.96533
469.8	0.96938
470	0.97218
470.2	0.97337
470.4	0.97373
470.6	0.9708
470.8	0.96814
471	0.96559
471.2	0.96545
471.4	0.96646
471.6	0.96948
471.8	0.97376
472	0.97788
472.2	0.98094
472.4	0.98201
472.6	0.97977
472.8	0.97572
473	0.97223
473.2	0.96831
473.4	0.96726
473.6	0.96851
473.8	0.97384
474	0.97981
474.2	0.98798
474.4	0.99409
474.6	0.99767
474.8	0.9976
475	0.99411
475.2	0.98696
475.4	0.9783
475.6	0.97134
475.8	0.96596
476	0.96371
476.2	0.96536
476.4	0.96959
476.6	0.97693
476.8	0.98385
477	0.9901
477.2	0.99391
477.4	0.99595
477.6	0.99473
477.8	0.99142
478	0.98816
478.2	0.98451
478.4	0.98081
478.6	0.97924
478.8	0.97896
479	0.97934
479.2	0.9811
479.4	0.98281
479.6	0.98389
479.8	0.98451
480	0.98548
480.2	0.98594
480.4	0.98631
480.6	0.98587
480.8	0.98584
481	0.98485
481.2	0.98426
481.4	0.98183
481.6	0.98019
481.8	0.97763
482	0.97554
482.2	0.97249
482.4	0.9724
482.6	0.97243
482.8	0.97436
483	0.97756
483.2	0.98181
483.4	0.98558
483.6	0.98977
483.8	0.99284
484	0.99341
484.2	0.99349
484.4	0.99193
484.6	0.98883
484.8	0.98597
485	0.98323
485.2	0.98045
485.4	0.97936
485.6	0.97851
485.8	0.97886
486	0.97962
486.2	0.98078
486.4	0.98317
486.6	0.98506
486.8	0.98694
487	0.98838
487.2	0.98998
487.4	0.99078
487.6	0.99046
487.8	0.98986
488	0.9881
488.2	0.98608
488.4	0.98368
488.6	0.98137
488.8	0.97961
489	0.97846
489.2	0.97881
489.4	0.98095
489.6	0.98405
489.8	0.98739
490	0.99137
490.2	0.99427
490.4	0.99618
490.6	0.99607
490.8	0.99494
491	0.99121
491.2	0.98618
491.4	0.98132
491.6	0.97685
491.8	0.97376
492	0.97218
492.2	0.97187
492.4	0.97342
492.6	0.97561
492.8	0.97823
493	0.98125
493.2	0.98318
493.4	0.98449
493.6	0.98543
493.8	0.98514
494	0.98514
494.2	0.98463
494.4	0.9843
494.6	0.98482
494.8	0.98498
495	0.98516
495.2	0.9861
495.4	0.98624
495.6	0.98643
495.8	0.98706
496	0.98718
496.2	0.98704
496.4	0.98795
496.6	0.98841
496.8	0.98987
497	0.99101
497.2	0.99123
497.4	0.99779
497.6	0.99035
497.8	0.98839
498	0.98447
498.2	0.98039
498.4	0.97707
498.6	0.97373
498.8	0.97192
499	0.97268
499.2	0.97436
499.4	0.97795
499.6	0.9831
499.8	0.98803
500	0.99314
500.2	0.99547
500.4	0.99682
500.6	0.99618
500.8	0.99343
501	0.98997
501.2	0.98516
501.4	0.98124
501.6	0.97886
501.8	0.97828
502	0.97948
502.2	0.98207
502.4	0.98607
502.6	0.98962
502.8	0.99319
503	0.99463
503.2	0.99526
503.4	0.99314
503.6	0.99
503.8	0.98582
504	0.98144
504.2	0.97764
504.4	0.97465
504.6	0.97297
504.8	0.97276
505	0.97407
505.2	0.97594
505.4	0.97893
505.6	0.98158
505.8	0.98423
506	0.9864
506.2	0.98853
506.4	0.98982
506.6	0.99086
506.8	0.99243
507	0.9932
507.2	0.99437
507.4	0.99509
507.6	0.99585
507.8	0.9954
508	0.99419
508.2	0.99213
508.4	0.98944
508.6	0.98683
508.8	0.98397
509	0.98178
509.2	0.98053
509.4	0.98064
509.6	0.98173
509.8	0.98403
510	0.98651
510.2	0.98924
510.4	0.99123
510.6	0.99243
510.8	0.99163
511	0.98958
511.2	0.9864
511.4	0.98149
511.6	0.97729
511.8	0.97409
512	0.97181
512.2	0.97039
512.4	0.9713
512.6	0.97418
512.8	0.97818
513	0.98274
513.2	0.98778
513.4	0.99249
513.6	0.9954
513.8	0.99741
514	0.99817
514.2	0.99657
514.4	0.99397
514.6	0.9909
514.8	0.98736
515	0.98413
515.2	0.98127
515.4	0.97926
515.6	0.9781
515.8	0.97714
516	0.9779
516.2	0.97882
516.4	0.97942
516.6	0.98063
516.8	0.98157
517	0.98318
517.2	0.98506
517.4	0.98637
517.6	0.98718
517.8	0.98806
518	0.98866
518.2	0.98846
518.4	0.98811
518.6	0.98684
518.8	0.9852
519	0.98298
519.2	0.9807
519.4	0.97889
519.6	0.978
519.8	0.97744
520	0.97863
520.2	0.97999
520.4	0.98229
520.6	0.98552
520.8	0.98802
521	0.99028
521.2	0.99168
521.4	0.99176
521.6	0.98996
521.8	0.98733
522	0.98358
522.2	0.97879
522.4	0.97418
522.6	0.97042
522.8	0.96781
523	0.96679
523.2	0.96693
523.4	0.96806
523.6	0.97108
523.8	0.97404
524	0.97718
524.2	0.97994
524.4	0.98146
524.6	0.98244
524.8	0.98175
525	0.97985
525.2	0.97715
525.4	0.97364
525.6	0.97044
525.8	0.96731
526	0.96462
526.2	0.96299
526.4	0.96172
526.6	0.9612
526.8	0.96175
527	0.96275
527.2	0.964
527.4	0.96553
527.6	0.96724
527.8	0.96903
528	0.97061
528.2	0.97253
528.4	0.97381
528.6	0.97589
528.8	0.97766
529	0.97928
529.2	0.98022
529.4	0.98115
529.6	0.9815
529.8	0.98166
530	0.98005
530.2	0.97962
530.4	0.97919
530.6	0.97816
530.8	0.97813
531	0.9783
531.2	0.97953
531.4	0.98115
531.6	0.98408
531.8	0.98717
532	0.99006
532.2	0.99285
532.4	0.99531
532.6	0.99602
532.8	0.99594
533	0.99434
533.2	0.99169
533.4	0.98835
533.6	0.98458
533.8	0.98108
534	0.97723
534.2	0.97559
534.4	0.9743
534.6	0.97427
534.8	0.97551
535	0.9777
535.2	0.9807
535.4	0.98352
535.6	0.98636
535.8	0.98867
536	0.99043
536.2	0.99092
536.4	0.99084
536.6	0.9896
536.8	0.98758
537	0.98567
537.2	0.98293
537.4	0.9806
537.6	0.97827
537.8	0.97675
538	0.97535
538.2	0.97509
538.4	0.97514
538.6	0.97526
538.8	0.97624
539	0.97736
539.2	0.97857
539.4	0.97999
539.6	0.98144
539.8	0.98292
540	0.98418
540.2	0.98534
540.4	0.98445
540.6	0.98729
540.8	0.98635
541	0.98549
541.2	0.98417
541.4	0.9818
541.6	0.97982
541.8	0.97774
542	0.97552
542.2	0.97413
542.4	0.9726
542.6	0.97196
542.8	0.97206
543	0.97247
543.2	0.97394
543.4	0.97491
543.6	0.97694
543.8	0.97881
544	0.97989
544.2	0.98095
544.4	0.98177
544.6	0.98161
544.8	0.98159
545	0.98007
545.2	0.97913
545.4	0.9777
545.6	0.97635
545.8	0.97508
546	0.97423
546.2	0.97322
546.4	0.97293
546.6	0.97306
546.8	0.97324
547	0.97346
547.2	0.97368
547.4	0.97376
547.6	0.97357
547.8	0.97293
548	0.97247
548.2	0.97147
548.4	0.97069
548.6	0.96942
548.8	0.96789
549	0.96753
549.2	0.96639
549.4	0.96599
549.6	0.96679
549.8	0.96751
550	0.96827
550.2	0.97026
550.4	0.97229
550.6	0.97431
550.8	0.9765
551	0.97909
551.2	0.98153
551.4	0.98351
551.6	0.98511
551.8	0.98625
552	0.98648
552.2	0.9865
552.4	0.98557
552.6	0.9844
552.8	0.98257
553	0.98013
553.2	0.97792
553.4	0.9756
553.6	0.97313
553.8	0.97157
554	0.97014
554.2	0.96959
554.4	0.96952
554.6	0.97044
554.8	0.97067
555	0.97379
555.2	0.97603
555.4	0.97861
555.6	0.98203
555.8	0.98475
556	0.98746
556.2	0.98964
556.4	0.99121
556.6	0.99247
556.8	0.99217
557	0.99141
557.2	0.99003
557.4	0.9879
557.6	0.98449
557.8	0.98113
558	0.97721
558.2	0.97354
558.4	0.97012
558.6	0.96685
558.8	0.96398
559	0.9621
559.2	0.96162
559.4	0.96158
559.6	0.96258
559.8	0.96429
560	0.96709
560.2	0.97032
560.4	0.97451
560.6	0.97868
560.8	0.98283
561	0.98626
561.2	0.98962
561.4	0.99155
561.6	0.99268
561.8	0.99281
562	0.99194
562.2	0.99092
562.4	0.98911
562.6	0.9873
562.8	0.98456
563	0.9832
563.2	0.98212
563.4	0.98162
563.6	0.98178
563.8	0.98249
564	0.98431
564.2	0.98583
564.4	0.98758
564.6	0.9901
564.8	0.99099
565	0.99122
565.2	0.99165
565.4	0.99019
565.6	0.9884
565.8	0.98555
566	0.98182
566.2	0.97807
566.4	0.97343
566.6	0.96973
566.8	0.96617
567	0.96357
567.2	0.96135
567.4	0.96064
567.6	0.9603
567.8	0.96142
568	0.96282
568.2	0.96533
568.4	0.96881
568.6	0.97169
568.8	0.97487
569	0.97843
569.2	0.98146
569.4	0.9848
569.6	0.98726
569.8	0.98927
570	0.99168
570.2	0.99253
570.4	0.99342
570.6	0.99354
570.8	0.99362
571	0.99387
571.2	0.99286
571.4	0.9924
571.6	0.99071
571.8	0.98933
572	0.98752
572.2	0.98608
572.4	0.98418
572.6	0.98212
572.8	0.98058
573	0.97953
573.2	0.97836
573.4	0.97796
573.6	0.97766
573.8	0.97726
574	0.97728
574.2	0.97796
574.4	0.97859
574.6	0.97885
574.8	0.9797
575	0.98033
575.2	0.98013
575.4	0.98055
575.6	0.98065
575.8	0.98015
576	0.97994
576.2	0.9795
576.4	0.97847
576.6	0.97778
576.8	0.97695
577	0.97592
577.2	0.97518
577.4	0.97478
577.6	0.97395
577.8	0.97252
578	0.97215
578.2	0.9713
578.4	0.97021
578.6	0.96931
578.8	0.96843
579	0.96719
579.2	0.96668
579.4	0.96568
579.6	0.96504
579.8	0.96433
580	0.96407
580.2	0.96388
580.4	0.96375
580.6	0.96387
580.8	0.96493
581	0.96547
581.2	0.9666
581.4	0.96831
581.6	0.97003
581.8	0.97187
582	0.97409
582.2	0.97594
582.4	0.97803
582.6	0.97994
582.8	0.98233
583	0.98373
583.2	0.98429
583.4	0.98582
583.6	0.98572
583.8	0.98549
584	0.98425
584.2	0.98324
584.4	0.98152
584.6	0.97883
584.8	0.97685
585	0.97416
585.2	0.97222
585.4	0.97073
585.6	0.96983
585.8	0.96897
586	0.96848
586.2	0.96914
586.4	0.97043
586.6	0.97219
586.8	0.97459
587	0.97704
587.2	0.98014
587.4	0.98282
587.6	0.98544
587.8	0.98725
588	0.98925
588.2	0.99021
588.4	0.99106
588.6	0.99049
588.8	0.98995
589	0.98957
589.2	0.98846
589.4	0.98693
589.6	0.98598
589.8	0.98495
590	0.98409
590.2	0.98325
590.4	0.98269
590.6	0.98253
590.8	0.98207
591	0.98204
591.2	0.98104
591.4	0.98073
591.6	0.97985
591.8	0.97831
592	0.97695
592.2	0.97404
592.4	0.97266
592.6	0.97058
592.8	0.96853
593	0.96615
593.2	0.96454
593.4	0.96327
593.6	0.96213
593.8	0.96196
594	0.96251
594.2	0.96333
594.4	0.96531
594.6	0.96675
594.8	0.96964
595	0.97311
595.2	0.97567
595.4	0.979
595.6	0.98158
595.8	0.98423
596	0.98646
596.2	0.98803
596.4	0.98976
596.6	0.99005
596.8	0.98986
597	0.98852
597.2	0.9874
597.4	0.98586
597.6	0.98415
597.8	0.98147
598	0.97883
598.2	0.97609
598.4	0.97458
598.6	0.97269
598.8	0.97177
599	0.97049
599.2	0.97041
599.4	0.97205
599.6	0.97276
599.8	0.9747
600	0.97726
600.2	0.97977
600.4	0.98315
600.6	0.98681
600.8	0.98971
601	0.99279
601.2	0.99438
601.4	0.9959
601.6	0.99697
601.8	0.99651
602	0.99598
602.2	0.9939
602.4	0.99192
602.6	0.98832
602.8	0.98466
603	0.98144
603.2	0.97745
603.4	0.9742
603.6	0.97068
603.8	0.96791
604	0.96565
604.2	0.96425
604.4	0.96337
604.6	0.96328
604.8	0.96367
605	0.96518
605.2	0.96709
605.4	0.97401
605.6	0.97542
605.8	0.97878
606	0.98294
606.2	0.98656
606.4	0.99015
606.6	0.99292
606.8	0.99497
607	0.99663
607.2	0.99695
607.4	0.99627
607.6	0.99458
607.8	0.992
608	0.98775
608.2	0.98299
608.4	0.97773
608.6	0.97178
608.8	0.96547
609	0.96061
609.2	0.95501
609.4	0.94992
609.6	0.94556
609.8	0.94298
610	0.9413
610.2	0.94015
610.4	0.94066
610.6	0.94242
610.8	0.94488
611	0.94848
611.2	0.95279
611.4	0.95747
611.6	0.962
611.8	0.96765
612	0.97213
612.2	0.97728
612.4	0.98093
612.6	0.98471
612.8	0.9875
613	0.98947
613.2	0.99026
613.4	0.99077
613.6	0.99033
613.8	0.98857
614	0.9871
614.2	0.98483
614.4	0.98177
614.6	0.97887
614.8	0.97537
615	0.97231
615.2	0.96907
615.4	0.9667
615.6	0.96352
615.8	0.96182
616	0.96066
616.2	0.95959
616.4	0.95927
616.6	0.95962
616.8	0.96103
617	0.96313
617.2	0.96526
617.4	0.96752
617.6	0.96976
617.8	0.97188
618	0.97458
618.2	0.97648
618.4	0.9777
618.6	0.97822
618.8	0.97783
619	0.97802
619.2	0.9766
619.4	0.97561
619.6	0.97435
619.8	0.97442
620	0.97355
620.2	0.97374
620.4	0.97372
620.6	0.97548
620.8	0.97703
621	0.98008
621.2	0.98281
621.4	0.98589
621.6	0.98856
621.8	0.99148
622	0.9933
622.2	0.99382
622.4	0.99346
622.6	0.99254
622.8	0.98981
623	0.98691
623.2	0.98227
623.4	0.97683
623.6	0.97198
623.8	0.96688
624	0.96215
624.2	0.95808
624.4	0.95485
624.6	0.95256
624.8	0.95151
625	0.95081
625.2	0.95132
625.4	0.95255
625.6	0.95436
625.8	0.95664
626	0.95877
626.2	0.9614
626.4	0.96325
626.6	0.96498
626.8	0.96633
627	0.96682
627.2	0.96832
627.4	0.96815
627.6	0.96828
627.8	0.96887
628	0.9685
628.2	0.96893
628.4	0.96932
628.6	0.97032
628.8	0.97124
629	0.97221
629.2	0.97294
629.4	0.97394
629.6	0.9752
629.8	0.97616
630	0.97674
630.2	0.97719
630.4	0.97729
630.6	0.97792
630.8	0.97781
631	0.97869
631.2	0.97928
631.4	0.98003
631.6	0.98034
631.8	0.98111
632	0.98212
632.2	0.98327
632.4	0.98452
632.6	0.98521
632.8	0.98542
633	0.98585
633.2	0.98546
633.4	0.98498
633.6	0.98403
633.8	0.98311
634	0.9816
634.2	0.9802
634.4	0.97888
634.6	0.97787
634.8	0.97705
635	0.97621
635.2	0.97549
635.4	0.97557
635.6	0.9753
635.8	0.97551
636	0.9756
636.2	0.9756
636.4	0.97457
636.6	0.97399
636.8	0.97232
637	0.97082
637.2	0.96858
637.4	0.96567
637.6	0.96288
637.8	0.9607
638	0.95751
638.2	0.95539
638.4	0.95373
638.6	0.953
638.8	0.95224
639	0.95239
639.2	0.95333
639.4	0.95411
639.6	0.95611
639.8	0.95847
640	0.96039
640.2	0.9628
640.4	0.9656
640.6	0.96779
640.8	0.97025
641	0.97261
641.2	0.97425
641.4	0.97673
641.6	0.97791
641.8	0.98015
642	0.98155
642.2	0.98254
642.4	0.98329
642.6	0.98328
642.8	0.98238
643	0.98185
643.2	0.98048
643.4	0.97786
643.6	0.97617
643.8	0.97364
644	0.97119
644.2	0.96939
644.4	0.96826
644.6	0.96787
644.8	0.96821
645	0.96917
645.2	0.97108
645.4	0.97272
645.6	0.97487
645.8	0.97717
646	0.97854
646.2	0.97888
646.4	0.97792
646.6	0.97587
646.8	0.97274
647	0.96889
647.2	0.96378
647.4	0.95885
647.6	0.95383
647.8	0.95007
648	0.94785
648.2	0.94638
648.4	0.94639
648.6	0.94725
648.8	0.95001
649	0.9524
649.2	0.95532
649.4	0.95781
649.6	0.9596
649.8	0.96
650	0.95981
650.2	0.95883
650.4	0.95834
650.6	0.9585
650.8	0.9583
651	0.95992
651.2	0.96217
651.4	0.9644
651.6	0.96544
651.8	0.96285
652	0.95628
652.2	0.94292
652.4	0.92262
652.6	0.89512
652.8	0.86346
653	0.82841
653.2	0.79538
653.4	0.76624
653.6	0.74462
653.8	0.73168
654	0.72948
654.2	0.73905
654.4	0.75932
654.6	0.78597
654.8	0.81046
655	0.81449
655.2	0.78161
655.4	0.70108
655.6	0.58722
655.8	0.46583
656	0.35807
656.2	0.27275
656.4	0.20976
656.6	0.16414
656.8	0.15391
657	0.12239
657.2	0.09943
657.4	0.08255
657.6	0.07001
657.8	0.06064
658	0.05332
658.2	0.04791
658.4	0.04255
658.6	0.0377
658.8	0.0331
659	0.02867
659.2	0.02442
659.4	0.02039
659.6	0.01671
659.8	0.01348
660	0.01086
660.2	0.00876
660.4	0.00711
660.6	0.00583
660.8	0.00482
661	0.00416
661.2	0.00357
661.4	0.0031
661.6	0.00271
661.8	0.00242
662	0.00218
662.2	0.00201
662.4	0.00183
662.6	0.00173
662.8	0.00166
663	0.00161
663.2	0.00161
663.4	0.00161
663.6	0.00165
663.8	0.00174
664	0.00186
664.2	0.00204
664.4	0.00231
664.6	0.0027
664.8	0.00321
665	0.00372
665.2	0.0039
665.4	0.00344
665.6	0.00246
665.8	0.00155
666	0.00093306
666.2	0.00057359
666.4	0.00036354
666.6	0.00020828
666.8	0.00014158
667	9.6894E-05
667.2	7.1077E-05
667.4	5.2158E-05
667.6	3.9916E-05
667.8	3.0946E-05
668	2.4687E-05
668.2	2.0341E-05
668.4	1.7082E-05
668.6	1.5095E-05
668.8	1.2905E-05
669	1.1804E-05
669.2	1.0525E-05
669.4	1.0085E-05
669.6	9.8987E-06
669.8	9.4375E-06
670	9.3402E-06
670.2	9.5434E-06
670.4	9.2134E-06
670.6	9.5523E-06
670.8	9.7118E-06
671	1.0292E-05
671.2	1.0713E-05
671.4	1.0966E-05
671.6	1.2124E-05
671.8	1.4486E-05
672	1.8927E-05
672.2	3.046E-05
672.4	4.0254E-05
672.6	5.3198E-05
672.8	7.0303E-05
673	4.0397E-05
673.2	1.9808E-05
673.4	9.7121E-06
673.6	4.7621E-06
673.8	2.3349E-06
674	1.1579E-06
674.2	9.9896E-07
674.4	8.6184E-07
674.6	7.4354E-07
674.8	6.4148E-07
675	5.5343E-07
675.2	4.8942E-07
675.4	4.793E-07
675.6	4.694E-07
675.8	4.597E-07
676	4.502E-07
676.2	4.4089E-07
676.4	4.2101E-07
676.6	3.8545E-07
676.8	3.5289E-07
677	3.2308E-07
677.2	2.9579E-07
677.4	2.708E-07
677.6	2.6056E-07
677.8	2.6091E-07
678	2.6125E-07
678.2	2.616E-07
678.4	2.6194E-07
678.6	2.6229E-07
678.8	2.5519E-07
679	2.4578E-07
679.2	2.3672E-07
679.4	2.2799E-07
679.6	2.1959E-07
679.8	2.1149E-07
680	2.3532E-07
680.2	2.6514E-07
680.4	2.9874E-07
680.6	3.3659E-07
680.8	3.7925E-07
681	4.1776E-07
681.2	3.7963E-07
681.4	3.4497E-07
681.6	3.1348E-07
681.8	2.8486E-07
682	2.5885E-07
682.2	2.3522E-07
682.4	2.299E-07
682.6	2.2593E-07
682.8	2.2202E-07
683	2.1819E-07
683.2	2.1442E-07
683.4	2.1072E-07
683.6	2.0708E-07
683.8	2.035E-07
684	1.9999E-07
684.2	1.9654E-07
684.4	1.9314E-07
684.6	1.8981E-07
684.8	1.8484E-07
685	1.7847E-07
685.2	1.7232E-07
685.4	1.6638E-07
685.6	1.6065E-07
685.8	1.5511E-07
686	1.4977E-07
686.2	1.446E-07
686.4	1.3962E-07
686.6	1.3481E-07
686.8	1.3016E-07
687	1.2568E-07
687.2	1.2235E-07
687.4	1.2023E-07
687.6	1.1816E-07
687.8	1.1612E-07
688	1.1411E-07
688.2	1.1214E-07
688.4	1.1021E-07
688.6	1.083E-07
688.8	1.0643E-07
689	1.046E-07
689.2	1.0279E-07
689.4	1.0102E-07
689.6	1.0154E-07
689.8	1.053E-07
690	1.092E-07
690.2	1.1325E-07
690.4	1.1745E-07
690.6	1.218E-07
690.8	1.2631E-07
691	1.3099E-07
691.2	1.3584E-07
691.4	1.4088E-07
691.6	1.461E-07
691.8	1.5151E-07
692	1.5712E-07
692.2	1.6156E-07
692.4	1.6442E-07
692.6	1.6733E-07
692.8	1.7029E-07
693	1.7331E-07
693.2	1.7638E-07
693.4	1.795E-07
693.6	1.8268E-07
693.8	1.8592E-07
694	1.8921E-07
694.2	2.11593E-07
694.4	2.21382E-07
694.6	2.31924E-07
694.8	2.42717E-07
695	2.54263E-07
695.2	2.66311E-07
695.4	2.7861E-07
695.6	2.91913E-07
695.8	3.05467E-07
696	3.20025E-07
696.2	3.26802E-07
696.4	3.25798E-07
696.6	3.24794E-07
696.8	3.2379E-07
697	3.22786E-07
697.2	3.21782E-07
697.4	3.20778E-07
697.6	3.20025E-07
697.8	3.19021E-07
698	3.18017E-07
698.2	3.17013E-07
698.4	3.16009E-07
698.6	3.15005E-07
698.8	3.14001E-07
699	3.13248E-07
699.2	3.12244E-07
699.4	3.1124E-07
699.6	3.10236E-07
699.8	3.09232E-07
700	3.08228E-07
700.2	3.05718E-07
700.4	3.01953E-07
700.6	2.98188E-07
700.8	2.94423E-07
701	2.90658E-07
701.2	2.87144E-07
701.4	2.8363E-07
701.6	2.80116E-07
701.8	2.76602E-07
702	2.73088E-07
702.2	2.71833E-07
702.4	2.71331E-07
702.6	2.7108E-07
702.8	2.70829E-07
703	2.70327E-07
703.2	2.70076E-07
703.4	2.69825E-07
703.6	2.69574E-07
703.8	2.69072E-07
704	2.68821E-07
704.2	2.69072E-07
704.4	2.69574E-07
704.6	2.70076E-07
704.8	2.70578E-07
705	2.7108E-07
705.2	2.71582E-07
705.4	2.72084E-07
705.6	2.72586E-07
705.8	2.73088E-07
706	2.7359E-07
706.2	2.72837E-07
706.4	2.71331E-07
706.6	2.69574E-07
706.8	2.67817E-07
707	2.6606E-07
707.2	2.64554E-07
707.4	2.62797E-07
707.6	2.6104E-07
707.8	2.59534E-07
708	2.57777E-07
708.2	2.56522E-07
708.4	2.55518E-07
708.6	2.54514E-07
708.8	2.53761E-07
709	2.52757E-07
709.2	2.51753E-07
709.4	2.50749E-07
709.6	2.49745E-07
709.8	2.48741E-07
710	2.47737E-07
710.2	2.46984E-07
710.4	2.4598E-07
710.6	2.44976E-07
710.8	2.43972E-07
711	2.42968E-07
711.2	2.41964E-07
711.4	2.4096E-07
711.6	2.39956E-07
711.8	2.39203E-07
712	2.38199E-07
712.2	2.36191E-07
712.4	2.33932E-07
712.6	2.31673E-07
712.8	2.29665E-07
713	2.27406E-07
713.2	2.25147E-07
713.4	2.22888E-07
713.6	2.2088E-07
713.8	2.18621E-07
714	2.16613E-07
714.2	2.09836E-07
714.4	2.01804E-07
714.6	1.94023E-07
714.8	1.86493E-07
715	1.79465E-07
715.2	1.72437E-07
715.4	1.65911E-07
715.6	1.59385E-07
715.8	1.53361E-07
716	1.47337E-07
716.2	1.44576E-07
716.4	1.44074E-07
716.6	1.43823E-07
716.8	1.43572E-07
717	1.4307E-07
717.2	1.42819E-07
717.4	1.42568E-07
717.6	1.42317E-07
717.8	1.41815E-07
718	1.41564E-07
718.2	1.41313E-07
718.4	1.41313E-07
718.6	1.41313E-07
718.8	1.41313E-07
719	1.41313E-07
719.2	1.41313E-07
719.4	1.41313E-07
719.6	1.41313E-07
719.8	1.41313E-07
720	1.41313E-07
720.2	1.40309E-07
720.4	1.38301E-07
720.6	1.36544E-07
720.8	1.34536E-07
721	1.32779E-07
721.2	1.31022E-07
721.4	1.29265E-07
721.6	1.27508E-07
721.8	1.25751E-07
722	1.23994E-07
722.2	1.2299E-07
722.4	1.22237E-07
722.6	1.21735E-07
722.8	1.20982E-07
723	1.20229E-07
723.2	1.19727E-07
723.4	1.18974E-07
723.6	1.18472E-07
723.8	1.17719E-07
724	1.17217E-07
724.2	1.17719E-07
724.4	1.18472E-07
724.6	1.19476E-07
724.8	1.2048E-07
725	1.21484E-07
725.2	1.22237E-07
725.4	1.23241E-07
725.6	1.24245E-07
725.8	1.25249E-07
726	1.26253E-07
726.2	1.26253E-07
726.4	1.25751E-07
726.6	1.24998E-07
726.8	1.24245E-07
727	1.23743E-07
727.2	1.2299E-07
727.4	1.22488E-07
727.6	1.21735E-07
727.8	1.21233E-07
728	1.2048E-07
728.2	1.19978E-07
728.4	1.19476E-07
728.6	1.18974E-07
728.8	1.18472E-07
729	1.17719E-07
729.2	1.17217E-07
729.4	1.16715E-07
729.6	1.16213E-07
729.8	1.15711E-07
730	1.15209E-07
730.2	1.15209E-07
730.4	1.15209E-07
730.6	1.1546E-07
730.8	1.1546E-07
731	1.15711E-07
731.2	1.15711E-07
731.4	1.15962E-07
731.6	1.15962E-07
731.8	1.16213E-07
732	1.16213E-07
732.2	1.15711E-07
732.4	1.14456E-07
732.6	1.13452E-07
732.8	1.12448E-07
733	1.11444E-07
733.2	1.1044E-07
733.4	1.09436E-07
733.6	1.08432E-07
733.8	1.07428E-07
734	1.06424E-07
734.2	1.0542E-07
734.4	1.04667E-07
734.6	1.03663E-07
734.8	1.0291E-07
735	1.02157E-07
735.2	1.01404E-07
735.4	1.004E-07
735.6	9.9647E-08
735.8	9.8894E-08
736	9.8141E-08
736.2	9.7639E-08
736.4	9.789E-08
736.6	9.789E-08
736.8	9.789E-08
737	9.789E-08
737.2	9.8141E-08
737.4	9.8141E-08
737.6	9.8141E-08
737.8	9.8141E-08
738	9.8392E-08
738.2	9.8141E-08
738.4	9.7639E-08
738.6	9.7137E-08
738.8	9.6384E-08
739	9.5882E-08
739.2	9.538E-08
739.4	9.4878E-08
739.6	9.4376E-08
739.8	9.3874E-08
740	9.3372E-08
740.2	9.2619E-08
740.4	9.1866E-08
740.6	9.0862E-08
740.8	9.0109E-08
741	8.9356E-08
741.2	8.8352E-08
741.4	8.7599E-08
741.6	8.6846E-08
741.8	8.5842E-08
742	8.5089E-08
742.2	8.4587E-08
742.4	8.4085E-08
742.6	8.3332E-08
742.8	8.283E-08
743	8.2328E-08
743.2	8.1826E-08
743.4	8.1324E-08
743.6	8.0822E-08
743.8	8.032E-08
744	7.9818E-08
744.2	7.781E-08
744.4	7.53E-08
744.6	7.3041E-08
744.8	7.0531E-08
745	6.8272E-08
745.2	6.6264E-08
745.4	6.4256E-08
745.6	6.1997E-08
745.8	6.024E-08
746	5.8232E-08
746.2	5.6726E-08
746.4	5.5973E-08
746.6	5.4969E-08
746.8	5.4216E-08
747	5.3212E-08
747.2	5.2459E-08
747.4	5.1706E-08
747.6	5.0702E-08
747.8	4.9949E-08
748	4.9196E-08
748.2	4.8945E-08
748.4	4.8945E-08
748.6	4.8945E-08
748.8	4.8945E-08
749	4.8945E-08
749.2	4.8945E-08
749.4	4.8945E-08
749.6	4.8945E-08
749.8	4.8945E-08
750	4.8945E-08
750.2	4.8694E-08
750.4	4.8192E-08
750.6	4.769E-08
750.8	4.7439E-08
751	4.6937E-08
751.2	4.6686E-08
751.4	4.6184E-08
751.6	4.5933E-08
751.8	4.5431E-08
752	4.518E-08
752.2	4.4929E-08
752.4	4.518E-08
752.6	4.518E-08
752.8	4.518E-08
753	4.518E-08
753.2	4.5431E-08
753.4	4.5431E-08
753.6	4.5431E-08
753.8	4.5682E-08
754	4.5682E-08
754.2	4.267E-08
754.4	3.8905E-08
754.6	3.5642E-08
754.8	3.263E-08
755	2.9618E-08
755.2	2.7108E-08
755.4	2.4804824E-08
755.6	2.2665049E-08
755.8	2.071001E-08
756	1.8923643E-08
756.2	1.8028075E-08
756.4	1.8091829E-08
756.6	1.8156085E-08
756.8	1.8220341E-08
757	1.8284848E-08
757.2	1.8349606E-08
757.4	1.8414615E-08
757.6	1.8479875E-08
757.8	1.8545386E-08
758	1.8611148E-08
758.2	1.8496692E-08
758.4	1.8221847E-08
758.6	1.7951269E-08
758.8	1.7684707E-08
759	1.7422161E-08
759.2	1.716338E-08
759.4	1.6908615E-08
759.6	1.6657364E-08
759.8	1.6410129E-08
760	1.6166408E-08
760.2	1.6825032E-08
760.4	1.814981E-08
760.6	1.9578753E-08
760.8	2.1120144E-08
761	2.2783019E-08
761.2	2.4576916E-08
761.4	2.6606E-08
761.6	2.8614E-08
761.8	3.0873E-08
762	3.3383E-08
762.2	3.3383E-08
762.4	3.2379E-08
762.6	3.1626E-08
762.8	3.0622E-08
763	2.9869E-08
763.2	2.8865E-08
763.4	2.8112E-08
763.6	2.7359E-08
763.8	2.6606E-08
764	2.5853E-08
764.2	2.4499608E-08
764.4	2.3017453E-08
764.6	2.1624905E-08
764.8	2.0316693E-08
765	1.9087546E-08
765.2	1.7932695E-08
765.4	1.6847873E-08
765.6	1.5828562E-08
765.8	1.4870746E-08
766	1.3971162E-08
766.2	1.3469915E-08
766.4	1.3403651E-08
766.6	1.3337889E-08
766.8	1.3272378E-08
767	1.3207369E-08
767.2	1.3142611E-08
767.4	1.3078104E-08
767.6	1.3013848E-08
767.8	1.2949843E-08
768	1.288634E-08
768.2	1.341595E-08
768.4	1.4526876E-08
768.6	1.5729919E-08
768.8	1.7032609E-08
769	1.8443229E-08
769.2	1.9970564E-08
769.4	2.1624403E-08
769.6	2.3415037E-08
769.8	2.5351E-08
770	2.7359E-08
770.2	2.8363E-08
770.4	2.8112E-08
770.6	2.8112E-08
770.8	2.8112E-08
771	2.7861E-08
771.2	2.7861E-08
771.4	2.7861E-08
771.6	2.7861E-08
771.8	2.761E-08
772	2.761E-08
772.2	2.8112E-08
772.4	2.8865E-08
772.6	2.9367E-08
772.8	3.012E-08
773	3.0873E-08
773.2	3.1626E-08
773.4	3.2379E-08
773.6	3.3132E-08
773.8	3.3885E-08
774	3.4638E-08
774.2	3.3383E-08
774.4	3.1877E-08
774.6	3.0371E-08
774.8	2.8865E-08
775	2.761E-08
775.2	2.6355E-08
775.4	2.51E-08
775.6	2.3964978E-08
775.8	2.2854303E-08
776	2.1795334E-08
776.2	2.0995648E-08
776.4	2.0496409E-08
776.6	2.0009218E-08
776.8	1.9533573E-08
777	1.9069223E-08
777.2	1.8615917E-08
777.4	1.8173404E-08
777.6	1.7741433E-08
777.8	1.7319753E-08
778	1.6908113E-08
778.2	1.7026334E-08
778.4	1.7643794E-08
778.6	1.8283593E-08
778.8	1.8946735E-08
779	1.9633722E-08
779.2	2.0345809E-08
779.4	2.1083498E-08
779.6	2.1848044E-08
779.8	2.26402E-08
780	2.3461221E-08
780.2	2.3703185E-08
780.4	2.3570657E-08
780.6	2.3438631E-08
780.8	2.3307609E-08
781	2.3177089E-08
781.2	2.3047322E-08
781.4	2.2918308E-08
781.6	2.2790047E-08
781.8	2.2662539E-08
782	2.2535533E-08
782.2	2.259E-08
782.4	2.2717257E-08
782.6	2.2845016E-08
782.8	2.2973779E-08
783	2.3103044E-08
783.2	2.3233062E-08
783.4	2.3363833E-08
783.6	2.3495357E-08
783.8	2.3627634E-08
784	2.3760664E-08
784.2	2.3205703E-08
784.4	2.2513947E-08
784.6	2.1842522E-08
784.8	2.1191428E-08
785	2.0559661E-08
785.2	1.9946719E-08
785.4	1.93521E-08
785.6	1.8775051E-08
785.8	1.8215321E-08
786	1.7672157E-08
786.2	1.6845614E-08
786.4	1.5646587E-08
786.6	1.4533151E-08
786.8	1.349878E-08
787	1.2538203E-08
787.2	1.1645898E-08
787.4	1.0817096E-08
787.6	1.0047279E-08
787.8	9.33218E-09
788	8.668034E-09
788.2	8.721246E-09
788.4	9.489808E-09
788.6	1.0326391E-08
788.8	1.1236517E-08
789	1.2226712E-08
789.2	1.3304506E-08
789.4	1.4477178E-08
789.6	1.5753262E-08
789.8	1.7141543E-08
790	1.8652563E-08
790.2	1.9361638E-08
790.4	1.9488393E-08
790.6	1.9615901E-08
790.8	1.9744162E-08
791	1.9873427E-08
791.2	2.0003445E-08
791.4	2.0134216E-08
791.6	2.0265991E-08
791.8	2.039877E-08
792	2.0532051E-08
792.2	2.0025282E-08
792.4	1.9281318E-08
792.6	1.8564713E-08
792.8	1.7874965E-08
793	1.7210568E-08
793.2	1.6571271E-08
793.4	1.5955317E-08
793.6	1.5362455E-08
793.8	1.4791681E-08
794	1.4241991E-08
794.2	1.4599666E-08
794.4	1.5180731E-08
794.6	1.5784637E-08
794.8	1.641289E-08
795	1.7065992E-08
795.2	1.7745198E-08
795.4	1.8451512E-08
795.6	1.9185687E-08
795.8	1.9949229E-08
796	2.0743142E-08
796.2	2.1366626E-08
796.4	2.1730325E-08
796.6	2.2100299E-08
796.8	2.2476799E-08
797	2.2859323E-08
797.2	2.3248624E-08
797.4	2.3644451E-08
797.6	2.4047055E-08
797.8	2.4456436E-08
798	2.4872845E-08
798.2	2.4480532E-08
798.4	2.3404244E-08
798.6	2.2375144E-08
798.8	2.1391475E-08
799	2.0450978E-08
799.2	1.9551645E-08
799.4	1.869197E-08
799.6	1.7870196E-08
799.8	1.7084566E-08
800	1.6333323E-08
800.2	1.5733182E-08
800.4	1.5219134E-08
800.6	1.4721903E-08
800.8	1.4240987E-08
801	1.3775633E-08
801.2	1.332559E-08
801.4	1.2890356E-08
801.6	1.2469178E-08
801.8	1.2061805E-08
802	1.1667735E-08
802.2	1.161879E-08
802.4	1.1682544E-08
802.6	1.1746549E-08
802.8	1.1810805E-08
803	1.1875563E-08
803.2	1.1940823E-08
803.4	1.2006083E-08
803.6	1.2072096E-08
803.8	1.2138109E-08
804	1.2204624E-08
804.2	1.3010585E-08
804.4	1.4002286E-08
804.6	1.5069789E-08
804.8	1.6218365E-08
805	1.745454E-08
805.2	1.8785091E-08
805.4	2.0217046E-08
805.6	2.1758186E-08
805.8	2.3416794E-08
806	2.51E-08
806.2	2.5351E-08
806.4	2.2881411E-08
806.6	2.0668344E-08
806.8	1.866938E-08
807	1.6863686E-08
807.2	1.5232688E-08
807.4	1.3759318E-08
807.6	1.2428516E-08
807.8	1.1226477E-08
808	1.0140651E-08
808.2	9.954911E-09
808.4	1.0603495E-08
808.6	1.1294247E-08
808.8	1.2029928E-08
809	1.281355E-08
809.2	1.3648376E-08
809.4	1.4537418E-08
809.6	1.5484441E-08
809.8	1.649321E-08
810	1.756749E-08
810.2	1.7731393E-08
810.4	1.730394E-08
810.6	1.6886527E-08
810.8	1.6479405E-08
811	1.6082072E-08
811.2	1.5694277E-08
811.4	1.5315769E-08
811.6	1.4946548E-08
811.8	1.4586112E-08
812	1.4234461E-08
812.2	1.431955E-08
812.4	1.4563522E-08
812.6	1.4812012E-08
812.8	1.5064518E-08
813	1.5321291E-08
813.2	1.5582582E-08
813.4	1.5848391E-08
813.6	1.6118718E-08
813.8	1.6393563E-08
814	1.6672926E-08
814.2	1.6660376E-08
814.4	1.6598128E-08
814.6	1.653588E-08
814.8	1.6474134E-08
815	1.6412388E-08
815.2	1.6351144E-08
815.4	1.62899E-08
815.6	1.6228907E-08
815.8	1.6168165E-08
816	1.6107674E-08
816.2	1.5861443E-08
816.4	1.5342626E-08
816.6	1.4840877E-08
816.8	1.4355694E-08
817	1.3886073E-08
817.2	1.3432014E-08
817.4	1.2992764E-08
817.6	1.2567821E-08
817.8	1.2156934E-08
818	1.175935E-08
818.2	1.1840674E-08
818.4	1.2382332E-08
818.6	1.2948588E-08
818.8	1.3540948E-08
819	1.4160165E-08
819.2	1.4807745E-08
819.4	1.5484943E-08
819.6	1.6193265E-08
819.8	1.6933715E-08
820	1.7708301E-08
820.2	1.7822004E-08
820.4	1.7546155E-08
820.6	1.7274322E-08
820.8	1.7006756E-08
821	1.6743206E-08
821.2	1.6483923E-08
821.4	1.6228656E-08
821.6	1.5977405E-08
821.8	1.5729919E-08
822	1.5486198E-08
822.2	1.573519E-08
822.4	1.6148336E-08
822.6	1.6572275E-08
822.8	1.7007509E-08
823	1.7454038E-08
823.2	1.7912364E-08
823.4	1.8382487E-08
823.6	1.886516E-08
823.8	1.9360634E-08
824	1.9868909E-08
824.2	1.9360383E-08
824.4	1.8738405E-08
824.6	1.8136256E-08
824.8	1.7553434E-08
825	1.6989437E-08
825.2	1.6443261E-08
825.4	1.5914906E-08
825.6	1.5403619E-08
825.8	1.4908647E-08
826	1.4429488E-08
826.2	1.4295705E-08
826.4	1.470107E-08
826.6	1.5117981E-08
826.8	1.5546438E-08
827	1.5987445E-08
827.2	1.6440751E-08
827.4	1.6906858E-08
827.6	1.7386268E-08
827.8	1.7879232E-08
828	1.8386252E-08
828.2	1.7559207E-08
828.4	1.5596136E-08
828.6	1.385269E-08
828.8	1.230402E-08
829	1.092854E-08
829.2	9.706923E-09
829.4	8.62185E-09
829.6	7.65801E-09
829.8	6.801849E-09
830	6.041319E-09
830.2	6.347288E-09
830.4	7.344762E-09
830.6	8.498609E-09
830.8	9.833929E-09
831	1.1379085E-08
831.2	1.3166958E-08
831.4	1.52357E-08
831.6	1.7629487E-08
831.8	2.0399523E-08
832	2.3604542E-08
832.2	2.314973E-08
832.4	2.1578972E-08
832.6	2.0114889E-08
832.8	1.8749951E-08
833	1.7477883E-08
833.2	1.6291908E-08
833.4	1.5186504E-08
833.6	1.4155898E-08
833.8	1.3195572E-08
834	1.2300255E-08
834.2	1.2460393E-08
834.4	1.2740007E-08
834.6	1.3025645E-08
834.8	1.3317809E-08
835	1.361675E-08
835.2	1.3922217E-08
835.4	1.4234461E-08
835.6	1.4553733E-08
835.8	1.4880284E-08
836	1.5214114E-08
836.2	1.5262808E-08
836.4	1.4824311E-08
836.6	1.4398615E-08
836.8	1.3984967E-08
837	1.3583116E-08
837.2	1.3193062E-08
837.4	1.2814052E-08
837.6	1.2445835E-08
837.8	1.2088411E-08
838	1.1741027E-08
838.2	1.1537717E-08
838.4	1.1471202E-08
838.6	1.1404687E-08
838.8	1.1338925E-08
839	1.1273414E-08
839.2	1.1208154E-08
839.4	1.1143647E-08
839.6	1.107914E-08
839.8	1.1015135E-08
840	1.0951381E-08
840.2	1.128496E-08
840.4	1.1870543E-08
840.6	1.2486497E-08
840.8	1.3134328E-08
841	1.3815793E-08
841.2	1.4532649E-08
841.4	1.5286653E-08
841.6	1.6079562E-08
841.8	1.6913886E-08
842	1.7791382E-08
842.2	1.7725369E-08
842.4	1.7375224E-08
842.6	1.7031856E-08
842.8	1.6695516E-08
843	1.6365702E-08
843.2	1.6042414E-08
843.4	1.5725652E-08
843.6	1.5414914E-08
843.8	1.5110451E-08
844	1.4812012E-08
844.2	1.3981453E-08
844.4	1.3148384E-08
844.6	1.2365013E-08
844.8	1.1628328E-08
845	1.0935317E-08
845.2	1.0283721E-08
845.4	9.67103E-09
845.6	9.094734E-09
845.8	8.552825E-09
846	8.043295E-09
846.2	8.057853E-09
846.4	9.233537E-09
846.6	1.0581156E-08
846.8	1.2125057E-08
847	1.3894607E-08
847.2	1.5921934E-08
847.4	1.8245441E-08
847.6	2.0908049E-08
847.8	2.3958954E-08
848	2.7359E-08
848.2	2.8865E-08
848.4	2.7108E-08
848.6	2.5351E-08
848.8	2.3879387E-08
849	2.2446679E-08
849.2	2.1099813E-08
849.4	1.983402E-08
849.6	1.8644029E-08
849.8	1.7525322E-08
850	1.6473883E-08
850.2	1.5698042E-08
850.4	1.5095642E-08
850.6	1.4516334E-08
850.8	1.3959365E-08
851	1.342348E-08
851.2	1.2908428E-08
851.4	1.2412954E-08
851.6	1.1936556E-08
851.8	1.1478481E-08
852	1.1037976E-08
852.2	1.156608E-08
852.4	1.2481226E-08
852.6	1.3468409E-08
852.8	1.4533904E-08
853	1.5683735E-08
853.2	1.6924428E-08
853.4	1.8263262E-08
853.6	1.9708018E-08
853.8	2.1266979E-08
854	2.2949432E-08
854.2	2.2443918E-08
854.4	2.1684392E-08
854.6	2.0950468E-08
854.8	2.0241393E-08
855	1.9556163E-08
855.2	1.8894276E-08
855.4	1.8254728E-08
855.6	1.7636766E-08
855.8	1.7039888E-08
856	1.646309E-08
856.2	1.6143818E-08
856.4	1.6388794E-08
856.6	1.6637535E-08
856.8	1.6890041E-08
857	1.7146312E-08
857.2	1.7406599E-08
857.4	1.7670651E-08
857.6	1.7938719E-08
857.8	1.8211054E-08
858	1.8487405E-08
858.2	1.8550657E-08
858.4	1.8346343E-08
858.6	1.8144037E-08
858.8	1.794399E-08
859	1.7746202E-08
859.2	1.7550422E-08
859.4	1.7356901E-08
859.6	1.7165639E-08
859.8	1.6976385E-08
860	1.6789139E-08
860.2	1.5951301E-08
860.4	1.4747003E-08
860.6	1.3633818E-08
860.8	1.2604467E-08
861	1.1652926E-08
861.2	1.0773171E-08
861.4	9.959931E-09
861.6	9.207935E-09
861.8	8.512665E-09
862	7.870105E-09
862.2	8.202429E-09
862.4	8.906484E-09
862.6	9.671281E-09
862.8	1.0501589E-08
863	1.1403181E-08
863.2	1.2382332E-08
863.4	1.3445317E-08
863.6	1.4599917E-08
863.8	1.5853411E-08
864	1.7214333E-08
864.2	1.7243449E-08
864.4	1.7118451E-08
864.6	1.6994206E-08
864.8	1.6870965E-08
865	1.6748477E-08
865.2	1.6626993E-08
865.4	1.6506262E-08
865.6	1.6386535E-08
865.8	1.6267812E-08
866	1.6149591E-08
866.2	1.5530374E-08
866.4	1.4000278E-08
866.6	1.2620782E-08
866.8	1.1377328E-08
867	1.0256613E-08
867.2	9.246087E-09
867.4	8.334957E-09
867.6	7.513936E-09
867.8	6.773486E-09
868	6.106328E-09
868.2	5.197959E-09
868.4	4.158066E-09
868.6	3.326252E-09
868.8	2.661102E-09
869	2.1287059E-09
869.2	1.7029095E-09
869.4	1.3622774E-09
869.6	1.0897667E-09
869.8	8.717983E-10
870	6.974035E-10
870.2	7.504398E-10
870.4	9.575148E-10
870.6	1.2217174E-09
870.8	1.5588606E-09
871	1.9890244E-09
871.2	2.537861E-09
871.4	3.238151E-09
871.6	4.131711E-09
871.8	5.272004E-09
872	6.7268E-09
872.2	7.782255E-09
872.4	8.778725E-09
872.6	9.902703E-09
872.8	1.1170755E-08
873	1.2601204E-08
873.2	1.4214883E-08
873.4	1.6035135E-08
873.6	1.8088315E-08
873.8	2.0404543E-08
874	2.3017202E-08
874.2	2.0812418E-08
874.4	1.8623698E-08
874.6	1.6665145E-08
874.8	1.4912412E-08
875	1.3344164E-08
875.2	1.1940823E-08
875.4	1.068507E-08
875.6	9.561343E-09
875.8	8.555837E-09
876	7.656002E-09
876.2	7.299833E-09
876.4	8.162269E-09
876.6	9.12636E-09
876.8	1.0204154E-08
877	1.1409456E-08
877.2	1.2757326E-08
877.4	1.4264079E-08
877.6	1.5949042E-08
877.8	1.7832797E-08
878	1.9939189E-08
878.2	2.0530545E-08
878.4	1.9074494E-08
878.6	1.7721604E-08
878.8	1.6464596E-08
879	1.5296693E-08
879.2	1.4211871E-08
879.4	1.3203855E-08
879.6	1.2267374E-08
879.8	1.1397157E-08
880	1.0588686E-08
880.2	1.0865037E-08
880.4	1.1895141E-08
880.6	1.3023135E-08
880.8	1.4258055E-08
881	1.5609941E-08
881.2	1.7090088E-08
881.4	1.8710795E-08
881.6	2.0484863E-08
881.8	2.2427352E-08
882	2.4554075E-08
882.2	2.3698416E-08
882.4	2.2027509E-08
882.6	2.0474321E-08
882.8	1.9030569E-08
883	1.7688723E-08
883.2	1.6441504E-08
883.4	1.5282386E-08
883.6	1.4204843E-08
883.8	1.3203102E-08
884	1.2272143E-08
884.2	1.2269131E-08
884.4	1.2328367E-08
884.6	1.2387854E-08
884.8	1.2447843E-08
885	1.2507832E-08
885.2	1.2568323E-08
885.4	1.2628814E-08
885.6	1.2689807E-08
885.8	1.2751051E-08
886	1.2812797E-08
886.2	1.2601204E-08
886.4	1.1743035E-08
886.6	1.09436E-08
886.8	1.0198632E-08
887	9.504115E-09
887.2	8.857037E-09
887.4	8.254135E-09
887.6	7.692146E-09
887.8	7.168309E-09
888	6.680365E-09
888.2	6.55361E-09
888.4	6.837742E-09
888.6	7.133922E-09
888.8	7.443154E-09
889	7.765438E-09
889.2	8.102029E-09
889.4	8.453178E-09
889.6	8.819387E-09
889.8	9.201409E-09
890	9.600248E-09
890.2	1.0016155E-08
890.4	1.0450134E-08
890.6	1.0902938E-08
890.8	1.0797769E-08
891	1.0660974E-08
891.2	1.0526187E-08
891.4	1.0392906E-08
891.6	1.0261382E-08
891.8	1.0131615E-08
892	1.0003354E-08
892.2	9.87685E-09
892.4	9.751852E-09
892.6	9.656723E-09
892.8	9.780717E-09
893	9.905966E-09
893.2	1.0032972E-08
893.4	1.0161735E-08
893.6	1.0292004E-08
893.8	1.0423779E-08
894	1.0557562E-08
894.2	1.0692851E-08
894.4	1.0829897E-08
894.6	1.103647E-08
894.8	1.141799E-08
895	1.1812562E-08
895.2	1.2220939E-08
895.4	1.2643121E-08
895.6	1.3080112E-08
895.8	1.3532163E-08
896	1.4000027E-08
896.2	1.4483704E-08
896.4	1.4984449E-08
896.6	1.5502262E-08
896.8	1.6038147E-08
897	1.6592355E-08
897.2	1.6492206E-08
897.4	1.6214098E-08
897.6	1.5940508E-08
897.8	1.5671687E-08
898	1.5407384E-08
898.2	1.5147348E-08
898.4	1.489183E-08
898.6	1.464083E-08
898.8	1.4393846E-08
899	1.4151129E-08
899.2	1.520307E-08
899.4	1.6386033E-08
899.6	1.7661113E-08
899.8	1.9035338E-08
900	2.0516489E-08
900.2	2.2112849E-08
900.4	2.3833454E-08
900.6	2.5602E-08
900.8	2.761E-08
901	2.9869E-08
901.2	3.2128E-08
901.4	3.4638E-08
901.6	3.7399E-08
901.8	3.8654E-08
902	3.765E-08
902.2	3.6646E-08
902.4	3.5642E-08
902.6	3.4889E-08
902.8	3.3885E-08
903	3.3132E-08
903.2	3.2128E-08
903.4	3.1375E-08
903.6	3.0622E-08
903.8	2.9869E-08
904	2.9116E-08
904.2	2.8363E-08
904.4	2.761E-08
904.6	2.6857E-08
904.8	2.6104E-08
905	2.5602E-08
905.2	2.4854773E-08
905.4	2.4217986E-08
905.6	2.3597514E-08
905.8	2.2587741E-08
906	2.1509947E-08
906.2	2.0483357E-08
906.4	1.9505963E-08
906.6	1.8575004E-08
906.8	1.7688723E-08
907	1.684461E-08
907.2	1.6040657E-08
907.4	1.5275107E-08
907.6	1.4546203E-08
907.8	1.3852188E-08
908	1.3191054E-08
908.2	1.2561546E-08
908.4	1.1962158E-08
908.6	1.1391133E-08
908.8	1.0847718E-08
909	1.0329905E-08
909.2	9.836941E-09
909.4	9.367571E-09
909.6	8.7599E-09
909.8	7.389942E-09
910	6.234087E-09
910.2	5.259203E-09
910.4	4.436676E-09
910.6	3.742912E-09
910.8	3.15758E-09
911	2.663612E-09
911.2	2.2471277E-09
911.4	1.8957026E-09
911.6	1.5992465E-09
911.8	1.349125E-09
912	1.1381344E-09
912.2	9.601503E-10
912.4	8.09977E-10
912.6	6.833224E-10
912.8	5.764466E-10
913	4.862874E-10
913.2	4.102344E-10
913.4	3.460788E-10
913.6	3.429915E-10
913.8	3.910078E-10
914	4.457258E-10
914.2	5.081244E-10
914.4	5.792578E-10
914.6	6.603559E-10
914.8	7.527741E-10
915	8.581439E-10
915.2	9.782725E-10
915.4	1.1152181E-09
915.6	1.2713401E-09
915.8	1.4492991E-09
916	1.6521824E-09
916.2	1.8834538E-09
916.4	2.1471042E-09
916.6	2.4476516E-09
916.8	2.790367E-09
917	3.180923E-09
917.2	3.626197E-09
917.4	4.133719E-09
917.6	4.499175E-09
917.8	4.880946E-09
918	5.295347E-09
918.2	5.744888E-09
918.4	6.232581E-09
918.6	6.761689E-09
918.8	7.335726E-09
919	7.958457E-09
919.2	8.633898E-09
919.4	9.366818E-09
919.6	1.0161986E-08
919.8	1.1024673E-08
920	1.1960652E-08
920.2	1.2975947E-08
920.4	1.4077586E-08
920.6	1.5272597E-08
920.8	1.6569012E-08
921	1.7975616E-08
921.2	1.9501696E-08
921.4	2.0532804E-08
921.6	2.0423619E-08
921.8	2.0314685E-08
922	2.0206755E-08
922.2	2.0099076E-08
922.4	1.999215E-08
922.6	1.9885726E-08
922.8	1.9779804E-08
923	1.9674635E-08
923.2	1.9569717E-08
923.4	1.9465552E-08
923.6	1.9361889E-08
923.8	1.9258979E-08
924	1.915632E-08
924.2	1.9054414E-08
924.4	1.895301E-08
924.6	1.8852108E-08
924.8	1.8751708E-08
925	1.8652061E-08
925.2	1.8552665E-08
925.4	1.8725102E-08
925.6	1.8984134E-08
925.8	1.924668E-08
926	1.9512991E-08
926.2	1.9782816E-08
926.4	2.0056406E-08
926.6	2.0333761E-08
926.8	2.0615132E-08
927	2.0900268E-08
927.2	2.1189169E-08
927.4	2.1482337E-08
927.6	2.1779521E-08
927.8	2.2080721E-08
928	2.2386188E-08
928.2	2.2695671E-08
928.4	2.3009672E-08
928.6	2.332794E-08
928.8	2.3650475E-08
929	2.3977779E-08
929.2	2.4064876E-08
929.4	2.3165543E-08
929.6	2.2299844E-08
929.8	2.1466273E-08
930	2.0664077E-08
930.2	1.989175E-08
930.4	1.9148288E-08
930.6	1.8432687E-08
930.8	1.7743943E-08
931	1.7080801E-08
931.2	1.6442508E-08
931.4	1.5827809E-08
931.6	1.5236453E-08
931.8	1.4666934E-08
932	1.411875E-08
932.2	9.41501E-09
932.4	6.278514E-09
932.6	4.18668E-09
932.8	2.791873E-09
933	1.8617674E-09
933.2	1.2415213E-09
933.4	8.278984E-10
933.6	5.520745E-10
933.8	3.681417E-10
934	3.486641E-10
934.2	3.940449E-10
934.4	4.453242E-10
934.6	5.032801E-10
934.8	5.68766E-10
935	6.427859E-10
935.2	7.264442E-10
935.4	8.209959E-10
935.6	9.278215E-10
935.8	1.0485776E-09
936	1.1850463E-09
936.2	1.3392607E-09
936.4	1.5135551E-09
936.6	1.7105148E-09
936.8	1.9331267E-09
937	2.184704E-09
937.2	2.4690368E-09
937.4	2.790367E-09
937.6	3.153564E-09
937.8	3.507725E-09
938	3.103615E-09
938.2	2.746191E-09
938.4	2.4298306E-09
938.6	2.1499656E-09
938.8	1.902329E-09
939	1.683206E-09
939.2	1.4893336E-09
939.4	1.3178002E-09
939.6	1.1660205E-09
939.8	1.0317104E-09
940	9.128619E-10
940.2	8.07718E-10
940.4	7.146974E-10
940.6	6.323694E-10
940.8	5.595292E-10
941	4.950975E-10
941.2	4.380703E-10
941.4	3.875942E-10
941.6	3.429664E-10
941.8	3.214306E-10
942	3.214306E-10
942.2	3.214306E-10
942.4	3.214306E-10
942.6	3.214306E-10
942.8	3.214306E-10
943	3.214306E-10
943.2	3.214306E-10
943.4	3.214306E-10
943.6	3.214306E-10
943.8	3.214306E-10
944	3.214306E-10
944.2	3.214306E-10
944.4	3.214306E-10
944.6	3.214306E-10
944.8	3.214306E-10
945	3.214306E-10
945.2	3.214306E-10
945.4	3.214306E-10
945.6	3.214306E-10
945.8	3.214306E-10
946	3.214306E-10
946.2	3.214306E-10
946.4	3.214306E-10
946.6	3.214306E-10
946.8	3.214306E-10
947	3.214306E-10
947.2	3.214306E-10
947.4	3.214306E-10
947.6	3.214306E-10
947.8	3.214306E-10
948	3.214306E-10
948.2	3.214306E-10
948.4	3.214306E-10
948.6	3.214306E-10
948.8	3.214306E-10
949	3.214306E-10
949.2	3.214306E-10
949.4	3.214306E-10
949.6	3.214306E-10
949.8	3.214306E-10
950	3.214306E-10
950.2	3.214306E-10
950.4	3.214306E-10
950.6	3.214306E-10
950.8	3.214306E-10
951	3.214306E-10
951.2	3.214306E-10
951.4	3.214306E-10
951.6	3.214306E-10
951.8	3.214306E-10
952	3.214306E-10
952.2	3.214306E-10
952.4	3.214306E-10
952.6	3.214306E-10
952.8	3.214306E-10
953	3.214306E-10
953.2	3.214306E-10
953.4	3.214306E-10
953.6	3.214306E-10
953.8	3.214306E-10
954	3.214306E-10
954.2	3.214306E-10
954.4	3.214306E-10
954.6	3.214306E-10
954.8	3.214306E-10
955	3.214306E-10
955.2	3.214306E-10
955.4	3.214306E-10
955.6	3.214306E-10
955.8	3.214306E-10
956	3.214306E-10
956.2	3.214306E-10
956.4	3.214306E-10
956.6	3.214306E-10
956.8	3.214306E-10
957	3.214306E-10
957.2	3.214306E-10
957.4	3.447987E-10
957.6	4.744402E-10
957.8	6.528008E-10
958	8.982537E-10
958.2	1.2359742E-09
958.4	1.7006505E-09
958.6	2.3400479E-09
958.8	3.219828E-09
959	4.430401E-09
959.2	6.096037E-09
959.4	8.387918E-09
959.6	1.1541733E-08
959.8	1.5881021E-08
960	2.1851809E-08
960.2	3.012E-08
960.4	4.1415E-08
960.6	5.6977E-08
960.8	7.8312E-08
961	1.07679E-07
961.2	1.48341E-07
961.4	1.32277E-07
961.6	9.6133E-08
961.8	6.9778E-08
962	5.0702E-08
962.2	3.6897E-08
962.4	2.6857E-08
962.6	1.943242E-08
962.8	1.4117495E-08
963	1.0256362E-08
963.2	7.451186E-09
963.4	5.413317E-09
963.6	3.932668E-09
963.8	2.857133E-09
964	2.0756194E-09
964.2	1.5079327E-09
964.4	1.0955146E-09
964.6	7.958708E-10
964.8	5.782036E-10
965	4.200485E-10
965.2	3.211796E-10
965.4	3.211043E-10
965.6	3.210541E-10
965.8	3.209788E-10
966	3.209286E-10
966.2	3.208784E-10
966.4	3.208031E-10
966.6	3.207529E-10
966.8	3.207027E-10
967	3.206274E-10
967.2	3.205772E-10
967.4	3.205019E-10
967.6	3.204517E-10
967.8	3.204015E-10
968	3.203262E-10
968.2	3.20276E-10
968.4	3.202258E-10
968.6	3.201505E-10
968.8	3.201003E-10
969	3.200501E-10
969.2	3.209035E-10
969.4	3.22284E-10
969.6	3.236645E-10
969.8	3.25045E-10
970	3.264255E-10
970.2	3.278311E-10
970.4	3.292367E-10
970.6	3.306423E-10
970.8	3.32073E-10
971	3.334786E-10
971.2	3.349093E-10
971.4	3.363651E-10
971.6	3.377958E-10
971.8	3.392516E-10
972	3.406823E-10
972.2	3.535084E-10
972.4	3.668114E-10
972.6	3.806164E-10
972.8	3.949485E-10
973	4.098077E-10
973.2	4.252191E-10
973.4	4.412078E-10
973.6	4.57824E-10
973.8	4.750426E-10
974	4.929138E-10
974.2	5.114627E-10
974.4	5.307144E-10
974.6	5.506689E-10
974.8	5.714015E-10
975	5.928871E-10
975.2	6.15201E-10
975.4	6.383432E-10
975.6	6.245884E-10
975.8	6.027765E-10
976	5.817176E-10
976.2	5.613866E-10
976.4	5.417584E-10
976.6	5.22833E-10
976.8	5.045602E-10
977	4.8694E-10
977.2	4.699222E-10
977.4	4.535068E-10
977.6	4.376687E-10
977.8	4.223828E-10
978	4.07624E-10
978.2	3.933672E-10
978.4	3.796375E-10
978.6	3.663596E-10
978.8	3.535586E-10
979	3.412094E-10
979.2	3.292869E-10
979.4	3.27806E-10
979.6	3.621177E-10
979.8	4.000438E-10
980	4.419106E-10
980.2	4.881699E-10
980.4	5.392735E-10
980.6	5.957234E-10
980.8	6.580718E-10
981	7.269713E-10
981.2	8.030494E-10
981.4	8.871344E-10
981.6	9.799793E-10
981.8	1.082563E-09
982	1.1958895E-09
982.2	1.3210883E-09
982.4	1.4593642E-09
982.6	1.6121228E-09
982.8	1.7808952E-09
983	1.9673129E-09
983.2	2.1732333E-09
983.4	2.1032043E-09
983.6	1.9041613E-09
983.8	1.7239684E-09
984	1.5608184E-09
984.2	1.4131049E-09
984.4	1.2793972E-09
984.6	1.1583148E-09
984.8	1.0487031E-09
985	9.494577E-10
985.2	8.595997E-10
985.4	7.782506E-10
985.6	7.046072E-10
985.8	6.379165E-10
986	5.77551E-10
986.2	5.229083E-10
986.4	4.734111E-10
986.6	4.286076E-10
986.8	3.88046E-10
987	3.513247E-10
987.2	3.214306E-10
987.4	3.214055E-10
987.6	3.214055E-10
987.8	3.214055E-10
988	3.214055E-10
988.2	3.214055E-10
988.4	3.214055E-10
988.6	3.213804E-10
988.8	3.213804E-10
989	3.213804E-10
989.2	3.213804E-10
989.4	3.213804E-10
989.6	3.213553E-10
989.8	3.213553E-10
990	3.213553E-10
990.2	3.213553E-10
990.4	3.213553E-10
990.6	3.213553E-10
990.8	3.213302E-10
991	3.213302E-10
991.2	3.213302E-10
991.4	3.213302E-10
991.6	3.213302E-10
991.8	3.213302E-10
992	3.213302E-10
992.2	3.213302E-10
992.4	3.213302E-10
992.6	3.213302E-10
992.8	3.213302E-10
993	3.213302E-10
993.2	3.213302E-10
993.4	3.213302E-10
993.6	3.213302E-10
993.8	3.213302E-10
994	3.213302E-10
994.2	3.213302E-10
994.4	3.213302E-10
994.6	3.213302E-10
994.8	3.213302E-10
995	3.228613E-10
995.2	3.779558E-10
995.4	4.424628E-10
995.6	5.179887E-10
995.8	6.063909E-10
996	7.099033E-10
996.2	8.31061E-10
996.4	9.729011E-10
996.6	1.1389627E-09
996.8	1.3333622E-09
997	1.5609439E-09
997.2	1.8273804E-09
997.4	2.139273E-09
997.6	2.5044027E-09
997.8	2.931931E-09
998	3.432174E-09
998.2	4.018008E-09
998.4	4.703991E-09
998.6	5.506689E-09
998.8	6.446684E-09
999	6.501151E-09
999.2	5.664317E-09
999.4	4.935162E-09
999.6	4.299881E-09
999.8	3.746426E-09
1000	3.264004E-09
1000.2	2.610902E-09
1000.4	2.0885208E-09
1000.6	1.6706309E-09
1000.8	1.3363491E-09
1001	1.0689337E-09
1001.2	8.550566E-10
1001.4	6.839499E-10
1001.6	5.499912E-10
1001.8	5.718533E-10
1002	5.94619E-10
1002.2	6.182632E-10
1002.4	6.428612E-10
1002.6	6.684381E-10
1002.8	6.95019E-10
1003	7.226541E-10
1003.2	7.514187E-10
1003.4	7.812877E-10
1003.6	8.123866E-10
1003.8	8.446903E-10
1004	8.782992E-10
1004.2	9.132384E-10
1004.4	9.495581E-10
1004.6	9.873336E-10
1004.8	1.0266151E-09
1005	1.0674528E-09
1005.2	1.1098969E-09
1005.4	1.1540478E-09
1005.6	1.1586913E-09
1005.8	1.1191839E-09
1006	1.0810068E-09
1006.2	1.04416E-09
1006.4	1.0085431E-09
1006.6	9.741561E-10
1006.8	9.409488E-10
1007	9.088459E-10
1007.2	8.778725E-10
1007.4	8.479282E-10
1007.6	8.19013E-10
1007.8	7.910767E-10
1008	7.641193E-10
1008.2	7.380655E-10
1008.4	7.128902E-10
1008.6	6.885934E-10
1008.8	6.650998E-10
1009	6.424345E-10
1009.2	6.205222E-10
1009.4	5.993629E-10
1009.6	5.984593E-10
1009.8	5.988107E-10
1010	5.991621E-10
1010.2	5.995386E-10
1010.4	5.9989E-10
1010.6	6.002414E-10
1010.8	6.006179E-10
1011	6.009693E-10
1011.2	6.013458E-10
1011.4	6.016972E-10
1011.6	6.020737E-10
1011.8	6.024251E-10
1012	6.027765E-10
1012.2	6.03153E-10
1012.4	6.035044E-10
1012.6	6.038809E-10
1012.8	6.042323E-10
1013	6.046088E-10
1013.2	6.049602E-10
1013.4	6.137201E-10
1013.6	6.34779E-10
1013.8	6.565909E-10
1014	6.791307E-10
1014.2	7.024486E-10
1014.4	7.265697E-10
1014.6	7.51494E-10
1014.8	7.772968E-10
1015	8.040032E-10
1015.2	8.315881E-10
1015.4	8.601519E-10
1015.6	8.896946E-10
1015.8	9.202162E-10
1016	9.518171E-10
1016.2	9.844973E-10
1016.4	1.018307E-09
1016.6	1.0532713E-09
1016.8	1.0894153E-09
1017	1.1268394E-09
1017.2	1.1655185E-09
1017.4	1.1333905E-09
1017.6	1.0950377E-09
1017.8	1.057965E-09
1018	1.0221473E-09
1018.2	9.875595E-10
1018.4	9.541263E-10
1018.6	9.218477E-10
1018.8	8.906233E-10
1019	8.604782E-10
1019.2	8.313622E-10
1019.4	8.032251E-10
1019.6	7.760418E-10
1019.8	7.497621E-10
1020	7.24386E-10
1020.2	6.998633E-10
1020.4	6.76194E-10
1020.6	6.533028E-10
1020.8	6.311897E-10
1021	6.098296E-10
1021.2	5.984844E-10
1021.4	6.013207E-10
1021.6	6.041821E-10
1021.8	6.070686E-10
1022	6.099551E-10
1022.2	6.128416E-10
1022.4	6.157532E-10
1022.6	6.186899E-10
1022.8	6.216266E-10
1023	6.245884E-10
1023.2	6.275502E-10
1023.4	6.305371E-10
1023.6	6.33524E-10
1023.8	6.36536E-10
1024	6.395731E-10
1024.2	6.426102E-10
1024.4	6.456473E-10
1024.6	6.487346E-10
1024.8	6.518219E-10
1025	6.549092E-10
1025.2	6.658528E-10
1025.4	6.769721E-10
1025.6	6.882922E-10
1025.8	6.99788E-10
1026	7.114846E-10
1026.2	7.233569E-10
1026.4	7.354551E-10
1026.6	7.47729E-10
1026.8	7.505904E-10
1027	7.499378E-10
1027.2	7.492601E-10
1027.4	7.486075E-10
1027.6	7.479298E-10
1027.8	7.472772E-10
1028	7.466246E-10
1028.2	7.459469E-10
1028.4	7.452943E-10
1028.6	7.446166E-10
1028.8	7.43964E-10
1029	7.433114E-10
1029.2	7.426588E-10
1029.4	7.419811E-10
1029.6	7.413285E-10
1029.8	7.406759E-10
1030	7.400233E-10
1030.2	7.393456E-10
1030.4	7.38693E-10
1030.6	7.385926E-10
1030.8	7.403747E-10
1031	7.421819E-10
1031.2	7.440142E-10
1031.4	7.458214E-10
1031.6	7.476286E-10
1031.8	7.494609E-10
1032	7.512932E-10
1032.2	7.531255E-10
1032.4	7.549578E-10
1032.6	7.568152E-10
1032.8	7.586475E-10
1033	7.605049E-10
1033.2	7.623623E-10
1033.4	7.642197E-10
1033.6	7.660771E-10
1033.8	7.679596E-10
1034	7.698421E-10
1034.2	7.716995E-10
1034.4	7.736071E-10
1034.6	8.082702E-10
1034.8	8.581941E-10
1035	9.112053E-10
1035.2	9.674795E-10
1035.4	1.0272426E-09
1035.6	1.0906954E-09
1035.8	1.1580889E-09
1036	1.2296239E-09
1036.2	1.3055765E-09
1036.4	1.3862228E-09
1036.6	1.471864E-09
1036.8	1.5627762E-09
1037	1.6593108E-09
1037.2	1.7617941E-09
1037.4	1.8706277E-09
1037.6	1.9861881E-09
1037.8	2.1088769E-09
1038	2.2391459E-09
1038.2	2.377472E-09
1038.4	2.553674E-09
1038.6	2.850607E-09
1038.8	3.182178E-09
1039	3.552403E-09
1039.2	3.965549E-09
1039.4	4.426887E-09
1039.6	4.941939E-09
1039.8	5.516729E-09
1040	6.158536E-09
1040.2	6.87489E-09
1040.4	7.674576E-09
1040.6	8.567132E-09
1040.8	9.563853E-09
1041	1.0676285E-08
1041.2	1.1918233E-08
1041.4	1.3304506E-08
1041.6	1.4852172E-08
1041.8	1.6579805E-08
1042	1.8508489E-08
1042.2	2.0661567E-08
1042.4	1.9695217E-08
1042.6	1.7836311E-08
1042.8	1.6152603E-08
1043	1.4628029E-08
1043.2	1.3247278E-08
1043.4	1.1996796E-08
1043.6	1.0864535E-08
1043.8	9.838949E-09
1044	8.910249E-09
1044.2	8.069148E-09
1044.4	7.307614E-09
1044.6	6.617866E-09
1044.8	5.993127E-09
1045	5.427373E-09
1045.2	5.138221E-09
1045.4	4.86438E-09
1045.6	4.605348E-09
1045.8	4.35987E-09
1046	4.127444E-09
1046.2	3.907568E-09
1046.4	3.699489E-09
1046.6	3.502203E-09
1046.8	3.406321E-09
1047	3.419875E-09
1047.2	3.433178E-09
1047.4	3.446732E-09
1047.6	3.460286E-09
1047.8	3.474091E-09
1048	3.487645E-09
1048.2	3.50145E-09
1048.4	3.515255E-09
1048.6	3.52906E-09
1048.8	3.543116E-09
1049	3.556921E-09
1049.2	3.570977E-09
1049.4	3.585033E-09
1049.6	3.599089E-09
1049.8	3.613396E-09
1050	3.627703E-09
1050.2	3.64201E-09
1050.4	3.656317E-09
1050.6	3.670624E-09
1050.8	3.68217E-09
1051	3.693465E-09
1051.2	3.70476E-09
1051.4	3.716306E-09
1051.6	3.727852E-09
1051.8	3.739147E-09
1052	3.750693E-09
1052.2	3.762239E-09
1052.4	3.774036E-09
1052.6	3.785582E-09
1052.8	3.797379E-09
1053	3.808925E-09
1053.2	3.820722E-09
1053.4	3.832519E-09
1053.6	3.844316E-09
1053.8	3.856364E-09
1054	3.868161E-09
1054.2	3.879958E-09
1054.4	3.892006E-09
1054.6	4.020518E-09
1054.8	4.272271E-09
1055	4.539586E-09
1055.2	4.823718E-09
1055.4	5.125671E-09
1055.6	5.4467E-09
1055.8	5.787558E-09
1056	6.149751E-09
1056.2	6.534785E-09
1056.4	6.943915E-09
1056.6	7.378396E-09
1056.8	7.840236E-09
1057	8.331192E-09
1057.2	8.852519E-09
1057.4	9.406727E-09
1057.6	9.995573E-09
1057.8	1.0621316E-08
1058	1.1286215E-08
1058.2	1.1992529E-08
1058.4	1.2691313E-08
1058.6	1.242701E-08
1058.8	1.216848E-08
1059	1.191497E-08
1059.2	1.1666982E-08
1059.4	1.1424014E-08
1059.6	1.1186317E-08
1059.8	1.0953389E-08
1060	1.072523E-08
1060.2	1.0502091E-08
1060.4	1.028347E-08
1060.6	1.0069367E-08
1060.8	9.859782E-09
1061	9.654464E-09
1061.2	9.453413E-09
1061.4	9.256629E-09
1061.6	9.063861E-09
1061.8	8.875109E-09
1062	8.690373E-09
1062.2	8.509402E-09
1062.4	8.739318E-09
1062.6	9.265163E-09
1062.8	9.822634E-09
1063	1.0413739E-08
1063.2	1.1040235E-08
1063.4	1.1704632E-08
1063.6	1.2408938E-08
1063.8	1.3155663E-08
1064	1.3947317E-08
1064.2	1.4786661E-08
1064.4	1.5676205E-08
1064.6	1.6619463E-08
1064.8	1.7619698E-08
1065	1.8679922E-08
1065.2	2.2235588E-08
1065.4	2.6355E-08
1065.6	3.1626E-08
1065.8	3.7399E-08
1066	4.4678E-08
1066.2	5.3212E-08
1066.4	6.3252E-08
1066.6	7.53E-08
1066.8	8.3081E-08
1067	7.1786E-08
1067.2	6.1997E-08
1067.4	5.3463E-08
1067.6	4.6184E-08
1067.8	3.9909E-08
1068	3.4638E-08
1068.2	2.9869E-08
1068.4	2.5853E-08
1068.6	2.2246632E-08
1068.8	1.9215807E-08
1069	1.6597877E-08
1069.2	1.4336618E-08
1069.4	1.2383587E-08
1069.6	1.0696365E-08
1069.8	9.23931E-09
1070	7.980545E-09
1070.2	6.893213E-09
1070.4	5.954222E-09
1070.6	5.14299E-09
1070.8	4.97984E-09
1071	4.97984E-09
1071.2	4.97984E-09
1071.4	4.97984E-09
1071.6	4.97984E-09
1071.8	4.97984E-09
1072	4.97984E-09
1072.2	4.97984E-09
1072.4	4.97984E-09
1072.6	4.97984E-09
1072.8	4.97984E-09
1073	4.97984E-09
1073.2	4.97984E-09
1073.4	4.97984E-09
1073.6	4.97984E-09
1073.8	4.97984E-09
1074	4.97984E-09
1074.2	4.97984E-09
1074.4	4.97984E-09
1074.6	4.97984E-09
1074.8	4.97984E-09
1075	4.97984E-09
1075.2	4.97984E-09
1075.4	4.97984E-09
1075.6	4.97984E-09
1075.8	4.97984E-09
1076	4.97984E-09
1076.2	4.97984E-09
1076.4	4.97984E-09
1076.6	4.97984E-09
1076.8	4.97984E-09
1077	4.97984E-09
1077.2	4.97984E-09
1077.4	4.97984E-09
1077.6	4.97984E-09
1077.8	4.97984E-09
1078	4.97984E-09
1078.2	4.97984E-09
1078.4	4.97984E-09
1078.6	5.716776E-09
1078.8	6.653006E-09
1079	7.742597E-09
1079.2	9.010398E-09
1079.4	1.0486027E-08
1079.6	1.2203369E-08
1079.8	1.4201831E-08
1080	1.6527346E-08
1080.2	1.9233879E-08
1080.4	2.2383678E-08
1080.6	2.6104E-08
1080.8	3.0371E-08
1081	3.5391E-08
1081.2	4.1164E-08
1081.4	4.769E-08
1081.6	5.5722E-08
1081.8	6.4758E-08
1082	7.53E-08
1082.2	8.7599E-08
1082.4	9.2619E-08
1082.6	8.8603E-08
1082.8	8.4587E-08
1083	8.1073E-08
1083.2	7.7559E-08
1083.4	7.4045E-08
1083.6	7.0782E-08
1083.8	6.777E-08
1084	6.4758E-08
1084.2	6.1997E-08
1084.4	5.9236E-08
1084.6	5.6726E-08
1084.8	5.4216E-08
1085	5.1957E-08
1085.2	4.9698E-08
1085.4	4.7439E-08
1085.6	4.5431E-08
1085.8	4.3423E-08
1086	4.1415E-08
1086.2	4.0411E-08
1086.4	4.6937E-08
1086.6	5.4718E-08
1086.8	6.3754E-08
1087	7.4296E-08
1087.2	8.6595E-08
1087.4	1.00902E-07
1087.6	1.17468E-07
1087.8	1.37046E-07
1088	1.59636E-07
1088.2	1.8574E-07
1088.4	2.16362E-07
1088.6	2.52255E-07
1088.8	2.9367E-07
1089	3.42364E-07
1089.2	3.98839E-07
1089.4	4.64601E-07
1089.6	5.41156E-07
1089.8	6.30261E-07
1090	7.34426E-07
1090.2	2.177676E-06
1090.4	2.221601E-06
1090.6	2.192736E-06
1090.8	2.164122E-06
1091	2.069244E-06
1091.2	1.955792E-06
1091.4	1.848615E-06
1091.6	1.79716E-06
1091.8	1.79716E-06
1092	1.79716E-06
1092.2	1.846607E-06
1092.4	2.048913E-06
1092.6	2.273558E-06
1092.8	2.518785E-06
1093	2.624958E-06
1093.2	2.735649E-06
1093.4	2.850858E-06
1093.6	2.427923E-06
1093.8	1.959557E-06
1094	1.581551E-06
1094.2	1.276586E-06
1094.4	1.030355E-06
1094.6	8.31563E-07
1094.8	8.24535E-07
1095	1.265793E-06
1095.2	1.942991E-06
1095.4	2.802415E-06
1095.6	2.069495E-06
1095.8	1.528339E-06
1096	1.128496E-06
1096.2	9.69362E-07
1096.4	8.55157E-07
1096.6	7.54506E-07
1096.8	9.9396E-07
1097	1.683708E-06
1097.2	2.851862E-06
1097.4	3.68217E-06
1097.6	3.053164E-06
1097.8	2.531335E-06
1098	2.171652E-06
1098.2	2.277574E-06
1098.4	2.388767E-06
1098.6	2.505482E-06
1098.8	2.995685E-06
1099	3.628456E-06
1099.2	4.39501E-06
1099.4	4.595057E-06
1099.6	4.482609E-06
1099.8	4.373173E-06
1100	4.448222E-06
1100.2	4.766239E-06
1100.4	5.107097E-06
1100.6	5.12542E-06
1100.8	4.049634E-06
1101	3.199748E-06
1101.2	2.528072E-06
1101.4	2.401317E-06
1101.6	2.289371E-06
1101.8	2.182696E-06
1102	1.423672E-06
1102.2	8.1826E-07
1102.4	4.70123E-07
1102.6	5.47431E-07
1102.8	1.239438E-06
1103	2.805929E-06
1103.2	3.986884E-06
1103.4	1.761267E-06
1103.6	7.781E-07
1103.8	3.74994E-07
1104	8.09224E-07
1104.2	1.746709E-06
1104.4	3.77002E-06
1104.6	3.888994E-06
1104.8	3.430166E-06
1105	3.025554E-06
1105.2	3.144779E-06
1105.4	3.654811E-06
1105.6	4.247422E-06
1105.8	4.28206E-06
1106	3.370428E-06
1106.2	2.652819E-06
1106.4	2.212063E-06
1106.6	2.668632E-06
1106.8	3.219577E-06
1107	3.884225E-06
1107.2	2.978115E-06
1107.4	2.177425E-06
1107.6	1.591842E-06
1107.8	1.868193E-06
1108	2.753219E-06
1108.2	4.057666E-06
1108.4	4.981346E-06
1108.6	4.868145E-06
1108.8	4.757705E-06
1109	4.621161E-06
1109.2	4.387982E-06
1109.4	4.166349E-06
1109.6	3.956011E-06
1109.8	3.718063E-06
1110	3.494171E-06
1110.2	3.283582E-06
1110.4	3.235139E-06
1110.6	3.235139E-06
1110.8	3.235139E-06
1111	3.026558E-06
1111.2	2.668883E-06
1111.4	2.353627E-06
1111.6	2.302925E-06
1111.8	2.855125E-06
1112	3.539602E-06
1112.2	4.282813E-06
1112.4	3.917859E-06
1112.6	3.584029E-06
1112.8	3.278562E-06
1113	3.027813E-06
1113.2	2.800658E-06
1113.4	2.590822E-06
1113.6	2.44223E-06
1113.8	2.328025E-06
1114	2.219593E-06
1114.2	2.1084E-06
1114.4	1.992689E-06
1114.6	1.883002E-06
1114.8	1.875723E-06
1115	2.394289E-06
1115.2	3.056176E-06
1115.4	3.901293E-06
1115.6	4.05616E-06
1115.8	4.167102E-06
1116	4.281056E-06
1116.2	4.391245E-06
1116.4	4.501685E-06
1116.6	4.614635E-06
1116.8	4.554646E-06
1117	4.32473E-06
1117.2	4.10636E-06
1117.4	4.139492E-06
1117.6	4.905042E-06
1117.8	5.812658E-06
1118	6.66656E-06
1118.2	4.112133E-06
1118.4	2.536606E-06
1118.6	1.564734E-06
1118.8	1.943744E-06
1119	2.801411E-06
1119.2	4.037335E-06
1119.4	4.737876E-06
1119.6	4.847814E-06
1119.8	4.960513E-06
1120	5.072961E-06
