Typical Measured Spectrum of Semrock FF02-655/40 Optical Filter	
For wavelengths between 320 and 1120 nm, values near or below 3e-7 (Optical Density 6.5) are measurement noise limited.
For wavelengths < 320 nm and > 1120 nm, values near or below 3e-6 (Optical Density 5.5) are measurement noise limited. 
Data format:  Wavelength (nm) <tab> Transmission (0 to 1)
265.0	1.9635e-05
265.2	1.9542e-05
265.4	1.9449e-05
265.6	1.9357e-05
265.8	1.9265e-05
266.0	1.9174e-05
266.2	1.9083e-05
266.4	1.8992e-05
266.6	1.8902e-05
266.8	1.8813e-05
267.0	1.8724e-05
267.2	1.8182e-05
267.4	1.7433e-05
267.6	1.6715e-05
267.8	1.6027e-05
268.0	1.5367e-05
268.2	1.4734e-05
268.4	1.4128e-05
268.6	1.3546e-05
268.8	1.2988e-05
269.0	1.2453e-05
269.2	1.1941e-05
269.4	1.1449e-05
269.6	1.0978e-05
269.8	1.0526e-05
270.0	1.0092e-05
270.2	9.6767e-06
270.4	9.2783e-06
270.6	8.8962e-06
270.8	8.5299e-06
271.0	7.7659e-06
271.2	7.0511e-06
271.4	6.4021e-06
271.6	5.8128e-06
271.8	5.2777e-06
272.0	4.7919e-06
272.2	4.3509e-06
272.4	3.9504e-06
272.6	3.5868e-06
272.8	3.2566e-06
273.0	2.9569e-06
273.2	2.6847e-06
273.4	2.4376e-06
273.6	2.2132e-06
273.8	2.0095e-06
274.0	1.8245e-06
274.2	1.6566e-06
274.4	1.5041e-06
274.6	1.3941e-06
274.8	1.3747e-06
275.0	1.3555e-06
275.2	1.344e-06
275.4	1.3326e-06
275.6	1.3203e-06
275.8	1.3055e-06
276.0	1.2909e-06
276.2	1.2764e-06
276.4	1.262e-06
276.6	1.2479e-06
276.8	1.2339e-06
277.0	1.22e-06
277.2	1.2063e-06
277.4	1.1928e-06
277.6	1.1794e-06
277.8	1.1661e-06
278.0	1.1531e-06
278.2	1.1401e-06
278.4	1.1273e-06
278.6	1.1147e-06
278.8	1.1021e-06
279.0	1.0898e-06
279.2	1.0775e-06
279.4	1.063e-06
279.6	1.0467e-06
279.8	1.0306e-06
280.0	1.0147e-06
280.2	9.9913e-07
280.4	9.8378e-07
280.6	9.6866e-07
280.8	9.5377e-07
281.0	9.3911e-07
281.2	9.2467e-07
281.4	9.1046e-07
281.6	8.9646e-07
281.8	8.8268e-07
282.0	8.6912e-07
282.2	8.5576e-07
282.4	8.426e-07
282.6	8.2965e-07
282.8	8.169e-07
283.0	8.0434e-07
283.2	7.9095e-07
283.4	7.7762e-07
283.6	7.645e-07
283.8	7.5161e-07
284.0	7.3894e-07
284.2	7.2648e-07
284.4	7.1423e-07
284.6	7.0218e-07
284.8	6.9034e-07
285.0	6.787e-07
285.2	6.6326e-07
285.4	6.4817e-07
285.6	6.3461e-07
285.8	6.2352e-07
286.0	6.1263e-07
286.2	6.0193e-07
286.4	5.9142e-07
286.6	5.8109e-07
286.8	5.7094e-07
287.0	5.6096e-07
287.2	5.5117e-07
287.4	5.4154e-07
287.6	5.3208e-07
287.8	5.2279e-07
288.0	5.1365e-07
288.2	5.0468e-07
288.4	4.9587e-07
288.6	4.8721e-07
288.8	4.787e-07
289.0	4.7033e-07
289.2	4.6212e-07
289.4	4.531e-07
289.6	4.4376e-07
289.8	4.3462e-07
290.0	4.2567e-07
290.2	4.169e-07
290.4	4.0831e-07
290.6	3.999e-07
290.8	3.9166e-07
291.0	3.8359e-07
291.2	3.7569e-07
291.4	3.6795e-07
291.6	3.6037e-07
291.8	3.5294e-07
292.0	3.4567e-07
292.2	3.3855e-07
292.4	3.3158e-07
292.6	3.2475e-07
292.8	3.1806e-07
293.0	3.115e-07
293.2	3.2573e-07
293.4	3.4119e-07
293.6	3.5737e-07
293.8	3.7433e-07
294.0	3.9209e-07
294.2	4.1069e-07
294.4	4.3017e-07
294.6	4.5058e-07
294.8	4.7196e-07
295.0	4.9435e-07
295.2	4.8857e-07
295.4	4.8285e-07
295.6	4.772e-07
295.8	4.7162e-07
296.0	4.661e-07
296.2	4.6065e-07
296.4	4.5526e-07
296.6	4.4993e-07
296.8	4.4467e-07
297.0	4.3947e-07
297.2	4.3432e-07
297.4	4.2924e-07
297.6	4.2422e-07
297.8	4.1926e-07
298.0	4.1435e-07
298.2	4.328e-07
298.4	4.5339e-07
298.6	4.7496e-07
298.8	4.9756e-07
299.0	5.2123e-07
299.2	5.4602e-07
299.4	5.72e-07
299.6	5.9921e-07
299.8	6.2771e-07
300.0	6.5757e-07
300.2	6.8886e-07
300.4	7.2163e-07
300.6	7.5596e-07
300.8	7.9192e-07
301.0	8.2959e-07
301.2	8.6906e-07
301.4	9.104e-07
301.6	9.5371e-07
301.8	9.6842e-07
302.0	9.0764e-07
302.2	8.5068e-07
302.4	7.9729e-07
302.6	7.4725e-07
302.8	7.0035e-07
303.0	6.5639e-07
303.2	6.152e-07
303.4	5.7658e-07
303.6	5.404e-07
303.8	5.0648e-07
304.0	4.7469e-07
304.2	4.449e-07
304.4	4.1698e-07
304.6	3.9081e-07
304.8	3.6628e-07
305.0	3.4329e-07
305.2	3.0418e-07
305.4	2.6953e-07
305.6	2.4486e-07
305.8	2.4371e-07
306.0	2.4255e-07
306.2	2.4141e-07
306.4	2.4027e-07
306.6	2.3913e-07
306.8	2.38e-07
307.0	2.3688e-07
307.2	2.3576e-07
307.4	2.3464e-07
307.6	2.3354e-07
307.8	2.3243e-07
308.0	2.3133e-07
308.2	2.3024e-07
308.4	2.2915e-07
308.6	2.2807e-07
308.8	2.2699e-07
309.0	2.2592e-07
309.2	2.2485e-07
309.4	2.2816e-07
309.6	2.3553e-07
309.8	2.4314e-07
310.0	2.5099e-07
310.2	2.5909e-07
310.4	2.6746e-07
310.6	2.7609e-07
310.8	2.8501e-07
311.0	2.9421e-07
311.2	3.0371e-07
311.4	3.1352e-07
311.6	3.2364e-07
311.8	3.3409e-07
312.0	3.4488e-07
312.2	3.5602e-07
312.4	3.6752e-07
312.6	3.7938e-07
312.8	3.9163e-07
313.0	4.0428e-07
313.2	3.9175e-07
313.4	3.7539e-07
313.6	3.5971e-07
313.8	3.4469e-07
314.0	3.303e-07
314.2	3.1651e-07
314.4	3.0329e-07
314.6	2.9062e-07
314.8	2.7849e-07
315.0	2.6686e-07
315.2	2.5572e-07
315.4	2.4504e-07
315.6	2.3481e-07
315.8	2.25e-07
316.0	2.156e-07
316.2	2.066e-07
316.4	1.9797e-07
316.6	1.8971e-07
316.8	1.8304e-07
317.0	1.8224e-07
317.2	1.8144e-07
317.4	1.8065e-07
317.6	1.7986e-07
317.8	1.7907e-07
318.0	1.7829e-07
318.2	1.7751e-07
318.4	1.7673e-07
318.6	1.7596e-07
318.8	1.7519e-07
319.0	1.7442e-07
319.2	1.7366e-07
319.4	1.729e-07
319.6	1.7214e-07
319.8	1.7139e-07
320.0	1.7064e-07
320.2	1.6989e-07
320.4	1.6915e-07
320.6	1.6843e-07
320.8	1.6773e-07
321.0	1.6703e-07
321.2	1.6633e-07
321.4	1.6564e-07
321.6	1.6495e-07
321.8	1.6426e-07
322.0	1.6358e-07
322.2	1.629e-07
322.4	1.6222e-07
322.6	1.6154e-07
322.8	1.6087e-07
323.0	1.602e-07
323.2	1.5953e-07
323.4	1.5887e-07
323.6	1.5821e-07
323.8	1.5755e-07
324.0	1.5689e-07
324.2	1.5624e-07
324.4	1.5445e-07
324.6	1.5249e-07
324.8	1.5057e-07
325.0	1.4866e-07
325.2	1.4678e-07
325.4	1.4492e-07
325.6	1.4309e-07
325.8	1.4128e-07
326.0	1.3949e-07
326.2	1.3773e-07
326.4	1.3598e-07
326.6	1.3426e-07
326.8	1.3257e-07
327.0	1.3089e-07
327.2	1.2923e-07
327.4	1.276e-07
327.6	1.2598e-07
327.8	1.2439e-07
328.0	1.2286e-07
328.2	1.2149e-07
328.4	1.2014e-07
328.6	1.1881e-07
328.8	1.1749e-07
329.0	1.1618e-07
329.2	1.1489e-07
329.4	1.1362e-07
329.6	1.1235e-07
329.8	1.1111e-07
330.0	1.0987e-07
330.2	1.0865e-07
330.4	1.0745e-07
330.6	1.0625e-07
330.8	1.0507e-07
331.0	1.0391e-07
331.2	1.0275e-07
331.4	1.0161e-07
331.6	1.0048e-07
331.8	1.0e-07
332.0	1.0e-07
332.2	1.0e-07
332.4	1.0e-07
332.6	1.0e-07
332.8	1.0e-07
333.0	1.0e-07
333.2	1.0e-07
333.4	1.0e-07
333.6	1.0e-07
333.8	1.0e-07
334.0	1.0e-07
334.2	1.0e-07
334.4	1.0e-07
334.6	1.0e-07
334.8	1.0e-07
335.0	1.0e-07
335.2	1.0e-07
335.4	1.0e-07
335.6	1.0e-07
335.8	1.0e-07
336.0	1.0e-07
336.2	1.0e-07
336.4	1.0e-07
336.6	1.0e-07
336.8	1.0e-07
337.0	1.0e-07
337.2	1.0e-07
337.4	1.0e-07
337.6	1.0e-07
337.8	1.0e-07
338.0	1.0e-07
338.2	1.0e-07
338.4	1.0e-07
338.6	1.0e-07
338.8	1.0e-07
339.0	1.0e-07
339.2	1.0e-07
339.4	1.0e-07
339.6	1.0e-07
339.8	1.0e-07
340.0	1.0e-07
340.2	1.0e-07
340.4	1.0e-07
340.6	1.0e-07
340.8	1.0e-07
341.0	1.0e-07
341.2	1.0e-07
341.4	1.0e-07
341.6	1.0e-07
341.8	1.0e-07
342.0	1.0e-07
342.2	1.0e-07
342.4	1.0e-07
342.6	1.0e-07
342.8	1.0e-07
343.0	1.0e-07
343.2	1.0057e-07
343.4	1.0118e-07
343.6	1.0178e-07
343.8	1.0239e-07
344.0	1.0301e-07
344.2	1.0363e-07
344.4	1.0425e-07
344.6	1.0487e-07
344.8	1.055e-07
345.0	1.0614e-07
345.2	1.0677e-07
345.4	1.0741e-07
345.6	1.0806e-07
345.8	1.0871e-07
346.0	1.0936e-07
346.2	1.1002e-07
346.4	1.1068e-07
346.6	1.1134e-07
346.8	1.1159e-07
347.0	1.1092e-07
347.2	1.1026e-07
347.4	1.096e-07
347.6	1.0895e-07
347.8	1.083e-07
348.0	1.0765e-07
348.2	1.0701e-07
348.4	1.0637e-07
348.6	1.0573e-07
348.8	1.051e-07
349.0	1.0448e-07
349.2	1.0385e-07
349.4	1.0323e-07
349.6	1.0262e-07
349.8	1.02e-07
350.0	1.014e-07
350.2	1.0079e-07
350.4	1.0019e-07
350.6	1.0e-07
350.8	1.0e-07
351.0	1.0e-07
351.2	1.0e-07
351.4	1.0e-07
351.6	1.0e-07
351.8	1.0e-07
352.0	1.0e-07
352.2	1.0e-07
352.4	1.0e-07
352.6	1.0e-07
352.8	1.0e-07
353.0	1.0e-07
353.2	1.0e-07
353.4	1.0e-07
353.6	1.0e-07
353.8	1.0e-07
354.0	1.0e-07
354.2	1.0038e-07
354.4	1.0634e-07
354.6	1.1266e-07
354.8	1.1936e-07
355.0	1.2645e-07
355.2	1.3396e-07
355.4	1.4192e-07
355.6	1.5036e-07
355.8	1.5929e-07
356.0	1.6876e-07
356.2	1.7879e-07
356.4	1.8941e-07
356.6	2.0067e-07
356.8	2.1259e-07
357.0	2.2523e-07
357.2	2.3861e-07
357.4	2.5279e-07
357.6	2.6781e-07
357.8	2.8373e-07
358.0	2.8537e-07
358.2	2.6935e-07
358.4	2.5423e-07
358.6	2.3997e-07
358.8	2.265e-07
359.0	2.1379e-07
359.2	2.0179e-07
359.4	1.9046e-07
359.6	1.7978e-07
359.8	1.6969e-07
360.0	1.6016e-07
360.2	1.5117e-07
360.4	1.4269e-07
360.6	1.3468e-07
360.8	1.2712e-07
361.0	1.1999e-07
361.2	1.1325e-07
361.4	1.069e-07
361.6	1.009e-07
361.8	1.04e-07
362.0	1.0895e-07
362.2	1.1413e-07
362.4	1.1956e-07
362.6	1.2524e-07
362.8	1.312e-07
363.0	1.3743e-07
363.2	1.4397e-07
363.4	1.5082e-07
363.6	1.5799e-07
363.8	1.655e-07
364.0	1.7337e-07
364.2	1.8161e-07
364.4	1.9025e-07
364.6	1.9929e-07
364.8	2.0877e-07
365.0	2.187e-07
365.2	2.3845e-07
365.4	2.5998e-07
365.6	2.8346e-07
365.8	3.0906e-07
366.0	3.3697e-07
366.2	3.674e-07
366.4	4.0058e-07
366.6	4.3676e-07
366.8	4.762e-07
367.0	4.816e-07
367.2	4.4174e-07
367.4	4.0518e-07
367.6	3.7164e-07
367.8	3.4088e-07
368.0	3.1267e-07
368.2	2.8679e-07
368.4	2.6305e-07
368.6	2.4128e-07
368.8	2.2131e-07
369.0	2.0299e-07
369.2	1.8619e-07
369.4	1.7078e-07
369.6	1.5665e-07
369.8	1.4368e-07
370.0	1.3179e-07
370.2	1.2088e-07
370.4	1.1088e-07
370.6	1.017e-07
370.8	1.0e-07
371.0	1.0e-07
371.2	1.0e-07
371.4	1.0e-07
371.6	1.0e-07
371.8	1.0e-07
372.0	1.0e-07
372.2	1.0e-07
372.4	1.0e-07
372.6	1.0e-07
372.8	1.0e-07
373.0	1.0e-07
373.2	1.0e-07
373.4	1.0e-07
373.6	1.0e-07
373.8	1.0e-07
374.0	1.0e-07
374.2	1.0e-07
374.4	1.0353e-07
374.6	1.2619e-07
374.8	1.5381e-07
375.0	1.8749e-07
375.2	2.2853e-07
375.4	2.7856e-07
375.6	3.3955e-07
375.8	4.1388e-07
376.0	5.0449e-07
376.2	6.1493e-07
376.4	7.4955e-07
376.6	9.1364e-07
376.8	1.1137e-06
377.0	1.3575e-06
377.2	1.6546e-06
377.4	2.0169e-06
377.6	2.4584e-06
377.8	2.9966e-06
378.0	3.6526e-06
378.2	4.0456e-06
378.4	4.1559e-06
378.6	4.2692e-06
378.8	4.3856e-06
379.0	4.5052e-06
379.2	4.628e-06
379.4	4.7542e-06
379.6	4.8839e-06
379.8	5.017e-06
380.0	5.1538e-06
380.2	5.2944e-06
380.4	5.4387e-06
380.6	5.587e-06
380.8	5.7394e-06
381.0	5.8959e-06
381.2	6.0566e-06
381.4	6.2218e-06
381.6	6.3914e-06
381.8	6.5657e-06
382.0	6.4693e-06
382.2	6.3604e-06
382.4	6.2533e-06
382.6	6.148e-06
382.8	6.0445e-06
383.0	5.9427e-06
383.2	5.8426e-06
383.4	5.7442e-06
383.6	5.6475e-06
383.8	5.5524e-06
384.0	5.4589e-06
384.2	5.367e-06
384.4	5.2766e-06
384.6	5.1878e-06
384.8	5.1004e-06
385.0	5.0145e-06
385.2	4.9301e-06
385.4	4.8471e-06
385.6	4.7865e-06
385.8	4.7664e-06
386.0	4.7464e-06
386.2	4.7264e-06
386.4	4.7065e-06
386.6	4.6868e-06
386.8	4.6671e-06
387.0	4.6474e-06
387.2	4.6279e-06
387.4	4.6085e-06
387.6	4.5891e-06
387.8	4.5698e-06
388.0	4.5506e-06
388.2	4.5315e-06
388.4	4.5124e-06
388.6	4.4934e-06
388.8	4.4746e-06
389.0	4.4558e-06
389.2	4.437e-06
389.4	4.2573e-06
389.6	4.0346e-06
389.8	3.8236e-06
390.0	3.6236e-06
390.2	3.4341e-06
390.4	3.2545e-06
390.6	3.0842e-06
390.8	2.9229e-06
391.0	2.77e-06
391.2	2.6251e-06
391.4	2.4878e-06
391.6	2.3577e-06
391.8	2.2344e-06
392.0	2.1175e-06
392.2	2.1259e-06
392.4	2.1342e-06
392.6	2.1426e-06
392.8	2.1511e-06
393.0	2.1221e-06
393.2	2.0786e-06
393.4	2.036e-06
393.6	1.9943e-06
393.8	1.9534e-06
394.0	1.9134e-06
394.2	1.8742e-06
394.4	1.8357e-06
394.6	1.7981e-06
394.8	1.7613e-06
395.0	1.7252e-06
395.2	1.6898e-06
395.4	1.6552e-06
395.6	1.6213e-06
395.8	1.588e-06
396.0	1.5555e-06
396.2	1.5236e-06
396.4	1.4924e-06
396.6	1.4737e-06
396.8	1.5445e-06
397.0	1.6187e-06
397.2	1.6965e-06
397.4	1.778e-06
397.6	1.8635e-06
397.8	1.953e-06
398.0	2.0469e-06
398.2	2.1453e-06
398.4	2.2483e-06
398.6	2.3564e-06
398.8	2.4696e-06
399.0	2.5883e-06
399.2	2.7127e-06
399.4	2.843e-06
399.6	2.9797e-06
399.8	3.1229e-06
400.0	3.2729e-06
400.2	3.4302e-06
400.4	3.3314e-06
400.6	3.0322e-06
400.8	2.7598e-06
401.0	2.512e-06
401.2	2.2864e-06
401.4	2.081e-06
401.6	1.8941e-06
401.8	1.724e-06
402.0	1.5691e-06
402.2	1.4282e-06
402.4	1.2999e-06
402.6	1.1832e-06
402.8	1.0769e-06
403.0	9.8018e-07
403.2	8.9215e-07
403.4	8.1202e-07
403.6	7.3909e-07
403.8	6.7271e-07
404.0	6.1229e-07
404.2	5.8274e-07
404.4	5.5538e-07
404.6	5.2931e-07
404.8	5.0446e-07
405.0	4.8078e-07
405.2	4.5821e-07
405.4	4.367e-07
405.6	4.162e-07
405.8	3.9666e-07
406.0	3.7804e-07
406.2	3.6029e-07
406.4	3.4338e-07
406.6	3.2726e-07
406.8	3.119e-07
407.0	2.9725e-07
407.2	2.833e-07
407.4	2.7e-07
407.6	2.5732e-07
407.8	2.494e-07
408.0	2.4765e-07
408.2	2.4591e-07
408.4	2.4417e-07
408.6	2.4246e-07
408.8	2.4075e-07
409.0	2.3905e-07
409.2	2.3737e-07
409.4	2.357e-07
409.6	2.3404e-07
409.8	2.3239e-07
410.0	2.3076e-07
410.2	2.2913e-07
410.4	2.2752e-07
410.6	2.2592e-07
410.8	2.2433e-07
411.0	2.2275e-07
411.2	2.2118e-07
411.4	2.1962e-07
411.6	2.2021e-07
411.8	2.2114e-07
412.0	2.2208e-07
412.2	2.2303e-07
412.4	2.2397e-07
412.6	2.2493e-07
412.8	2.2588e-07
413.0	2.2684e-07
413.2	2.278e-07
413.4	2.2877e-07
413.6	2.2974e-07
413.8	2.3072e-07
414.0	2.317e-07
414.2	2.3268e-07
414.4	2.3367e-07
414.6	2.3466e-07
414.8	2.3566e-07
415.0	2.3666e-07
415.2	2.4705e-07
415.4	2.8001e-07
415.6	3.1736e-07
415.8	3.597e-07
416.0	4.0769e-07
416.2	4.6207e-07
416.4	5.2372e-07
416.6	5.9359e-07
416.8	6.7278e-07
417.0	7.6253e-07
417.2	8.6426e-07
417.4	9.7956e-07
417.6	1.1102e-06
417.8	1.2584e-06
418.0	1.4262e-06
418.2	1.6165e-06
418.4	1.8321e-06
418.6	2.0766e-06
418.8	2.3536e-06
419.0	2.3764e-06
419.2	2.3268e-06
419.4	2.2783e-06
419.6	2.2308e-06
419.8	2.1843e-06
420.0	2.1387e-06
420.2	2.0941e-06
420.4	2.0504e-06
420.6	2.0076e-06
420.8	1.9658e-06
421.0	1.9248e-06
421.2	1.8846e-06
421.4	1.8453e-06
421.6	1.8068e-06
421.8	1.7691e-06
422.0	1.7322e-06
422.2	1.6961e-06
422.4	1.6607e-06
422.6	1.5902e-06
422.8	1.4334e-06
423.0	1.2922e-06
423.2	1.1648e-06
423.4	1.05e-06
423.6	9.4651e-07
423.8	8.5322e-07
424.0	7.6912e-07
424.2	6.9332e-07
424.4	6.2498e-07
424.6	5.6338e-07
424.8	5.0786e-07
425.0	4.578e-07
425.2	4.1268e-07
425.4	3.72e-07
425.6	3.3534e-07
425.8	3.0229e-07
426.0	2.7249e-07
426.2	2.4564e-07
426.4	2.4768e-07
426.6	2.5875e-07
426.8	2.703e-07
427.0	2.8237e-07
427.2	3.1351e-07
427.4	3.4808e-07
427.6	3.8646e-07
427.8	4.2907e-07
428.0	4.7638e-07
428.2	5.2891e-07
428.4	5.8724e-07
428.6	6.5199e-07
428.8	7.2388e-07
429.0	8.037e-07
429.2	8.9232e-07
429.4	9.9071e-07
429.6	1.1e-06
429.8	1.2212e-06
430.0	1.3559e-06
430.2	1.4231e-06
430.4	1.3057e-06
430.6	1.198e-06
430.8	1.0992e-06
431.0	1.0085e-06
431.2	9.2531e-07
431.4	8.4899e-07
431.6	7.7896e-07
431.8	7.147e-07
432.0	6.5575e-07
432.2	6.0166e-07
432.4	5.5203e-07
432.6	5.065e-07
432.8	4.6472e-07
433.0	4.2638e-07
433.2	3.9121e-07
433.4	3.5894e-07
433.6	3.2934e-07
433.8	3.0217e-07
434.0	2.954e-07
434.2	2.9546e-07
434.4	2.9552e-07
434.6	2.9557e-07
434.8	2.9563e-07
435.0	2.9569e-07
435.2	2.9575e-07
435.4	2.9581e-07
435.6	2.9587e-07
435.8	2.9593e-07
436.0	2.9599e-07
436.2	2.9604e-07
436.4	2.961e-07
436.6	2.9616e-07
436.8	2.9622e-07
437.0	2.9628e-07
437.2	2.9634e-07
437.4	2.964e-07
437.6	3.0243e-07
437.8	3.3598e-07
438.0	3.7324e-07
438.2	4.1464e-07
438.4	4.6063e-07
438.6	5.1173e-07
438.8	5.6849e-07
439.0	6.3155e-07
439.2	7.016e-07
439.4	7.7942e-07
439.6	8.6587e-07
439.8	9.6192e-07
440.0	1.0686e-06
440.2	1.1871e-06
440.4	1.3188e-06
440.6	1.4651e-06
440.8	1.6276e-06
441.0	1.8082e-06
441.2	2.0087e-06
441.4	1.8841e-06
441.6	1.6132e-06
441.8	1.3813e-06
442.0	1.1827e-06
442.2	1.0127e-06
442.4	8.6707e-07
442.6	7.4241e-07
442.8	6.3568e-07
443.0	5.4429e-07
443.2	4.6604e-07
443.4	3.9904e-07
443.6	3.4167e-07
443.8	2.9255e-07
444.0	2.5049e-07
444.2	2.1448e-07
444.4	1.8364e-07
444.6	1.5724e-07
444.8	1.3463e-07
445.0	1.1875e-07
445.2	1.2892e-07
445.4	1.3995e-07
445.6	1.5194e-07
445.8	1.6495e-07
446.0	1.7907e-07
446.2	1.944e-07
446.4	2.1104e-07
446.6	2.2911e-07
446.8	2.4873e-07
447.0	2.7002e-07
447.2	2.9314e-07
447.4	3.1824e-07
447.6	3.4548e-07
447.8	3.7506e-07
448.0	4.0717e-07
448.2	4.4203e-07
448.4	4.7988e-07
448.6	5.2096e-07
448.8	5.6636e-07
449.0	6.1627e-07
449.2	6.7057e-07
449.4	7.2967e-07
449.6	7.9397e-07
449.8	8.6394e-07
450.0	9.4007e-07
450.2	1.0229e-06
450.4	1.1131e-06
450.6	1.2111e-06
450.8	1.3179e-06
451.0	1.434e-06
451.2	1.5604e-06
451.4	1.6979e-06
451.6	1.8475e-06
451.8	2.0103e-06
452.0	2.1875e-06
452.2	2.3802e-06
452.4	2.5751e-06
452.6	2.6449e-06
452.8	2.7165e-06
453.0	2.7901e-06
453.2	2.8657e-06
453.4	2.9433e-06
453.6	3.0231e-06
453.8	3.105e-06
454.0	3.1891e-06
454.2	3.2755e-06
454.4	3.3642e-06
454.6	3.4553e-06
454.8	3.5489e-06
455.0	3.6451e-06
455.2	3.7438e-06
455.4	3.8452e-06
455.6	3.9494e-06
455.8	4.0564e-06
456.0	4.1663e-06
456.2	4.2201e-06
456.4	4.2352e-06
456.6	4.2503e-06
456.8	4.2654e-06
457.0	4.2807e-06
457.2	4.2959e-06
457.4	4.3113e-06
457.6	4.3267e-06
457.8	4.3421e-06
458.0	4.3576e-06
458.2	4.3732e-06
458.4	4.3888e-06
458.6	4.4044e-06
458.8	4.4202e-06
459.0	4.4359e-06
459.2	4.4518e-06
459.4	4.4677e-06
459.6	4.4836e-06
459.8	4.4207e-06
460.0	3.8036e-06
460.2	3.2727e-06
460.4	2.8159e-06
460.6	2.4229e-06
460.8	2.0847e-06
461.0	1.7937e-06
461.2	1.5434e-06
461.4	1.328e-06
461.6	1.1426e-06
461.8	9.8312e-07
462.0	8.459e-07
462.2	7.2783e-07
462.4	6.2624e-07
462.6	5.3883e-07
462.8	4.6362e-07
463.0	3.9891e-07
463.2	3.4323e-07
463.4	2.9533e-07
463.6	2.855e-07
463.8	2.9469e-07
464.0	3.0418e-07
464.2	3.1398e-07
464.4	3.2409e-07
464.6	3.3452e-07
464.8	3.453e-07
465.0	3.5641e-07
465.2	3.6789e-07
465.4	3.7974e-07
465.6	3.9196e-07
465.8	4.0458e-07
466.0	4.1761e-07
466.2	4.3106e-07
466.4	4.4494e-07
466.6	4.5927e-07
466.8	4.7406e-07
467.0	4.8932e-07
467.2	4.989e-07
467.4	4.8e-07
467.6	4.6182e-07
467.8	4.4432e-07
468.0	4.2749e-07
468.2	4.4779e-07
468.4	4.6905e-07
468.6	4.9132e-07
468.8	5.1465e-07
469.0	5.3908e-07
469.2	5.6468e-07
469.4	5.9149e-07
469.6	6.1957e-07
469.8	6.4899e-07
470.0	6.7981e-07
470.2	7.1208e-07
470.4	7.4589e-07
470.6	7.686e-07
470.8	7.5931e-07
471.0	7.5014e-07
471.2	7.4107e-07
471.4	7.3211e-07
471.6	7.2326e-07
471.8	7.1452e-07
472.0	7.0589e-07
472.2	6.9736e-07
472.4	6.8893e-07
472.6	6.806e-07
472.8	6.7237e-07
473.0	6.6425e-07
473.2	6.5622e-07
473.4	6.4829e-07
473.6	6.4045e-07
473.8	6.3271e-07
474.0	6.2506e-07
474.2	6.1751e-07
474.4	6.2906e-07
474.6	6.464e-07
474.8	6.6422e-07
475.0	6.8253e-07
475.2	7.0135e-07
475.4	7.2068e-07
475.6	7.4054e-07
475.8	7.6096e-07
476.0	7.8193e-07
476.2	8.0349e-07
476.4	8.2564e-07
476.6	8.484e-07
476.8	8.7178e-07
477.0	8.9582e-07
477.2	9.2051e-07
477.4	9.4588e-07
477.6	9.7196e-07
477.8	9.9875e-07
478.0	1.0169e-06
478.2	1.0119e-06
478.4	1.0069e-06
478.6	1.0019e-06
478.8	9.9689e-07
479.0	9.9194e-07
479.2	9.8702e-07
479.4	9.8212e-07
479.6	9.7725e-07
479.8	9.724e-07
480.0	9.6758e-07
480.2	9.6278e-07
480.4	9.58e-07
480.6	9.5325e-07
480.8	9.4852e-07
481.0	9.4381e-07
481.2	9.3913e-07
481.4	9.3447e-07
481.6	9.2984e-07
481.8	8.4294e-07
482.0	7.4712e-07
482.2	6.6219e-07
482.4	5.8691e-07
482.6	5.2019e-07
482.8	4.6106e-07
483.0	4.0864e-07
483.2	3.6219e-07
483.4	3.2102e-07
483.6	2.8452e-07
483.8	2.5218e-07
484.0	2.2351e-07
484.2	1.981e-07
484.4	1.7558e-07
484.6	1.5562e-07
484.8	1.3793e-07
485.0	1.2225e-07
485.2	1.0836e-07
485.4	1.0e-07
485.6	1.0e-07
485.8	1.0e-07
486.0	1.0e-07
486.2	1.0e-07
486.4	1.0e-07
486.6	1.0e-07
486.8	1.0e-07
487.0	1.0e-07
487.2	1.0e-07
487.4	1.0e-07
487.6	1.0e-07
487.8	1.0e-07
488.0	1.0e-07
488.2	1.0e-07
488.4	1.0e-07
488.6	1.0e-07
488.8	1.0e-07
489.0	1.0e-07
489.2	1.0e-07
489.4	1.0e-07
489.6	1.0e-07
489.8	1.0e-07
490.0	1.0e-07
490.2	1.0e-07
490.4	1.0e-07
490.6	1.0e-07
490.8	1.0e-07
491.0	1.0e-07
491.2	1.0e-07
491.4	1.0e-07
491.6	1.0e-07
491.8	1.0e-07
492.0	1.0e-07
492.2	1.0e-07
492.4	1.0e-07
492.6	1.0e-07
492.8	1.0e-07
493.0	1.0e-07
493.2	1.0e-07
493.4	1.0e-07
493.6	1.0e-07
493.8	1.0e-07
494.0	1.0e-07
494.2	1.0e-07
494.4	1.0e-07
494.6	1.0e-07
494.8	1.0e-07
495.0	1.0e-07
495.2	1.0e-07
495.4	1.0e-07
495.6	1.0e-07
495.8	1.0e-07
496.0	1.0e-07
496.2	1.0e-07
496.4	1.0e-07
496.6	1.0e-07
496.8	1.0e-07
497.0	1.0e-07
497.2	1.0e-07
497.4	1.0e-07
497.6	1.0e-07
497.8	1.0e-07
498.0	1.0e-07
498.2	1.0e-07
498.4	1.0e-07
498.6	1.0e-07
498.8	1.0e-07
499.0	1.0e-07
499.2	1.0e-07
499.4	1.0e-07
499.6	1.0e-07
499.8	1.0e-07
500.0	1.0e-07
500.2	1.0e-07
500.4	1.0e-07
500.6	1.0e-07
500.8	1.0e-07
501.0	1.0e-07
501.2	1.0e-07
501.4	1.0e-07
501.6	1.0e-07
501.8	1.0e-07
502.0	1.0e-07
502.2	1.0e-07
502.4	1.0e-07
502.6	1.0e-07
502.8	1.0e-07
503.0	1.0e-07
503.2	1.0e-07
503.4	1.0e-07
503.6	1.0e-07
503.8	1.0e-07
504.0	1.0e-07
504.2	1.0e-07
504.4	1.0e-07
504.6	1.0e-07
504.8	1.0e-07
505.0	1.0e-07
505.2	1.0e-07
505.4	1.0e-07
505.6	1.0e-07
505.8	1.0e-07
506.0	1.0e-07
506.2	1.0e-07
506.4	1.0e-07
506.6	1.0e-07
506.8	1.0e-07
507.0	1.0e-07
507.2	1.0e-07
507.4	1.0e-07
507.6	1.0e-07
507.8	1.0e-07
508.0	1.0e-07
508.2	1.0e-07
508.4	1.0e-07
508.6	1.0e-07
508.8	1.0e-07
509.0	1.0e-07
509.2	1.0e-07
509.4	1.0e-07
509.6	1.0e-07
509.8	1.0e-07
510.0	1.0e-07
510.2	1.0e-07
510.4	1.0e-07
510.6	1.0e-07
510.8	1.0e-07
511.0	1.0e-07
511.2	1.0e-07
511.4	1.0e-07
511.6	1.0e-07
511.8	1.0e-07
512.0	1.0e-07
512.2	1.0e-07
512.4	1.0e-07
512.6	1.0e-07
512.8	1.0e-07
513.0	1.0e-07
513.2	1.0e-07
513.4	1.0e-07
513.6	1.0e-07
513.8	1.0e-07
514.0	1.0e-07
514.2	1.0e-07
514.4	1.0e-07
514.6	1.0e-07
514.8	1.0e-07
515.0	1.0e-07
515.2	1.0e-07
515.4	1.0e-07
515.6	1.0e-07
515.8	1.0e-07
516.0	1.0e-07
516.2	1.0e-07
516.4	1.0e-07
516.6	1.0e-07
516.8	1.0e-07
517.0	1.0e-07
517.2	1.0e-07
517.4	1.0e-07
517.6	1.0e-07
517.8	1.0e-07
518.0	1.0e-07
518.2	1.0e-07
518.4	1.0e-07
518.6	1.0e-07
518.8	1.0e-07
519.0	1.0e-07
519.2	1.0e-07
519.4	1.0021e-07
519.6	1.0045e-07
519.8	1.0069e-07
520.0	1.0093e-07
520.2	1.0117e-07
520.4	1.0141e-07
520.6	1.0165e-07
520.8	1.0189e-07
521.0	1.0213e-07
521.2	1.0238e-07
521.4	1.0262e-07
521.6	1.0287e-07
521.8	1.0311e-07
522.0	1.0336e-07
522.2	1.036e-07
522.4	1.0385e-07
522.6	1.041e-07
522.8	1.0434e-07
523.0	1.0444e-07
523.2	1.0433e-07
523.4	1.0422e-07
523.6	1.0411e-07
523.8	1.04e-07
524.0	1.039e-07
524.2	1.0379e-07
524.4	1.0368e-07
524.6	1.0357e-07
524.8	1.0346e-07
525.0	1.0336e-07
525.2	1.0325e-07
525.4	1.0314e-07
525.6	1.0304e-07
525.8	1.0293e-07
526.0	1.0282e-07
526.2	1.0272e-07
526.4	1.0261e-07
526.6	1.025e-07
526.8	1.0237e-07
527.0	1.0223e-07
527.2	1.0209e-07
527.4	1.0195e-07
527.6	1.0182e-07
527.8	1.0168e-07
528.0	1.0154e-07
528.2	1.0141e-07
528.4	1.0127e-07
528.6	1.0114e-07
528.8	1.01e-07
529.0	1.0086e-07
529.2	1.0073e-07
529.4	1.0059e-07
529.6	1.0046e-07
529.8	1.0032e-07
530.0	1.0019e-07
530.2	1.0006e-07
530.4	1.0091e-07
530.6	1.0247e-07
530.8	1.0406e-07
531.0	1.0568e-07
531.2	1.0732e-07
531.4	1.0899e-07
531.6	1.1068e-07
531.8	1.124e-07
532.0	1.1414e-07
532.2	1.1591e-07
532.4	1.1771e-07
532.6	1.1954e-07
532.8	1.214e-07
533.0	1.2328e-07
533.2	1.252e-07
533.4	1.2714e-07
533.6	1.2911e-07
533.8	1.3112e-07
534.0	1.3281e-07
534.2	1.3288e-07
534.4	1.3295e-07
534.6	1.3302e-07
534.8	1.3309e-07
535.0	1.3316e-07
535.2	1.3323e-07
535.4	1.333e-07
535.6	1.3337e-07
535.8	1.3344e-07
536.0	1.3351e-07
536.2	1.3358e-07
536.4	1.3365e-07
536.6	1.3372e-07
536.8	1.3379e-07
537.0	1.3386e-07
537.2	1.3393e-07
537.4	1.34e-07
537.6	1.3407e-07
537.8	1.3698e-07
538.0	1.4084e-07
538.2	1.448e-07
538.4	1.4887e-07
538.6	1.5306e-07
538.8	1.5737e-07
539.0	1.618e-07
539.2	1.6635e-07
539.4	1.7103e-07
539.6	1.7584e-07
539.8	1.8079e-07
540.0	1.8588e-07
540.2	1.911e-07
540.4	1.9648e-07
540.6	2.0201e-07
540.8	2.0769e-07
541.0	2.1354e-07
541.2	2.1954e-07
541.4	2.2248e-07
541.6	2.2018e-07
541.8	2.1791e-07
542.0	2.1566e-07
542.2	2.1343e-07
542.4	2.1123e-07
542.6	2.0905e-07
542.8	2.0689e-07
543.0	2.0475e-07
543.2	2.0123e-07
543.4	1.9776e-07
543.6	1.9436e-07
543.8	1.9101e-07
544.0	1.8772e-07
544.2	1.8449e-07
544.4	1.8131e-07
544.6	1.7878e-07
544.8	1.7871e-07
545.0	1.7864e-07
545.2	1.7857e-07
545.4	1.785e-07
545.6	1.7842e-07
545.8	1.7835e-07
546.0	1.7828e-07
546.2	1.7821e-07
546.4	1.7814e-07
546.6	1.7553e-07
546.8	1.7283e-07
547.0	1.7018e-07
547.2	1.6757e-07
547.4	1.65e-07
547.6	1.6247e-07
547.8	1.5997e-07
548.0	1.5752e-07
548.2	1.551e-07
548.4	1.5867e-07
548.6	1.6482e-07
548.8	1.712e-07
549.0	1.7782e-07
549.2	1.8471e-07
549.4	1.9186e-07
549.6	1.9929e-07
549.8	2.07e-07
550.0	2.1501e-07
550.2	2.1934e-07
550.4	2.1943e-07
550.6	2.1951e-07
550.8	2.196e-07
551.0	2.1968e-07
551.2	2.1977e-07
551.4	2.1985e-07
551.6	2.1994e-07
551.8	2.2002e-07
552.0	2.1912e-07
552.2	2.1523e-07
552.4	2.1141e-07
552.6	2.0765e-07
552.8	2.0396e-07
553.0	2.0034e-07
553.2	1.9678e-07
553.4	1.9329e-07
553.6	1.8986e-07
553.8	1.864e-07
554.0	1.776e-07
554.2	1.6921e-07
554.4	1.6121e-07
554.6	1.536e-07
554.8	1.4634e-07
555.0	1.3943e-07
555.2	1.3285e-07
555.4	1.2657e-07
555.6	1.2059e-07
555.8	1.149e-07
556.0	1.0947e-07
556.2	1.043e-07
556.4	1.0e-07
556.6	1.0e-07
556.8	1.0e-07
557.0	1.0e-07
557.2	1.0e-07
557.4	1.0e-07
557.6	1.0e-07
557.8	1.0e-07
558.0	1.0e-07
558.2	1.0e-07
558.4	1.0e-07
558.6	1.0e-07
558.8	1.0e-07
559.0	1.0e-07
559.2	1.0e-07
559.4	1.0e-07
559.6	1.0e-07
559.8	1.0e-07
560.0	1.0e-07
560.2	1.0e-07
560.4	1.0e-07
560.6	1.0e-07
560.8	1.0e-07
561.0	1.0e-07
561.2	1.0e-07
561.4	1.0e-07
561.6	1.0e-07
561.8	1.0e-07
562.0	1.0e-07
562.2	1.0e-07
562.4	1.0e-07
562.6	1.0e-07
562.8	1.0e-07
563.0	1.0e-07
563.2	1.0e-07
563.4	1.0e-07
563.6	1.0e-07
563.8	1.0e-07
564.0	1.0e-07
564.2	1.0e-07
564.4	1.0e-07
564.6	1.0e-07
564.8	1.0e-07
565.0	1.0e-07
565.2	1.0e-07
565.4	1.0e-07
565.6	1.0e-07
565.8	1.0e-07
566.0	1.0e-07
566.2	1.0e-07
566.4	1.0e-07
566.6	1.0e-07
566.8	1.0e-07
567.0	1.0e-07
567.2	1.0e-07
567.4	1.0e-07
567.6	1.0e-07
567.8	1.0e-07
568.0	1.0e-07
568.2	1.0e-07
568.4	1.0e-07
568.6	1.0e-07
568.8	1.0e-07
569.0	1.0e-07
569.2	1.0e-07
569.4	1.0e-07
569.6	1.0e-07
569.8	1.0e-07
570.0	1.0e-07
570.2	1.0e-07
570.4	1.0e-07
570.6	1.0e-07
570.8	1.0e-07
571.0	1.0e-07
571.2	1.0e-07
571.4	1.0e-07
571.6	1.0e-07
571.8	1.0e-07
572.0	1.0e-07
572.2	1.0e-07
572.4	1.0e-07
572.6	1.0e-07
572.8	1.0e-07
573.0	1.0e-07
573.2	1.0e-07
573.4	1.0e-07
573.6	1.0e-07
573.8	1.0e-07
574.0	1.0e-07
574.2	1.0e-07
574.4	1.0e-07
574.6	1.0e-07
574.8	1.0e-07
575.0	1.0e-07
575.2	1.0e-07
575.4	1.0e-07
575.6	1.0e-07
575.8	1.0e-07
576.0	1.0e-07
576.2	1.0e-07
576.4	1.0e-07
576.6	1.0e-07
576.8	1.0e-07
577.0	1.0e-07
577.2	1.0e-07
577.4	1.0e-07
577.6	1.0e-07
577.8	1.0e-07
578.0	1.0e-07
578.2	1.0e-07
578.4	1.0e-07
578.6	1.0e-07
578.8	1.0e-07
579.0	1.0e-07
579.2	1.0e-07
579.4	1.0e-07
579.6	1.0e-07
579.8	1.0e-07
580.0	1.0e-07
580.2	1.0e-07
580.4	1.0e-07
580.6	1.0e-07
580.8	1.0e-07
581.0	1.0e-07
581.2	1.0e-07
581.4	1.0e-07
581.6	1.0e-07
581.8	1.0e-07
582.0	1.0e-07
582.2	1.0e-07
582.4	1.0e-07
582.6	1.0e-07
582.8	1.0e-07
583.0	1.0e-07
583.2	1.0e-07
583.4	1.0e-07
583.6	1.0e-07
583.8	1.0e-07
584.0	1.0e-07
584.2	1.0e-07
584.4	1.0e-07
584.6	1.0e-07
584.8	1.0e-07
585.0	1.0e-07
585.2	1.0e-07
585.4	1.0e-07
585.6	1.0e-07
585.8	1.0e-07
586.0	1.0e-07
586.2	1.0e-07
586.4	1.0e-07
586.6	1.0e-07
586.8	1.0e-07
587.0	1.0e-07
587.2	1.0e-07
587.4	1.0e-07
587.6	1.0e-07
587.8	1.0e-07
588.0	1.0e-07
588.2	1.0e-07
588.4	1.0e-07
588.6	1.0e-07
588.8	1.0e-07
589.0	1.0e-07
589.2	1.0e-07
589.4	1.0005e-07
589.6	1.0013e-07
589.8	1.0022e-07
590.0	1.003e-07
590.2	1.0039e-07
590.4	1.0047e-07
590.6	1.0056e-07
590.8	1.0064e-07
591.0	1.0073e-07
591.2	1.0081e-07
591.4	1.009e-07
591.6	1.0098e-07
591.8	1.0107e-07
592.0	1.0115e-07
592.2	1.0124e-07
592.4	1.0133e-07
592.6	1.0141e-07
592.8	1.015e-07
593.0	1.0158e-07
593.2	1.0167e-07
593.4	1.0176e-07
593.6	1.0184e-07
593.8	1.0193e-07
594.0	1.0202e-07
594.2	1.021e-07
594.4	1.0201e-07
594.6	1.0192e-07
594.8	1.0184e-07
595.0	1.0175e-07
595.2	1.0167e-07
595.4	1.0158e-07
595.6	1.0149e-07
595.8	1.0141e-07
596.0	1.0132e-07
596.2	1.0124e-07
596.4	1.0115e-07
596.6	1.0106e-07
596.8	1.0098e-07
597.0	1.0089e-07
597.2	1.0081e-07
597.4	1.0072e-07
597.6	1.0064e-07
597.8	1.0055e-07
598.0	1.0047e-07
598.2	1.0038e-07
598.4	1.003e-07
598.6	1.0021e-07
598.8	1.0013e-07
599.0	1.0004e-07
599.2	1.0011e-07
599.4	1.0033e-07
599.6	1.0055e-07
599.8	1.0077e-07
600.0	1.0099e-07
600.2	1.0121e-07
600.4	1.0143e-07
600.6	1.0165e-07
600.8	1.0187e-07
601.0	1.0209e-07
601.2	1.0232e-07
601.4	1.0254e-07
601.6	1.0276e-07
601.8	1.0299e-07
602.0	1.0321e-07
602.2	1.0344e-07
602.4	1.0366e-07
602.6	1.0389e-07
602.8	1.0411e-07
603.0	1.0434e-07
603.2	1.0457e-07
603.4	1.048e-07
603.6	1.0502e-07
603.8	1.0525e-07
604.0	1.0547e-07
604.2	1.0517e-07
604.4	1.0487e-07
604.6	1.0457e-07
604.8	1.0428e-07
605.0	1.0398e-07
605.2	1.0368e-07
605.4	1.0339e-07
605.6	1.0309e-07
605.8	1.028e-07
606.0	1.0251e-07
606.2	1.0222e-07
606.4	1.0193e-07
606.6	1.0164e-07
606.8	1.0135e-07
607.0	1.0106e-07
607.2	1.0077e-07
607.4	1.0049e-07
607.6	1.002e-07
607.8	1.0025e-07
608.0	1.0111e-07
608.2	1.0197e-07
608.4	1.0284e-07
608.6	1.0372e-07
608.8	1.0461e-07
609.0	1.055e-07
609.2	1.064e-07
609.4	1.0731e-07
609.6	1.0823e-07
609.8	1.0915e-07
610.0	1.1009e-07
610.2	1.1103e-07
610.4	1.1198e-07
610.6	1.1293e-07
610.8	1.139e-07
611.0	1.1487e-07
611.2	1.1585e-07
611.4	1.1975e-07
611.6	1.2468e-07
611.8	1.2983e-07
612.0	1.3518e-07
612.2	1.4075e-07
612.4	1.4656e-07
612.6	1.526e-07
612.8	1.5889e-07
613.0	1.6544e-07
613.2	1.7227e-07
613.4	1.7937e-07
613.6	1.8679e-07
613.8	2.0051e-07
614.0	2.1523e-07
614.2	2.3104e-07
614.4	2.48e-07
614.6	2.6621e-07
614.8	2.8576e-07
615.0	3.0674e-07
615.2	1.0e-07
615.4	1.6684e-07
615.6	1.0e-07
615.8	1.2458e-07
616.0	2.9703e-07
616.2	5.5052e-07
616.4	3.9675e-07
616.6	1.7482e-07
616.8	6.0139e-07
617.0	8.3876e-07
617.2	3.2346e-07
617.4	8.2997e-07
617.6	6.7754e-07
617.8	6.2449e-07
618.0	6.6462e-07
618.2	8.8604e-07
618.4	9.4768e-07
618.6	9.6627e-07
618.8	1.6973e-06
619.0	1.3993e-06
619.2	2.0051e-06
619.4	2.2207e-06
619.6	2.4465e-06
619.8	3.0653e-06
620.0	3.715e-06
620.2	3.4981e-06
620.4	4.1755e-06
620.6	5.2151e-06
620.8	6.3028e-06
621.0	6.503e-06
621.2	8.3882e-06
621.4	8.7733e-06
621.6	1.059e-05
621.8	1.2821e-05
622.0	1.4398e-05
622.2	1.8238e-05
622.4	1.997e-05
622.6	2.4357e-05
622.8	2.9616e-05
623.0	3.4146e-05
623.2	4.1192e-05
623.4	4.6956e-05
623.6	5.856e-05
623.8	6.9053e-05
624.0	8.5143e-05
624.2	9.9994e-05
624.4	1.1856e-04
624.6	1.4469e-04
624.8	1.8222e-04
625.0	2.2405e-04
625.2	2.7496e-04
625.4	3.3893e-04
625.6	4.2009e-04
625.8	5.2586e-04
626.0	6.7396e-04
626.2	8.282e-04
626.4	0.00102
626.6	0.00128
626.8	0.00166
627.0	0.00215
627.2	0.00275
627.4	0.00348
627.6	0.00446
627.8	0.00578
628.0	0.00784
628.2	0.01023
628.4	0.01352
628.6	0.01787
628.8	0.02403
629.0	0.03285
629.2	0.04518
629.4	0.07156
629.6	0.09831
629.8	0.13536
630.0	0.18673
630.2	0.2563
630.4	0.34541
630.6	0.4522
630.8	0.63275
631.0	0.74376
631.2	0.837
631.4	0.9026
631.6	0.94432
631.8	0.96684
632.0	0.97654
632.2	0.97919
632.4	0.97847
632.6	0.97778
632.8	0.97635
633.0	0.9751
633.2	0.97462
633.4	0.97495
633.6	0.97522
633.8	0.97579
634.0	0.97611
634.2	0.97611
634.4	0.97612
634.6	0.97521
634.8	0.97448
635.0	0.97363
635.2	0.97253
635.4	0.97211
635.6	0.972
635.8	0.97181
636.0	0.97177
636.2	0.97177
636.4	0.97243
636.6	0.97278
636.8	0.97419
637.0	0.97533
637.2	0.97676
637.4	0.97784
637.6	0.97897
637.8	0.98027
638.0	0.98059
638.2	0.98171
638.4	0.982
638.6	0.98179
638.8	0.98185
639.0	0.98189
639.2	0.98199
639.4	0.98084
639.6	0.98054
639.8	0.97943
640.0	0.97907
640.2	0.97807
640.4	0.97788
640.6	0.97731
640.8	0.97662
641.0	0.97659
641.2	0.97658
641.4	0.97678
641.6	0.97705
641.8	0.97693
642.0	0.97755
642.2	0.97769
642.4	0.97846
642.6	0.97921
642.8	0.97981
643.0	0.98024
643.2	0.98073
643.4	0.98121
643.6	0.98128
643.8	0.98204
644.0	0.98234
644.2	0.98242
644.4	0.98273
644.6	0.98296
644.8	0.98323
645.0	0.98361
645.2	0.98359
645.4	0.98375
645.6	0.98349
645.8	0.98351
646.0	0.98376
646.2	0.98307
646.4	0.98339
646.6	0.98343
646.8	0.98307
647.0	0.9826
647.2	0.98259
647.4	0.98183
647.6	0.98204
647.8	0.98078
648.0	0.98066
648.2	0.98053
648.4	0.97976
648.6	0.97927
648.8	0.97894
649.0	0.9787
649.2	0.9781
649.4	0.97822
649.6	0.97766
649.8	0.97774
650.0	0.97796
650.2	0.97843
650.4	0.97913
650.6	0.98006
650.8	0.98048
651.0	0.98059
651.2	0.98157
651.4	0.98229
651.6	0.98266
651.8	0.98374
652.0	0.98396
652.2	0.98457
652.4	0.98544
652.6	0.98512
652.8	0.98508
653.0	0.98459
653.2	0.98426
653.4	0.98382
653.6	0.98344
653.8	0.98242
654.0	0.98196
654.2	0.98159
654.4	0.98081
654.6	0.98034
654.8	0.97971
655.0	0.97821
655.2	0.97858
655.4	0.97798
655.6	0.97732
655.8	0.9773
656.0	0.97734
656.2	0.97727
656.4	0.97739
656.6	0.97756
656.8	0.97729
657.0	0.97717
657.2	0.97697
657.4	0.97677
657.6	0.97619
657.8	0.9763
658.0	0.97611
658.2	0.97606
658.4	0.97594
658.6	0.97535
658.8	0.97515
659.0	0.97471
659.2	0.97497
659.4	0.97464
659.6	0.97474
659.8	0.97534
660.0	0.97582
660.2	0.97633
660.4	0.97637
660.6	0.97704
660.8	0.97831
661.0	0.97973
661.2	0.98085
661.4	0.98098
661.6	0.98239
661.8	0.98256
662.0	0.98422
662.2	0.9849
662.4	0.98524
662.6	0.98523
662.8	0.98544
663.0	0.98526
663.2	0.98556
663.4	0.98499
663.6	0.98494
663.8	0.98499
664.0	0.9843
664.2	0.98361
664.4	0.98397
664.6	0.98278
664.8	0.98264
665.0	0.98238
665.2	0.98244
665.4	0.98147
665.6	0.98143
665.8	0.98103
666.0	0.98098
666.2	0.98044
666.4	0.97982
666.6	0.97962
666.8	0.97946
667.0	0.97854
667.2	0.97815
667.4	0.97762
667.6	0.97677
667.8	0.97621
668.0	0.97571
668.2	0.97579
668.4	0.97551
668.6	0.97527
668.8	0.97499
669.0	0.9755
669.2	0.97551
669.4	0.97641
669.6	0.97716
669.8	0.97804
670.0	0.97808
670.2	0.97826
670.4	0.97856
670.6	0.97889
670.8	0.97862
671.0	0.97842
671.2	0.97783
671.4	0.97771
671.6	0.97749
671.8	0.97683
672.0	0.97684
672.2	0.97716
672.4	0.97658
672.6	0.97744
672.8	0.97817
673.0	0.97855
673.2	0.97929
673.4	0.97945
673.6	0.97993
673.8	0.98029
674.0	0.98011
674.2	0.97968
674.4	0.97874
674.6	0.97814
674.8	0.97735
675.0	0.97642
675.2	0.97561
675.4	0.97529
675.6	0.97529
675.8	0.9756
676.0	0.97531
676.2	0.97541
676.4	0.97423
676.6	0.97276
676.8	0.97099
677.0	0.96992
677.2	0.96854
677.4	0.96802
677.6	0.96452
677.8	0.94691
678.0	0.89777
678.2	0.79637
678.4	0.68267
678.6	0.50149
678.8	0.33178
679.0	0.20349
679.2	0.12129
679.4	0.0711
679.6	0.04254
679.8	0.0217
680.0	0.01324
680.2	0.00822
680.4	0.00521
680.6	0.00335
680.8	0.00218
681.0	0.00143
681.2	9.3173e-04
681.4	6.1691e-04
681.6	4.198e-04
681.8	2.8923e-04
682.0	2.0371e-04
682.2	1.4403e-04
682.4	9.4697e-05
682.6	6.9691e-05
682.8	4.8992e-05
683.0	3.4703e-05
683.2	2.5161e-05
683.4	1.8748e-05
683.6	1.323e-05
683.8	9.0918e-06
684.0	7.6055e-06
684.2	4.699e-06
684.4	3.2331e-06
684.6	2.2934e-06
684.8	1.288e-06
685.0	5.356e-07
685.2	4.4306e-07
685.4	5.6334e-07
685.6	4.4489e-07
685.8	6.9514e-07
686.0	1.8e-07
686.2	1.7382e-07
686.4	1.7426e-07
686.6	1.7465e-07
686.8	1.7444e-07
687.0	1.7398e-07
687.2	1.737e-07
687.4	1.7355e-07
687.6	1.7356e-07
687.8	1.7394e-07
688.0	2.4755e-07
688.2	1.738e-07
688.4	1.7325e-07
688.6	1.7349e-07
688.8	1.7417e-07
689.0	1.7422e-07
689.2	1.7356e-07
689.4	1.7375e-07
689.6	1.7383e-07
689.8	1.7394e-07
690.0	1.7431e-07
690.2	1.7461e-07
690.4	1.7408e-07
690.6	1.735e-07
690.8	1.7355e-07
691.0	1.7354e-07
691.2	1.7351e-07
691.4	2.7748e-07
691.6	1.7382e-07
691.8	1.7377e-07
692.0	1.7355e-07
692.2	1.735e-07
692.4	1.7368e-07
692.6	1.7433e-07
692.8	1.7425e-07
693.0	1.738e-07
693.2	1.7339e-07
693.4	1.7322e-07
693.6	1.7364e-07
693.8	2.0169e-07
694.0	2.6692e-07
694.2	2.54e-07
694.4	2.417e-07
694.6	2.3e-07
694.8	2.1886e-07
695.0	2.0826e-07
695.2	1.9818e-07
695.4	1.8977e-07
695.6	1.8302e-07
695.8	1.765e-07
696.0	1.7022e-07
696.2	1.6416e-07
696.4	1.5832e-07
696.6	1.5268e-07
696.8	1.4724e-07
697.0	1.42e-07
697.2	1.3695e-07
697.4	1.3207e-07
697.6	1.2737e-07
697.8	1.2284e-07
698.0	1.1846e-07
698.2	1.1425e-07
698.4	1.1018e-07
698.6	1.0626e-07
698.8	1.0265e-07
699.0	1.0325e-07
699.2	1.0386e-07
699.4	1.0448e-07
699.6	1.0509e-07
699.8	1.0572e-07
700.0	1.0634e-07
700.2	1.0697e-07
700.4	1.076e-07
700.6	1.0824e-07
700.8	1.0887e-07
701.0	1.0952e-07
701.2	1.1016e-07
701.4	1.1082e-07
701.6	1.1147e-07
701.8	1.1213e-07
702.0	1.1279e-07
702.2	1.1346e-07
702.4	1.1413e-07
702.6	1.148e-07
702.8	1.1548e-07
703.0	1.1616e-07
703.2	1.1685e-07
703.4	1.1754e-07
703.6	1.1823e-07
703.8	1.1829e-07
704.0	1.1777e-07
704.2	1.1725e-07
704.4	1.1673e-07
704.6	1.1622e-07
704.8	1.157e-07
705.0	1.1519e-07
705.2	1.1469e-07
705.4	1.1418e-07
705.6	1.1368e-07
705.8	1.1318e-07
706.0	1.1268e-07
706.2	1.1218e-07
706.4	1.1169e-07
706.6	1.1119e-07
706.8	1.107e-07
707.0	1.1022e-07
707.2	1.0973e-07
707.4	1.0925e-07
707.6	1.0876e-07
707.8	1.0829e-07
708.0	1.0781e-07
708.2	1.0733e-07
708.4	1.0686e-07
708.6	1.0639e-07
708.8	1.0612e-07
709.0	1.0585e-07
709.2	1.0559e-07
709.4	1.0532e-07
709.6	1.0505e-07
709.8	1.0479e-07
710.0	1.0452e-07
710.2	1.0426e-07
710.4	1.04e-07
710.6	1.0373e-07
710.8	1.0347e-07
711.0	1.0321e-07
711.2	1.0295e-07
711.4	1.0269e-07
711.6	1.0243e-07
711.8	1.0217e-07
712.0	1.0191e-07
712.2	1.0165e-07
712.4	1.014e-07
712.6	1.0114e-07
712.8	1.0088e-07
713.0	1.0063e-07
713.2	1.0038e-07
713.4	1.0012e-07
713.6	1.0e-07
713.8	1.0e-07
714.0	1.0e-07
714.2	1.0e-07
714.4	1.0e-07
714.6	1.0e-07
714.8	1.0e-07
715.0	1.0e-07
715.2	1.0e-07
715.4	1.0e-07
715.6	1.0e-07
715.8	1.0e-07
716.0	1.0e-07
716.2	1.0e-07
716.4	1.0e-07
716.6	1.0e-07
716.8	1.0e-07
717.0	1.0e-07
717.2	1.0e-07
717.4	1.0e-07
717.6	1.0e-07
717.8	1.0e-07
718.0	1.0e-07
718.2	1.0e-07
718.4	1.0e-07
718.6	1.0e-07
718.8	1.0e-07
719.0	1.0e-07
719.2	1.0e-07
719.4	1.0e-07
719.6	1.0e-07
719.8	1.0e-07
720.0	1.0e-07
720.2	1.0e-07
720.4	1.0e-07
720.6	1.0e-07
720.8	1.0e-07
721.0	1.0e-07
721.2	1.0e-07
721.4	1.0e-07
721.6	1.0e-07
721.8	1.0e-07
722.0	1.0e-07
722.2	1.0e-07
722.4	1.0e-07
722.6	1.0e-07
722.8	1.0e-07
723.0	1.0e-07
723.2	1.0e-07
723.4	1.0e-07
723.6	1.0e-07
723.8	1.0e-07
724.0	1.0e-07
724.2	1.0e-07
724.4	1.0e-07
724.6	1.0e-07
724.8	1.0e-07
725.0	1.0e-07
725.2	1.0e-07
725.4	1.0e-07
725.6	1.0e-07
725.8	1.0e-07
726.0	1.0e-07
726.2	1.0e-07
726.4	1.0e-07
726.6	1.0e-07
726.8	1.0e-07
727.0	1.0e-07
727.2	1.0e-07
727.4	1.0e-07
727.6	1.0e-07
727.8	1.0e-07
728.0	1.0e-07
728.2	1.0e-07
728.4	1.0e-07
728.6	1.0e-07
728.8	1.0e-07
729.0	1.0e-07
729.2	1.0e-07
729.4	1.0e-07
729.6	1.0e-07
729.8	1.0e-07
730.0	1.0e-07
730.2	1.0e-07
730.4	1.0e-07
730.6	1.0e-07
730.8	1.0e-07
731.0	1.0e-07
731.2	1.0e-07
731.4	1.0e-07
731.6	1.0e-07
731.8	1.0e-07
732.0	1.0e-07
732.2	1.0e-07
732.4	1.0e-07
732.6	1.0e-07
732.8	1.0e-07
733.0	1.0e-07
733.2	1.0e-07
733.4	1.0e-07
733.6	1.0e-07
733.8	1.0e-07
734.0	1.0e-07
734.2	1.0e-07
734.4	1.0e-07
734.6	1.0e-07
734.8	1.0e-07
735.0	1.0e-07
735.2	1.0e-07
735.4	1.0e-07
735.6	1.0e-07
735.8	1.0e-07
736.0	1.0e-07
736.2	1.0e-07
736.4	1.0e-07
736.6	1.0e-07
736.8	1.0e-07
737.0	1.0e-07
737.2	1.0e-07
737.4	1.0e-07
737.6	1.0e-07
737.8	1.0e-07
738.0	1.0e-07
738.2	1.0e-07
738.4	1.0e-07
738.6	1.0e-07
738.8	1.0e-07
739.0	1.0e-07
739.2	1.0e-07
739.4	1.0e-07
739.6	1.0e-07
739.8	1.0e-07
740.0	1.0e-07
740.2	1.0e-07
740.4	1.0e-07
740.6	1.0e-07
740.8	1.0e-07
741.0	1.0e-07
741.2	1.0e-07
741.4	1.0e-07
741.6	1.0e-07
741.8	1.0e-07
742.0	1.0e-07
742.2	1.0e-07
742.4	1.0e-07
742.6	1.0e-07
742.8	1.0e-07
743.0	1.0e-07
743.2	1.0e-07
743.4	1.0e-07
743.6	1.0e-07
743.8	1.0e-07
744.0	1.0e-07
744.2	1.0e-07
744.4	1.0e-07
744.6	1.0e-07
744.8	1.0e-07
745.0	1.0e-07
745.2	1.0e-07
745.4	1.0e-07
745.6	1.0e-07
745.8	1.0e-07
746.0	1.0e-07
746.2	1.0e-07
746.4	1.0e-07
746.6	1.0e-07
746.8	1.0e-07
747.0	1.0e-07
747.2	1.0e-07
747.4	1.0e-07
747.6	1.0e-07
747.8	1.0e-07
748.0	1.0e-07
748.2	1.0e-07
748.4	1.0e-07
748.6	1.0e-07
748.8	1.0e-07
749.0	1.0e-07
749.2	1.0e-07
749.4	1.0e-07
749.6	1.0e-07
749.8	1.0e-07
750.0	1.0e-07
750.2	1.0e-07
750.4	1.0e-07
750.6	1.0e-07
750.8	1.0e-07
751.0	1.0e-07
751.2	1.0e-07
751.4	1.0e-07
751.6	1.0e-07
751.8	1.0e-07
752.0	1.0e-07
752.2	1.0e-07
752.4	1.0e-07
752.6	1.0e-07
752.8	1.0e-07
753.0	1.0e-07
753.2	1.0e-07
753.4	1.0e-07
753.6	1.0e-07
753.8	1.0e-07
754.0	1.0e-07
754.2	1.0e-07
754.4	1.0e-07
754.6	1.0806e-07
754.8	1.2165e-07
755.0	1.3694e-07
755.2	1.5415e-07
755.4	1.7353e-07
755.6	1.9534e-07
755.8	2.1989e-07
756.0	2.4753e-07
756.2	2.7864e-07
756.4	3.1366e-07
756.6	3.5309e-07
756.8	3.9747e-07
757.0	4.4743e-07
757.2	5.0367e-07
757.4	5.2505e-07
757.6	5.2745e-07
757.8	5.2986e-07
758.0	5.3229e-07
758.2	5.3472e-07
758.4	5.3717e-07
758.6	5.3963e-07
758.8	5.421e-07
759.0	5.4458e-07
759.2	5.4707e-07
759.4	5.4957e-07
759.6	5.5209e-07
759.8	5.5461e-07
760.0	5.5715e-07
760.2	5.597e-07
760.4	5.6226e-07
760.6	5.6484e-07
760.8	5.6742e-07
761.0	5.6352e-07
761.2	5.5276e-07
761.4	5.4219e-07
761.6	5.3183e-07
761.8	5.2167e-07
762.0	5.117e-07
762.2	5.0192e-07
762.4	4.9232e-07
762.6	4.8292e-07
762.8	4.7369e-07
763.0	4.6463e-07
763.2	4.5575e-07
763.4	4.4704e-07
763.6	4.385e-07
763.8	4.3012e-07
764.0	4.219e-07
764.2	4.1384e-07
764.4	4.0593e-07
764.6	3.9883e-07
764.8	3.9341e-07
765.0	3.8806e-07
765.2	3.8278e-07
765.4	3.7758e-07
765.6	3.7244e-07
765.8	3.6738e-07
766.0	3.6238e-07
766.2	3.5746e-07
766.4	3.526e-07
766.6	3.478e-07
766.8	3.4307e-07
767.0	3.3841e-07
767.2	3.3381e-07
767.4	3.2927e-07
767.6	3.2479e-07
767.8	3.2038e-07
768.0	3.1602e-07
768.2	3.1234e-07
768.4	3.1318e-07
768.6	3.1403e-07
768.8	3.1488e-07
769.0	3.1574e-07
769.2	3.166e-07
769.4	3.1745e-07
769.6	3.1832e-07
769.8	3.1918e-07
770.0	3.2005e-07
770.2	3.2091e-07
770.4	3.2178e-07
770.6	3.2266e-07
770.8	3.2353e-07
771.0	3.2441e-07
771.2	3.2529e-07
771.4	3.2617e-07
771.6	3.2706e-07
771.8	3.2794e-07
772.0	3.2903e-07
772.2	3.3013e-07
772.4	3.3123e-07
772.6	3.3234e-07
772.8	3.3345e-07
773.0	3.3456e-07
773.2	3.3568e-07
773.4	3.368e-07
773.6	3.3793e-07
773.8	3.3906e-07
774.0	3.4019e-07
774.2	3.4133e-07
774.4	3.4247e-07
774.6	3.4361e-07
774.8	3.4476e-07
775.0	3.4591e-07
775.2	3.4707e-07
775.4	3.4823e-07
775.6	3.4146e-07
775.8	3.3292e-07
776.0	3.2458e-07
776.2	3.1645e-07
776.4	3.0853e-07
776.6	3.0081e-07
776.8	2.9328e-07
777.0	2.8593e-07
777.2	2.7878e-07
777.4	2.718e-07
777.6	2.6499e-07
777.8	2.5836e-07
778.0	2.5189e-07
778.2	2.4558e-07
778.4	2.3944e-07
778.6	2.3344e-07
778.8	2.276e-07
779.0	2.219e-07
779.2	2.2055e-07
779.4	2.2145e-07
779.6	2.2236e-07
779.8	2.2326e-07
780.0	2.2418e-07
780.2	2.2509e-07
780.4	2.2601e-07
780.6	2.2693e-07
780.8	2.2786e-07
781.0	2.2879e-07
781.2	2.2972e-07
781.4	2.3066e-07
781.6	2.316e-07
781.8	2.3254e-07
782.0	2.3349e-07
782.2	2.3445e-07
782.4	2.354e-07
782.6	2.3636e-07
782.8	2.3707e-07
783.0	2.3755e-07
783.2	2.3803e-07
783.4	2.3851e-07
783.6	2.39e-07
783.8	2.3948e-07
784.0	2.3996e-07
784.2	2.4045e-07
784.4	2.4093e-07
784.6	2.4142e-07
784.8	2.4191e-07
785.0	2.424e-07
785.2	2.4289e-07
785.4	2.4338e-07
785.6	2.4387e-07
785.8	2.4436e-07
786.0	2.4486e-07
786.2	2.4535e-07
786.4	2.4709e-07
786.6	2.5076e-07
786.8	2.5448e-07
787.0	2.5826e-07
787.2	2.621e-07
787.4	2.66e-07
787.6	2.6995e-07
787.8	2.7396e-07
788.0	2.7803e-07
788.2	2.8216e-07
788.4	2.8636e-07
788.6	2.9061e-07
788.8	2.9493e-07
789.0	2.9931e-07
789.2	3.0376e-07
789.4	3.0827e-07
789.6	3.1286e-07
789.8	3.175e-07
790.0	3.1761e-07
790.2	3.0587e-07
790.4	2.9457e-07
790.6	2.8368e-07
790.8	2.7319e-07
791.0	2.631e-07
791.2	2.5337e-07
791.4	2.4401e-07
791.6	2.3499e-07
791.8	2.263e-07
792.0	2.1794e-07
792.2	2.0988e-07
792.4	2.0213e-07
792.6	1.9466e-07
792.8	1.8746e-07
793.0	1.8053e-07
793.2	1.7386e-07
793.4	1.6743e-07
793.6	1.6277e-07
793.8	1.6569e-07
794.0	1.6865e-07
794.2	1.7168e-07
794.4	1.7475e-07
794.6	1.7788e-07
794.8	1.8107e-07
795.0	1.8431e-07
795.2	1.8761e-07
795.4	1.9097e-07
795.6	1.9439e-07
795.8	1.9788e-07
796.0	2.0142e-07
796.2	2.0503e-07
796.4	2.087e-07
796.6	2.1244e-07
796.8	2.1624e-07
797.0	2.2012e-07
797.2	2.2309e-07
797.4	2.1337e-07
797.6	2.0408e-07
797.8	1.9519e-07
798.0	1.8669e-07
798.2	1.7856e-07
798.4	1.7078e-07
798.6	1.6334e-07
798.8	1.5623e-07
799.0	1.4943e-07
799.2	1.4292e-07
799.4	1.367e-07
799.6	1.3074e-07
799.8	1.2505e-07
800.0	1.196e-07
800.2	1.1439e-07
800.4	1.0941e-07
800.6	1.0465e-07
800.8	1.0009e-07
801.0	1.0011e-07
801.2	1.0023e-07
801.4	1.0034e-07
801.6	1.0045e-07
801.8	1.0057e-07
802.0	1.0068e-07
802.2	1.008e-07
802.4	1.0091e-07
802.6	1.0103e-07
802.8	1.0114e-07
803.0	1.0125e-07
803.2	1.0104e-07
803.4	1.0083e-07
803.6	1.0062e-07
803.8	1.0041e-07
804.0	1.0019e-07
804.2	1.0e-07
804.4	1.0e-07
804.6	1.0e-07
804.8	1.0e-07
805.0	1.0e-07
805.2	1.0e-07
805.4	1.0e-07
805.6	1.0e-07
805.8	1.0e-07
806.0	1.0e-07
806.2	1.0e-07
806.4	1.0e-07
806.6	1.0e-07
806.8	1.0e-07
807.0	1.0e-07
807.2	1.0e-07
807.4	1.0e-07
807.6	1.0e-07
807.8	1.0e-07
808.0	1.0e-07
808.2	1.0e-07
808.4	1.0e-07
808.6	1.0e-07
808.8	1.0e-07
809.0	1.0e-07
809.2	1.0e-07
809.4	1.0e-07
809.6	1.0e-07
809.8	1.0e-07
810.0	1.0e-07
810.2	1.0e-07
810.4	1.0e-07
810.6	1.0e-07
810.8	1.0e-07
811.0	1.0e-07
811.2	1.0e-07
811.4	1.0e-07
811.6	1.0e-07
811.8	1.0e-07
812.0	1.0e-07
812.2	1.0e-07
812.4	1.0e-07
812.6	1.0e-07
812.8	1.0e-07
813.0	1.0e-07
813.2	1.0e-07
813.4	1.0e-07
813.6	1.0e-07
813.8	1.0e-07
814.0	1.0e-07
814.2	1.0e-07
814.4	1.0e-07
814.6	1.0e-07
814.8	1.0e-07
815.0	1.0e-07
815.2	1.0009e-07
815.4	1.0022e-07
815.6	1.0036e-07
815.8	1.005e-07
816.0	1.0063e-07
816.2	1.0077e-07
816.4	1.0091e-07
816.6	1.0105e-07
816.8	1.0118e-07
817.0	1.0132e-07
817.2	1.0146e-07
817.4	1.016e-07
817.6	1.0174e-07
817.8	1.0187e-07
818.0	1.0201e-07
818.2	1.0215e-07
818.4	1.0229e-07
818.6	1.0243e-07
818.8	1.0311e-07
819.0	1.0436e-07
819.2	1.0563e-07
819.4	1.069e-07
819.6	1.082e-07
819.8	1.0951e-07
820.0	1.1083e-07
820.2	1.1218e-07
820.4	1.1353e-07
820.6	1.1491e-07
820.8	1.163e-07
821.0	1.1771e-07
821.2	1.1913e-07
821.4	1.2057e-07
821.6	1.2203e-07
821.8	1.2351e-07
822.0	1.25e-07
822.2	1.2652e-07
822.4	1.2723e-07
822.6	1.2657e-07
822.8	1.2592e-07
823.0	1.2527e-07
823.2	1.2463e-07
823.4	1.2399e-07
823.6	1.2335e-07
823.8	1.2271e-07
824.0	1.2208e-07
824.2	1.2145e-07
824.4	1.2083e-07
824.6	1.2021e-07
824.8	1.1959e-07
825.0	1.1897e-07
825.2	1.1836e-07
825.4	1.1775e-07
825.6	1.1715e-07
825.8	1.1654e-07
826.0	1.1585e-07
826.2	1.149e-07
826.4	1.1396e-07
826.6	1.1302e-07
826.8	1.1209e-07
827.0	1.1117e-07
827.2	1.1026e-07
827.4	1.0935e-07
827.6	1.0845e-07
827.8	1.0756e-07
828.0	1.0668e-07
828.2	1.058e-07
828.4	1.0493e-07
828.6	1.0407e-07
828.8	1.0322e-07
829.0	1.0237e-07
829.2	1.0153e-07
829.4	1.007e-07
829.6	1.0e-07
829.8	1.0e-07
830.0	1.0e-07
830.2	1.0e-07
830.4	1.0e-07
830.6	1.0e-07
830.8	1.0e-07
831.0	1.0e-07
831.2	1.0e-07
831.4	1.0e-07
831.6	1.0e-07
831.8	1.0e-07
832.0	1.0e-07
832.2	1.0e-07
832.4	1.0e-07
832.6	1.0e-07
832.8	1.0e-07
833.0	1.0e-07
833.2	1.0e-07
833.4	1.0e-07
833.6	1.0e-07
833.8	1.0e-07
834.0	1.0e-07
834.2	1.0e-07
834.4	1.0e-07
834.6	1.0e-07
834.8	1.0e-07
835.0	1.0e-07
835.2	1.0e-07
835.4	1.0e-07
835.6	1.0e-07
835.8	1.0e-07
836.0	1.0e-07
836.2	1.0e-07
836.4	1.0e-07
836.6	1.0e-07
836.8	1.0e-07
837.0	1.0152e-07
837.2	1.031e-07
837.4	1.047e-07
837.6	1.0632e-07
837.8	1.0797e-07
838.0	1.0965e-07
838.2	1.1135e-07
838.4	1.1308e-07
838.6	1.1483e-07
838.8	1.1662e-07
839.0	1.1843e-07
839.2	1.2026e-07
839.4	1.2213e-07
839.6	1.2403e-07
839.8	1.2595e-07
840.0	1.2791e-07
840.2	1.2989e-07
840.4	1.3191e-07
840.6	1.3131e-07
840.8	1.3044e-07
841.0	1.2957e-07
841.2	1.2871e-07
841.4	1.2786e-07
841.6	1.2701e-07
841.8	1.2617e-07
842.0	1.2533e-07
842.2	1.245e-07
842.4	1.2367e-07
842.6	1.2285e-07
842.8	1.2204e-07
843.0	1.2123e-07
843.2	1.2042e-07
843.4	1.1962e-07
843.6	1.1883e-07
843.8	1.1804e-07
844.0	1.1726e-07
844.2	1.1628e-07
844.4	1.1526e-07
844.6	1.1426e-07
844.8	1.1326e-07
845.0	1.1227e-07
845.2	1.1129e-07
845.4	1.1032e-07
845.6	1.0936e-07
845.8	1.0841e-07
846.0	1.0746e-07
846.2	1.0652e-07
846.4	1.0559e-07
846.6	1.0467e-07
846.8	1.0376e-07
847.0	1.0286e-07
847.2	1.0196e-07
847.4	1.0107e-07
847.6	1.0019e-07
847.8	1.0e-07
848.0	1.0e-07
848.2	1.0e-07
848.4	1.0e-07
848.6	1.0e-07
848.8	1.0e-07
849.0	1.0e-07
849.2	1.0e-07
849.4	1.0e-07
849.6	1.0e-07
849.8	1.0e-07
850.0	1.0e-07
850.2	1.0e-07
850.4	1.0e-07
850.6	1.0e-07
850.8	1.0e-07
851.0	1.0e-07
851.2	1.0e-07
851.4	1.0e-07
851.6	1.0e-07
851.8	1.0e-07
852.0	1.0e-07
852.2	1.0e-07
852.4	1.0e-07
852.6	1.0e-07
852.8	1.0e-07
853.0	1.0e-07
853.2	1.0e-07
853.4	1.0e-07
853.6	1.0e-07
853.8	1.0e-07
854.0	1.0e-07
854.2	1.0e-07
854.4	1.0e-07
854.6	1.0e-07
854.8	1.0e-07
855.0	1.0e-07
855.2	1.0e-07
855.4	1.0e-07
855.6	1.0e-07
855.8	1.0e-07
856.0	1.0e-07
856.2	1.0e-07
856.4	1.0e-07
856.6	1.0e-07
856.8	1.0e-07
857.0	1.0e-07
857.2	1.0e-07
857.4	1.0e-07
857.6	1.0e-07
857.8	1.0e-07
858.0	1.0e-07
858.2	1.0e-07
858.4	1.0e-07
858.6	1.0e-07
858.8	1.0e-07
859.0	1.0e-07
859.2	1.0e-07
859.4	1.0e-07
859.6	1.0e-07
859.8	1.0e-07
860.0	1.0e-07
860.2	1.0e-07
860.4	1.0e-07
860.6	1.0e-07
860.8	1.0e-07
861.0	1.0e-07
861.2	1.0e-07
861.4	1.0e-07
861.6	1.0e-07
861.8	1.0e-07
862.0	1.0e-07
862.2	1.0e-07
862.4	1.0e-07
862.6	1.0e-07
862.8	1.0e-07
863.0	1.0e-07
863.2	1.0e-07
863.4	1.0e-07
863.6	1.0e-07
863.8	1.0e-07
864.0	1.0e-07
864.2	1.0e-07
864.4	1.0e-07
864.6	1.0e-07
864.8	1.0e-07
865.0	1.0e-07
865.2	1.0e-07
865.4	1.0e-07
865.6	1.0e-07
865.8	1.0298e-07
866.0	1.0774e-07
866.2	1.1272e-07
866.4	1.1793e-07
866.6	1.2339e-07
866.8	1.2909e-07
867.0	1.3506e-07
867.2	1.413e-07
867.4	1.4784e-07
867.6	1.5467e-07
867.8	1.6182e-07
868.0	1.693e-07
868.2	1.7128e-07
868.4	1.7327e-07
868.6	1.7529e-07
868.8	1.7734e-07
869.0	1.7941e-07
869.2	1.815e-07
869.4	1.803e-07
869.6	1.7438e-07
869.8	1.6866e-07
870.0	1.6313e-07
870.2	1.5778e-07
870.4	1.526e-07
870.6	1.4759e-07
870.8	1.4275e-07
871.0	1.3807e-07
871.2	1.3354e-07
871.4	1.2916e-07
871.6	1.2492e-07
871.8	1.2082e-07
872.0	1.1686e-07
872.2	1.1302e-07
872.4	1.0932e-07
872.6	1.0573e-07
872.8	1.0226e-07
873.0	1.0e-07
873.2	1.0e-07
873.4	1.0e-07
873.6	1.0e-07
873.8	1.0e-07
874.0	1.0e-07
874.2	1.0e-07
874.4	1.0e-07
874.6	1.0e-07
874.8	1.0e-07
875.0	1.0e-07
875.2	1.0e-07
875.4	1.0e-07
875.6	1.0e-07
875.8	1.0e-07
876.0	1.0e-07
876.2	1.0e-07
876.4	1.0e-07
876.6	1.0043e-07
876.8	1.0211e-07
877.0	1.0382e-07
877.2	1.0555e-07
877.4	1.0732e-07
877.6	1.0911e-07
877.8	1.1094e-07
878.0	1.1279e-07
878.2	1.1468e-07
878.4	1.1659e-07
878.6	1.1854e-07
878.8	1.2052e-07
879.0	1.2254e-07
879.2	1.2459e-07
879.4	1.2667e-07
879.6	1.2879e-07
879.8	1.3094e-07
880.0	1.3313e-07
880.2	1.4017e-07
880.4	1.6977e-07
880.6	2.0561e-07
880.8	2.4901e-07
881.0	3.0158e-07
881.2	3.6525e-07
881.4	4.4236e-07
881.6	5.3575e-07
881.8	6.4886e-07
882.0	7.8584e-07
882.2	9.5174e-07
882.4	1.1527e-06
882.6	1.396e-06
882.8	1.6907e-06
883.0	2.0477e-06
883.2	2.48e-06
883.4	3.0035e-06
883.6	3.6376e-06
883.8	4.3027e-06
884.0	4.4747e-06
884.2	4.6536e-06
884.4	4.8396e-06
884.6	5.0331e-06
884.8	5.2343e-06
885.0	5.4435e-06
885.2	5.6611e-06
885.4	5.8874e-06
885.6	6.1227e-06
885.8	6.3674e-06
886.0	6.622e-06
886.2	6.8866e-06
886.4	7.1619e-06
886.6	7.4482e-06
886.8	7.7459e-06
887.0	8.0555e-06
887.2	8.3775e-06
887.4	8.5622e-06
887.6	7.6548e-06
887.8	6.8435e-06
888.0	6.1182e-06
888.2	5.4698e-06
888.4	4.8901e-06
888.6	4.3718e-06
888.8	3.9085e-06
889.0	3.4942e-06
889.2	3.1239e-06
889.4	2.7928e-06
889.6	2.4968e-06
889.8	2.2322e-06
890.0	1.9956e-06
890.2	1.7841e-06
890.4	1.5951e-06
890.6	1.426e-06
890.8	1.2749e-06
891.0	1.1498e-06
891.2	1.1465e-06
891.4	1.1432e-06
891.6	1.14e-06
891.8	1.1368e-06
892.0	1.1335e-06
892.2	1.1303e-06
892.4	1.1271e-06
892.6	1.1239e-06
892.8	1.1207e-06
893.0	1.1176e-06
893.2	1.1144e-06
893.4	1.1112e-06
893.6	1.1081e-06
893.8	1.1049e-06
894.0	1.1018e-06
894.2	1.0987e-06
894.4	1.0955e-06
894.6	1.1016e-06
894.8	1.2618e-06
895.0	1.4454e-06
895.2	1.6557e-06
895.4	1.8966e-06
895.6	2.1725e-06
895.8	2.4886e-06
896.0	2.8506e-06
896.2	3.2654e-06
896.4	3.7405e-06
896.6	4.2846e-06
896.8	4.908e-06
897.0	5.6221e-06
897.2	6.44e-06
897.4	7.377e-06
897.6	8.4502e-06
897.8	9.6796e-06
898.0	1.1088e-05
898.2	1.2556e-05
898.4	1.1426e-05
898.6	1.0398e-05
898.8	9.4628e-06
899.0	8.6116e-06
899.2	7.8368e-06
899.4	7.1318e-06
899.6	6.4902e-06
899.8	5.9064e-06
900.0	5.375e-06
900.2	4.8915e-06
900.4	4.4514e-06
900.6	4.051e-06
900.8	3.6865e-06
901.0	3.3549e-06
901.2	3.0531e-06
901.4	2.7784e-06
901.6	2.5285e-06
901.8	2.3128e-06
902.0	2.3302e-06
902.2	2.3479e-06
902.4	2.3656e-06
902.6	2.3835e-06
902.8	2.4015e-06
903.0	2.4197e-06
903.2	2.438e-06
903.4	2.4564e-06
903.6	2.475e-06
903.8	2.4937e-06
904.0	2.5126e-06
904.2	2.5316e-06
904.4	2.5507e-06
904.6	2.57e-06
904.8	2.5894e-06
905.0	2.609e-06
905.2	2.6287e-06
905.4	2.6618e-06
905.6	2.9361e-06
905.8	3.2387e-06
906.0	3.5724e-06
906.2	3.9405e-06
906.4	4.3466e-06
906.6	4.7945e-06
906.8	5.2885e-06
907.0	5.8335e-06
907.2	6.4346e-06
907.4	7.0977e-06
907.6	7.829e-06
907.8	8.6358e-06
908.0	9.5257e-06
908.2	1.0507e-05
908.4	1.159e-05
908.6	1.2784e-05
908.8	1.4102e-05
909.0	1.5331e-05
909.2	1.3935e-05
909.4	1.2666e-05
909.6	1.1513e-05
909.8	1.0465e-05
910.0	9.5125e-06
910.2	8.6466e-06
910.4	7.8594e-06
910.6	7.1439e-06
910.8	6.4936e-06
911.0	5.9024e-06
911.2	5.3651e-06
911.4	4.8767e-06
911.6	4.4328e-06
911.8	4.0292e-06
912.0	3.6624e-06
912.2	3.329e-06
912.4	3.026e-06
912.6	2.7676e-06
912.8	2.6762e-06
913.0	2.5879e-06
913.2	2.5025e-06
913.4	2.4199e-06
913.6	2.3401e-06
913.8	2.2629e-06
914.0	2.1882e-06
914.2	2.116e-06
914.4	2.0462e-06
914.6	1.9786e-06
914.8	1.9133e-06
915.0	1.8502e-06
915.2	1.7892e-06
915.4	1.7301e-06
915.6	1.673e-06
915.8	1.6178e-06
916.0	1.5644e-06
916.2	1.5334e-06
916.4	1.6388e-06
916.6	1.7515e-06
916.8	1.8719e-06
917.0	2.0006e-06
917.2	2.1381e-06
917.4	2.2851e-06
917.6	2.4422e-06
917.8	2.6101e-06
918.0	2.7895e-06
918.2	2.9813e-06
918.4	3.1862e-06
918.6	3.4053e-06
918.8	3.6394e-06
919.0	3.8896e-06
919.2	4.157e-06
919.4	4.4428e-06
919.6	4.7482e-06
919.8	5.0517e-06
920.0	5.2644e-06
920.2	5.4861e-06
920.4	5.7171e-06
920.6	5.9578e-06
920.8	6.2087e-06
921.0	6.4701e-06
921.2	6.7426e-06
921.4	7.0265e-06
921.6	7.3224e-06
921.8	7.6307e-06
922.0	7.952e-06
922.2	8.2868e-06
922.4	8.6358e-06
922.6	8.9994e-06
922.8	9.3784e-06
923.0	9.7733e-06
923.2	1.0185e-05
923.4	1.0283e-05
923.6	9.365e-06
923.8	8.5291e-06
924.0	7.7678e-06
924.2	7.0744e-06
924.4	6.4429e-06
924.6	5.8678e-06
924.8	5.3441e-06
925.0	4.867e-06
925.2	4.4326e-06
925.4	4.0369e-06
925.6	3.6766e-06
925.8	3.3484e-06
926.0	3.0495e-06
926.2	2.7773e-06
926.4	2.5294e-06
926.6	2.3036e-06
926.8	2.098e-06
927.0	1.9512e-06
927.2	1.9057e-06
927.4	1.8612e-06
927.6	1.8177e-06
927.8	1.7753e-06
928.0	1.7339e-06
928.2	1.6934e-06
928.4	1.6539e-06
928.6	1.6153e-06
928.8	1.5776e-06
929.0	1.5407e-06
929.2	1.5048e-06
929.4	1.4696e-06
929.6	1.4353e-06
929.8	1.4018e-06
930.0	1.3691e-06
930.2	1.3372e-06
930.4	1.3059e-06
930.6	1.3034e-06
930.8	1.3488e-06
931.0	1.3958e-06
931.2	1.4444e-06
931.4	1.4947e-06
931.6	1.5468e-06
931.8	1.6007e-06
932.0	1.6564e-06
932.2	1.7276e-06
932.4	1.8018e-06
932.6	1.8793e-06
932.8	1.9601e-06
933.0	2.0443e-06
933.2	2.1322e-06
933.4	2.2238e-06
933.6	2.3194e-06
933.8	2.4191e-06
934.0	2.5231e-06
934.2	2.6315e-06
934.4	2.7446e-06
934.6	2.8626e-06
934.8	3.1945e-06
935.0	3.571e-06
935.2	3.992e-06
935.4	4.4626e-06
935.6	4.9886e-06
935.8	5.5767e-06
936.0	6.2341e-06
936.2	6.969e-06
936.4	7.7905e-06
936.6	8.7088e-06
936.8	9.7354e-06
937.0	1.0883e-05
937.2	1.2166e-05
937.4	1.36e-05
937.6	1.5203e-05
937.8	1.6995e-05
938.0	1.8999e-05
938.2	2.1194e-05
938.4	2.057e-05
938.6	1.9966e-05
938.8	1.9378e-05
939.0	1.8809e-05
939.2	1.8256e-05
939.4	1.7719e-05
939.6	1.7198e-05
939.8	1.6692e-05
940.0	1.6201e-05
940.2	1.5725e-05
940.4	1.5262e-05
940.6	1.4814e-05
940.8	1.4378e-05
941.0	1.3955e-05
941.2	1.3545e-05
941.4	1.3147e-05
941.6	1.276e-05
941.8	1.2366e-05
942.0	1.1729e-05
942.2	1.1124e-05
942.4	1.0551e-05
942.6	1.0007e-05
942.8	9.4909e-06
943.0	9.0016e-06
943.2	8.5375e-06
943.4	8.0974e-06
943.6	7.6799e-06
943.8	7.284e-06
944.0	6.9085e-06
944.2	6.5524e-06
944.4	6.2146e-06
944.6	5.8942e-06
944.8	5.5903e-06
945.0	5.3021e-06
945.2	5.0288e-06
945.4	4.8118e-06
945.6	4.9116e-06
945.8	5.0135e-06
946.0	5.1175e-06
946.2	5.2237e-06
946.4	5.332e-06
946.6	5.4427e-06
946.8	5.5556e-06
947.0	5.6708e-06
947.2	5.7885e-06
947.4	5.9086e-06
947.6	6.0312e-06
947.8	6.1563e-06
948.0	6.284e-06
948.2	6.4144e-06
948.4	6.5475e-06
948.6	6.6833e-06
948.8	6.822e-06
949.0	7.0551e-06
949.2	7.714e-06
949.4	8.4344e-06
949.6	9.2221e-06
949.8	1.0083e-05
950.0	1.1025e-05
950.2	1.2055e-05
950.4	1.3181e-05
950.6	1.4411e-05
950.8	1.5757e-05
951.0	1.7229e-05
951.2	1.8838e-05
951.4	2.0597e-05
951.6	2.2521e-05
951.8	2.4624e-05
952.0	2.6924e-05
952.2	2.9439e-05
952.4	3.2188e-05
952.6	3.4114e-05
952.8	3.3232e-05
953.0	3.2373e-05
953.2	3.1536e-05
953.4	3.0721e-05
953.6	2.9927e-05
953.8	2.9153e-05
954.0	2.84e-05
954.2	2.7666e-05
954.4	2.6951e-05
954.6	2.6254e-05
954.8	2.5575e-05
955.0	2.4914e-05
955.2	2.427e-05
955.4	2.3643e-05
955.6	2.3032e-05
955.8	2.2437e-05
956.0	2.1857e-05
956.2	2.0928e-05
956.4	1.9422e-05
956.6	1.8024e-05
956.8	1.6727e-05
957.0	1.5523e-05
957.2	1.4406e-05
957.4	1.3369e-05
957.6	1.2407e-05
957.8	1.1514e-05
958.0	1.0685e-05
958.2	9.9164e-06
958.4	9.2027e-06
958.6	8.5404e-06
958.8	7.9258e-06
959.0	7.3553e-06
959.2	6.826e-06
959.4	6.3347e-06
959.6	5.8788e-06
959.8	5.5997e-06
960.0	5.5029e-06
960.2	5.4078e-06
960.4	5.3143e-06
960.6	5.2224e-06
960.8	5.1321e-06
961.0	5.0434e-06
961.2	4.9562e-06
961.4	4.8705e-06
961.6	4.7863e-06
961.8	4.7036e-06
962.0	4.6223e-06
962.2	4.5423e-06
962.4	4.4638e-06
962.6	4.3867e-06
962.8	4.3108e-06
963.0	4.2363e-06
963.2	4.1631e-06
963.4	4.1782e-06
963.6	4.2634e-06
963.8	4.3504e-06
964.0	4.4392e-06
964.2	4.5297e-06
964.4	4.6221e-06
964.6	4.7164e-06
964.8	4.8126e-06
965.0	4.9108e-06
965.2	5.011e-06
965.4	5.1132e-06
965.6	5.2175e-06
965.8	5.3239e-06
966.0	5.4325e-06
966.2	5.5433e-06
966.4	5.6564e-06
966.6	5.7718e-06
966.8	5.8895e-06
967.0	6.1721e-06
967.2	6.5519e-06
967.4	6.9549e-06
967.6	7.3828e-06
967.8	7.8371e-06
968.0	8.3192e-06
968.2	8.8311e-06
968.4	9.3744e-06
968.6	9.9511e-06
968.8	1.0563e-05
969.0	1.1213e-05
969.2	1.1903e-05
969.4	1.2635e-05
969.6	1.3413e-05
969.8	1.4238e-05
970.0	1.5114e-05
970.2	1.6044e-05
970.4	1.7031e-05
970.6	1.896e-05
970.8	2.136e-05
971.0	2.4064e-05
971.2	2.711e-05
971.4	3.0542e-05
971.6	3.4408e-05
971.8	3.8764e-05
972.0	4.3671e-05
972.2	3.3891e-05
972.4	3.6049e-05
972.6	4.0449e-05
972.8	4.541e-05
973.0	5.0986e-05
973.2	5.7978e-05
973.4	6.6173e-05
973.6	7.5164e-05
973.8	8.5227e-05
974.0	9.6731e-05
974.2	1.0983e-04
974.4	1.2435e-04
974.6	1.4056e-04
974.8	1.5592e-04
975.0	1.7094e-04
975.2	1.819e-04
975.4	1.8944e-04
975.6	1.9442e-04
975.8	1.9705e-04
976.0	1.9463e-04
976.2	1.8735e-04
976.4	1.7788e-04
976.6	1.6617e-04
976.8	1.549e-04
977.0	1.4396e-04
977.2	1.3359e-04
977.4	1.2366e-04
977.6	1.1493e-04
977.8	1.0765e-04
978.0	1.0053e-04
978.2	9.3246e-05
978.4	8.6863e-05
978.6	8.1867e-05
978.8	7.7381e-05
979.0	7.3848e-05
979.2	7.0623e-05
979.4	6.8119e-05
979.6	6.5768e-05
979.8	6.3841e-05
980.0	6.2016e-05
980.2	6.0565e-05
980.4	5.9181e-05
980.6	5.8202e-05
980.8	5.724e-05
981.0	5.6313e-05
981.2	5.5402e-05
981.4	5.4669e-05
981.6	5.3945e-05
981.8	5.481e-05
982.0	5.5739e-05
982.2	5.5657e-05
982.4	5.5499e-05
982.6	5.5707e-05
982.8	5.5959e-05
983.0	5.7733e-05
983.2	5.9834e-05
983.4	6.1249e-05
983.6	6.2527e-05
983.8	6.4495e-05
984.0	6.6713e-05
984.2	6.9077e-05
984.4	7.1549e-05
984.6	7.4712e-05
984.8	7.8273e-05
985.0	8.2569e-05
985.2	8.7389e-05
985.4	9.1626e-05
985.6	9.5562e-05
985.8	1.0118e-04
986.0	1.0818e-04
986.2	1.1556e-04
986.4	1.2337e-04
986.6	1.3318e-04
986.8	1.4519e-04
987.0	1.5765e-04
987.2	1.7048e-04
987.4	1.8568e-04
987.6	2.0396e-04
987.8	2.2303e-04
988.0	2.4242e-04
988.2	2.6328e-04
988.4	2.8559e-04
988.6	3.0968e-04
988.8	3.3562e-04
989.0	3.6164e-04
989.2	3.8496e-04
989.4	4.0653e-04
989.6	4.2079e-04
989.8	4.3254e-04
990.0	4.3545e-04
990.2	4.3536e-04
990.4	4.244e-04
990.6	4.1179e-04
990.8	3.9111e-04
991.0	3.7047e-04
991.2	3.4532e-04
991.4	3.2187e-04
991.6	2.9986e-04
991.8	2.7912e-04
992.0	2.572e-04
992.2	2.3713e-04
992.4	2.2106e-04
992.6	2.0608e-04
992.8	1.9159e-04
993.0	1.7813e-04
993.2	1.6955e-04
993.4	1.6148e-04
993.6	1.5033e-04
993.8	1.3976e-04
994.0	1.3209e-04
994.2	1.2503e-04
994.4	1.2047e-04
994.6	1.1636e-04
994.8	1.1107e-04
995.0	1.0579e-04
995.2	1.0214e-04
995.4	9.8936e-05
995.6	9.554e-05
995.8	9.218e-05
996.0	9.0008e-05
996.2	8.8248e-05
996.4	8.5657e-05
996.6	8.2802e-05
996.8	8.1787e-05
997.0	8.1609e-05
997.2	8.0397e-05
997.4	7.8647e-05
997.6	7.8292e-05
997.8	7.8796e-05
998.0	7.8402e-05
998.2	7.7368e-05
998.4	7.7135e-05
998.6	7.7552e-05
998.8	7.7738e-05
999.0	7.7705e-05
999.2	7.8269e-05
999.4	7.948e-05
999.6	7.9985e-05
999.8	7.9627e-05
1000.0	7.778e-05
1000.2	7.6472e-05
1000.4	7.6358e-05
1000.6	8.1888e-05
1000.8	8.1095e-05
1001.0	8.3494e-05
1001.2	8.2442e-05
1001.4	8.8261e-05
1001.6	8.8446e-05
1001.8	8.8541e-05
1002.0	9.599e-05
1002.2	9.1542e-05
1002.4	9.9342e-05
1002.6	1.04e-04
1002.8	1.0736e-04
1003.0	1.1005e-04
1003.2	1.1544e-04
1003.4	1.1956e-04
1003.6	1.2261e-04
1003.8	1.2906e-04
1004.0	1.3843e-04
1004.2	1.3996e-04
1004.4	1.512e-04
1004.6	1.5744e-04
1004.8	1.69e-04
1005.0	1.7948e-04
1005.2	1.9098e-04
1005.4	2.0393e-04
1005.6	2.1898e-04
1005.8	2.2782e-04
1006.0	2.5053e-04
1006.2	2.6987e-04
1006.4	2.8518e-04
1006.6	3.1307e-04
1006.8	3.3463e-04
1007.0	3.7432e-04
1007.2	4.0404e-04
1007.4	4.4381e-04
1007.6	4.8261e-04
1007.8	5.4403e-04
1008.0	6.0394e-04
1008.2	6.6662e-04
1008.4	7.6415e-04
1008.6	8.5261e-04
1008.8	9.5653e-04
1009.0	0.00109
1009.2	0.00125
1009.4	0.00143
1009.6	0.00164
1009.8	0.0019
1010.0	0.00217
1010.2	0.00252
1010.4	0.00292
1010.6	0.00334
1010.8	0.00381
1011.0	0.00429
1011.2	0.0047
1011.4	0.00516
1011.6	0.00541
1011.8	0.00558
1012.0	0.00563
1012.2	0.00549
1012.4	0.00528
1012.6	0.00503
1012.8	0.00465
1013.0	0.00436
1013.2	0.0041
1013.4	0.00374
1013.6	0.00348
1013.8	0.00327
1014.0	0.00303
1014.2	0.00284
1014.4	0.00272
1014.6	0.00254
1014.8	0.00241
1015.0	0.0023
1015.2	0.00221
1015.4	0.00214
1015.6	0.00209
1015.8	0.00201
1016.0	0.00194
1016.2	0.00191
1016.4	0.00187
1016.6	0.00187
1016.8	0.00186
1017.0	0.00183
1017.2	0.00184
1017.4	0.00186
1017.6	0.00183
1017.8	0.00184
1018.0	0.0019
1018.2	0.00189
1018.4	0.00187
1018.6	0.00196
1018.8	0.00197
1019.0	0.00202
1019.2	0.00208
1019.4	0.00209
1019.6	0.00214
1019.8	0.00221
1020.0	0.00224
1020.2	0.00229
1020.4	0.00236
1020.6	0.0024
1020.8	0.00246
1021.0	0.00254
1021.2	0.00253
1021.4	0.00261
1021.6	0.00264
1021.8	0.00264
1022.0	0.00266
1022.2	0.00271
1022.4	0.00267
1022.6	0.00269
1022.8	0.00262
1023.0	0.00262
1023.2	0.00257
1023.4	0.00253
1023.6	0.00248
1023.8	0.0024
1024.0	0.00233
1024.2	0.00227
1024.4	0.00218
1024.6	0.0021
1024.8	0.00205
1025.0	0.00204
1025.2	0.00202
1025.4	0.00197
1025.6	0.0019
1025.8	0.00184
1026.0	0.00177
1026.2	0.00172
1026.4	0.00166
1026.6	0.00161
1026.8	0.00156
1027.0	0.00151
1027.2	0.00147
1027.4	0.00143
1027.6	0.00139
1027.8	0.00136
1028.0	0.00133
1028.2	0.00131
1028.4	0.00128
1028.6	0.00126
1028.8	0.00125
1029.0	0.00124
1029.2	0.00122
1029.4	0.00122
1029.6	0.00121
1029.8	0.0012
1030.0	0.00121
1030.2	0.00121
1030.4	0.00121
1030.6	0.00122
1030.8	0.00123
1031.0	0.00124
1031.2	0.00126
1031.4	0.00128
1031.6	0.0013
1031.8	0.00133
1032.0	0.00136
1032.2	0.0014
1032.4	0.00144
1032.6	0.00149
1032.8	0.00154
1033.0	0.0016
1033.2	0.00167
1033.4	0.00175
1033.6	0.00184
1033.8	0.00193
1034.0	0.00204
1034.2	0.00216
1034.4	0.00228
1034.6	0.00243
1034.8	0.0026
1035.0	0.00277
1035.2	0.00298
1035.4	0.0032
1035.6	0.00345
1035.8	0.00369
1036.0	0.00395
1036.2	0.00422
1036.4	0.00449
1036.6	0.00472
1036.8	0.00496
1037.0	0.0052
1037.2	0.00526
1037.4	0.00531
1037.6	0.00537
1037.8	0.00521
1038.0	0.00502
1038.2	0.00483
1038.4	0.00455
1038.6	0.00421
1038.8	0.0039
1039.0	0.00359
1039.2	0.00326
1039.4	0.00296
1039.6	0.00268
1039.8	0.00243
1040.0	0.0022
1040.2	0.002
1040.4	0.00182
1040.6	0.00166
1040.8	0.00151
1041.0	0.00138
1041.2	0.00128
1041.4	0.00118
1041.6	0.00109
1041.8	0.00101
1042.0	9.3351e-04
1042.2	8.6537e-04
1042.4	8.1473e-04
1042.6	7.6704e-04
1042.8	7.2215e-04
1043.0	6.7913e-04
1043.2	6.3855e-04
1043.4	6.004e-04
1043.6	5.6958e-04
1043.8	5.4337e-04
1044.0	5.1836e-04
1044.2	4.9418e-04
1044.4	4.7064e-04
1044.6	4.4821e-04
1044.8	4.269e-04
1045.0	4.069e-04
1045.2	3.9117e-04
1045.4	3.767e-04
1045.6	3.6967e-04
1045.8	3.6223e-04
1046.0	3.4592e-04
1046.2	3.3049e-04
1046.4	3.1997e-04
1046.6	3.0978e-04
1046.8	3.0416e-04
1047.0	2.9864e-04
1047.2	2.9466e-04
1047.4	2.9078e-04
1047.6	2.8651e-04
1047.8	2.8228e-04
1048.0	2.7643e-04
1048.2	2.7054e-04
1048.4	2.6726e-04
1048.6	2.6433e-04
1048.8	2.6246e-04
1049.0	2.6078e-04
1049.2	2.5758e-04
1049.4	2.5411e-04
1049.6	2.5425e-04
1049.8	2.553e-04
1050.0	2.5463e-04
1050.2	2.5348e-04
1050.4	2.5151e-04
1050.6	2.4928e-04
1050.8	2.5017e-04
1051.0	2.5228e-04
1051.2	2.5424e-04
1051.4	2.5615e-04
1051.6	2.5978e-04
1051.8	2.6435e-04
1052.0	2.6763e-04
1052.2	2.7017e-04
1052.4	2.743e-04
1052.6	2.7953e-04
1052.8	2.8348e-04
1053.0	2.865e-04
1053.2	2.9373e-04
1053.4	3.0462e-04
1053.6	3.1249e-04
1053.8	3.1748e-04
1054.0	3.2367e-04
1054.2	3.3112e-04
1054.4	3.3796e-04
1054.6	3.4404e-04
1054.8	3.5593e-04
1055.0	3.7558e-04
1055.2	3.934e-04
1055.4	4.0798e-04
1055.6	4.2285e-04
1055.8	4.3786e-04
1056.0	4.5254e-04
1056.2	4.6619e-04
1056.4	4.8445e-04
1056.6	5.1182e-04
1056.8	5.3866e-04
1057.0	5.6228e-04
1057.2	5.9124e-04
1057.4	6.3265e-04
1057.6	6.7487e-04
1057.8	7.1391e-04
1058.0	7.5656e-04
1058.2	8.062e-04
1058.4	8.6288e-04
1058.6	9.3844e-04
1058.8	0.00102
1059.0	0.0011
1059.2	0.00118
1059.4	0.00128
1059.6	0.0014
1059.8	0.00153
1060.0	0.00167
1060.2	0.00184
1060.4	0.00202
1060.6	0.00224
1060.8	0.00249
1061.0	0.00276
1061.2	0.00307
1061.4	0.0034
1061.6	0.00378
1061.8	0.00417
1062.0	0.0046
1062.2	0.00503
1062.4	0.0055
1062.6	0.00585
1062.8	0.00621
1063.0	0.00635
1063.2	0.00647
1063.4	0.00639
1063.6	0.00628
1063.8	0.00599
1064.0	0.00569
1064.2	0.00532
1064.4	0.00496
1064.6	0.00456
1064.8	0.00418
1065.0	0.00408
1065.2	0.00365
1065.4	0.00333
1065.6	0.00301
1065.8	0.00286
1066.0	0.00257
1066.2	0.00241
1066.4	0.00226
1066.6	0.00213
1066.8	0.00198
1067.0	0.00189
1067.2	0.00175
1067.4	0.00164
1067.6	0.00154
1067.8	0.00149
1068.0	0.00142
1068.2	0.00135
1068.4	0.00134
1068.6	0.00128
1068.8	0.00121
1069.0	0.00116
1069.2	0.00109
1069.4	0.00112
1069.6	0.00106
1069.8	0.00101
1070.0	0.00101
1070.2	0.001
1070.4	9.5939e-04
1070.6	9.3007e-04
1070.8	9.4129e-04
1071.0	8.9945e-04
1071.2	8.9679e-04
1071.4	9.1485e-04
1071.6	9.2022e-04
1071.8	8.7295e-04
1072.0	8.6786e-04
1072.2	8.4889e-04
1072.4	8.6138e-04
1072.6	8.6551e-04
1072.8	8.8437e-04
1073.0	9.1246e-04
1073.2	8.7369e-04
1073.4	8.8284e-04
1073.6	9.2295e-04
1073.8	8.8209e-04
1074.0	9.0984e-04
1074.2	9.1045e-04
1074.4	9.4245e-04
1074.6	9.6584e-04
1074.8	9.7437e-04
1075.0	9.2885e-04
1075.2	9.0888e-04
1075.4	9.077e-04
1075.6	9.3302e-04
1075.8	9.5905e-04
1076.0	9.8581e-04
1076.2	0.00101
1076.4	0.00104
1076.6	0.00108
1076.8	0.00112
1077.0	0.00116
1077.2	0.0012
1077.4	0.00125
1077.6	0.0013
1077.8	0.00137
1078.0	0.00144
1078.2	0.00151
1078.4	0.00159
1078.6	0.00168
1078.8	0.00177
1079.0	0.00187
1079.2	0.00198
1079.4	0.00209
1079.6	0.00221
1079.8	0.00234
1080.0	0.00248
1080.2	0.00264
1080.4	0.00281
1080.6	0.00299
1080.8	0.00318
1081.0	0.00338
1081.2	0.00356
1081.4	0.00375
1081.6	0.00394
1081.8	0.00415
1082.0	0.00437
1082.2	0.00451
1082.4	0.00458
1082.6	0.00464
1082.8	0.00471
1083.0	0.00478
1083.2	0.00485
1083.4	0.00467
1083.6	0.00446
1083.8	0.00425
1084.0	0.00406
1084.2	0.00387
1084.4	0.00369
1084.6	0.00353
1084.8	0.00336
1085.0	0.00315
1085.2	0.00294
1085.4	0.00274
1085.6	0.00255
1085.8	0.00238
1086.0	0.00222
1086.2	0.00207
1086.4	0.00193
1086.6	0.0018
1086.8	0.00168
1087.0	0.00157
1087.2	0.00149
1087.4	0.00141
1087.6	0.00134
1087.8	0.00127
1088.0	0.0012
1088.2	0.00114
1088.4	0.00108
1088.6	0.00103
1088.8	9.7758e-04
1089.0	9.3538e-04
1089.2	8.9501e-04
1089.4	8.5638e-04
1089.6	8.1942e-04
1089.8	7.8405e-04
1090.0	7.5021e-04
1090.2	7.1783e-04
1090.4	6.8741e-04
1090.6	6.6684e-04
1090.8	6.4688e-04
1091.0	6.2752e-04
1091.2	6.0874e-04
1091.4	5.9052e-04
1091.6	5.7285e-04
1091.8	5.5571e-04
1092.0	5.3908e-04
1092.2	5.2561e-04
1092.4	5.143e-04
1092.6	5.0322e-04
1092.8	4.9239e-04
1093.0	4.8179e-04
1093.2	4.7142e-04
1093.4	4.6127e-04
1093.6	4.5134e-04
1093.8	4.4216e-04
1094.0	4.3702e-04
1094.2	4.3195e-04
1094.4	4.2694e-04
1094.6	4.2199e-04
1094.8	4.1709e-04
1095.0	4.1225e-04
1095.2	4.0746e-04
1095.4	4.0273e-04
1095.6	3.9806e-04
1095.8	3.9344e-04
1096.0	3.923e-04
1096.2	3.926e-04
1096.4	3.929e-04
1096.6	3.932e-04
1096.8	3.935e-04
1097.0	3.938e-04
1097.2	3.941e-04
1097.4	3.944e-04
1097.6	3.947e-04
1097.8	3.95e-04
1098.0	3.953e-04
1098.2	3.956e-04
1098.4	3.959e-04
1098.6	3.962e-04
1098.8	3.965e-04
1099.0	3.9681e-04
1099.2	3.9711e-04
1099.4	3.9971e-04
1099.6	4.0301e-04
1099.8	4.0634e-04
1100.0	4.0971e-04
1100.2	4.1309e-04
1100.4	4.1651e-04
1100.6	4.1996e-04
1100.8	4.2343e-04
1101.0	4.2693e-04
1101.2	4.3046e-04
1101.4	4.3402e-04
1101.6	4.3761e-04
1101.8	4.4123e-04
1102.0	4.4488e-04
1102.2	4.4876e-04
1102.4	4.5916e-04
1102.6	4.698e-04
1102.8	4.8068e-04
1103.0	4.9182e-04
1103.2	5.0321e-04
1103.4	5.1487e-04
1103.6	5.268e-04
1103.8	5.3901e-04
1104.0	5.5149e-04
1104.2	5.6427e-04
1104.4	5.7734e-04
1104.6	5.9072e-04
1104.8	6.0441e-04
1105.0	6.1841e-04
1105.2	6.342e-04
1105.4	6.5419e-04
1105.6	6.748e-04
1105.8	6.9607e-04
1106.0	7.18e-04
1106.2	7.4062e-04
1106.4	7.6396e-04
1106.6	7.8803e-04
1106.8	8.1286e-04
1107.0	8.3848e-04
1107.2	8.649e-04
1107.4	8.9215e-04
1107.6	9.2026e-04
1107.8	9.4926e-04
1108.0	9.7917e-04
1108.2	0.00101
1108.4	0.00104
1108.6	0.00107
1108.8	0.00111
1109.0	0.00114