Typical Measured Spectrum of Semrock FF02-475/50 Optical Filter
For wavelengths between 320 and 1120 nm, values near or below 3e-7 (Optical Density 6.5) are measurement noise limited.
For wavelengths < 320 nm and > 1120 nm, values near or below 3e-6 (Optical Density 5.5) are measurement noise limited. 
Data format:  Wavelength (nm) <tab> Transmission (0 to 1)
265.0	6.2999e-07
265.2	6.2272e-07
265.4	6.1554e-07
265.6	6.0843e-07
265.8	6.0141e-07
266.0	5.9447e-07
266.2	5.8761e-07
266.4	5.8083e-07
266.6	5.7413e-07
266.8	5.675e-07
267.0	5.6113e-07
267.2	5.5566e-07
267.4	5.5025e-07
267.6	5.4489e-07
267.8	5.3958e-07
268.0	5.3432e-07
268.2	5.2911e-07
268.4	5.2396e-07
268.6	5.1885e-07
268.8	5.138e-07
269.0	5.0879e-07
269.2	5.0384e-07
269.4	4.9893e-07
269.6	4.9407e-07
269.8	4.8925e-07
270.0	4.8449e-07
270.2	4.7977e-07
270.4	4.7509e-07
270.6	4.7046e-07
270.8	4.6598e-07
271.0	4.6163e-07
271.2	4.5732e-07
271.4	4.5304e-07
271.6	4.4881e-07
271.8	4.4462e-07
272.0	4.4047e-07
272.2	4.3635e-07
272.4	4.3228e-07
272.6	4.2824e-07
272.8	4.2424e-07
273.0	4.2028e-07
273.2	4.1635e-07
273.4	4.1246e-07
273.6	4.0861e-07
273.8	4.0479e-07
274.0	4.0101e-07
274.2	3.9726e-07
274.4	3.9355e-07
274.6	1.0804e-06
274.8	3.3425e-06
275.0	1.0341e-05
275.2	1.0835e-05
275.4	1.1353e-05
275.6	1.001e-05
275.8	8.2387e-06
276.0	6.7811e-06
276.2	5.5813e-06
276.4	4.5939e-06
276.6	3.7811e-06
276.8	3.1121e-06
277.0	2.5615e-06
277.2	2.1083e-06
277.4	1.7353e-06
277.6	1.4283e-06
277.8	1.1756e-06
278.0	9.676e-07
278.2	7.9641e-07
278.4	6.5551e-07
278.6	5.3953e-07
278.8	4.4408e-07
279.0	3.6551e-07
279.2	3.0521e-07
279.4	3.008e-07
279.6	2.9645e-07
279.8	2.9216e-07
280.0	2.8794e-07
280.2	2.8377e-07
280.4	2.7967e-07
280.6	2.7563e-07
280.8	2.7164e-07
281.0	2.6772e-07
281.2	2.6385e-07
281.4	2.6003e-07
281.6	2.5627e-07
281.8	2.5257e-07
282.0	2.4892e-07
282.2	2.4532e-07
282.4	2.4177e-07
282.6	2.3827e-07
282.8	2.3483e-07
283.0	2.3108e-07
283.2	2.2698e-07
283.4	2.2294e-07
283.6	2.1898e-07
283.8	2.1509e-07
284.0	2.1126e-07
284.2	2.0751e-07
284.4	2.0382e-07
284.6	2.002e-07
284.8	1.9664e-07
285.0	1.9314e-07
285.2	1.8968e-07
285.4	1.8629e-07
285.6	2.1123e-07
285.8	2.4971e-07
286.0	2.952e-07
286.2	3.4897e-07
286.4	4.1255e-07
286.6	4.877e-07
286.8	5.7655e-07
287.0	6.8158e-07
287.2	8.0575e-07
287.4	9.5253e-07
287.6	1.1261e-06
287.8	1.3312e-06
288.0	1.5737e-06
288.2	1.8604e-06
288.4	2.1993e-06
288.6	2.6e-06
288.8	3.0736e-06
289.0	3.6335e-06
289.2	4.1023e-06
289.4	3.5683e-06
289.6	3.1039e-06
289.8	2.6999e-06
290.0	2.3485e-06
290.2	2.0428e-06
290.4	1.7769e-06
290.6	1.5456e-06
290.8	1.3445e-06
291.0	1.1695e-06
291.2	1.0173e-06
291.4	8.8485e-07
291.6	7.6968e-07
291.8	6.695e-07
292.0	5.8236e-07
292.2	5.0656e-07
292.4	4.4063e-07
292.6	3.8328e-07
292.8	3.3339e-07
293.0	3.1686e-07
293.2	3.2574e-07
293.4	3.3488e-07
293.6	3.4428e-07
293.8	3.5394e-07
294.0	3.6387e-07
294.2	3.7408e-07
294.4	3.8457e-07
294.6	3.9536e-07
294.8	4.0645e-07
295.0	4.1786e-07
295.2	3.8525e-07
295.4	3.5519e-07
295.6	3.2747e-07
295.8	3.0192e-07
296.0	2.7836e-07
296.2	2.5664e-07
296.4	2.3662e-07
296.6	2.1815e-07
296.8	2.0113e-07
297.0	1.8544e-07
297.2	1.7097e-07
297.4	1.5762e-07
297.6	1.4533e-07
297.8	1.3399e-07
298.0	1.2692e-07
298.2	1.2553e-07
298.4	1.2417e-07
298.6	1.2281e-07
298.8	1.2147e-07
299.0	1.2015e-07
299.2	1.1884e-07
299.4	1.1754e-07
299.6	1.1626e-07
299.8	1.1499e-07
300.0	1.1374e-07
300.2	1.125e-07
300.4	1.1127e-07
300.6	1.1006e-07
300.8	1.0886e-07
301.0	1.0767e-07
301.2	1.0649e-07
301.4	1.0533e-07
301.6	1.0418e-07
301.8	1.1667e-07
302.0	1.3574e-07
302.2	1.5792e-07
302.4	1.8373e-07
302.6	2.1375e-07
302.8	2.4868e-07
303.0	2.8932e-07
303.2	3.366e-07
303.4	3.9161e-07
303.6	4.5561e-07
303.8	5.3006e-07
304.0	6.1668e-07
304.2	7.1746e-07
304.4	8.347e-07
304.6	9.7111e-07
304.8	1.1298e-06
305.0	1.3144e-06
305.2	1.1669e-06
305.4	1.0359e-06
305.6	9.6519e-07
305.8	1.0182e-06
306.0	1.0741e-06
306.2	1.1331e-06
306.4	1.1953e-06
306.6	1.261e-06
306.8	1.3302e-06
307.0	1.4033e-06
307.2	1.4803e-06
307.4	1.5616e-06
307.6	1.6474e-06
307.8	1.7378e-06
308.0	1.8333e-06
308.2	1.9339e-06
308.4	2.0401e-06
308.6	2.1522e-06
308.8	2.2704e-06
309.0	2.3951e-06
309.2	2.5266e-06
309.4	2.2724e-06
309.6	1.8685e-06
309.8	1.5364e-06
310.0	1.2633e-06
310.2	1.0387e-06
310.4	8.5407e-07
310.6	7.0225e-07
310.8	5.7742e-07
311.0	4.7478e-07
311.2	3.9039e-07
311.4	3.2099e-07
311.6	2.6393e-07
311.8	2.1702e-07
312.0	1.7844e-07
312.2	1.4672e-07
312.4	1.2064e-07
312.6	9.9196e-08
312.8	8.1564e-08
313.0	6.7193e-08
313.2	6.6849e-08
313.4	6.6506e-08
313.6	6.6165e-08
313.8	6.5826e-08
314.0	6.5489e-08
314.2	6.5153e-08
314.4	6.4819e-08
314.6	6.4487e-08
314.8	6.4157e-08
315.0	6.3828e-08
315.2	6.3501e-08
315.4	6.3175e-08
315.6	6.2851e-08
315.8	6.2529e-08
316.0	6.2209e-08
316.2	6.189e-08
316.4	6.1573e-08
316.6	6.1257e-08
316.8	6.4793e-08
317.0	7.5421e-08
317.2	8.7794e-08
317.4	1.022e-07
317.6	1.1896e-07
317.8	1.3847e-07
318.0	1.6119e-07
318.2	1.8763e-07
318.4	2.1841e-07
318.6	2.5424e-07
318.8	2.9595e-07
319.0	3.445e-07
319.2	4.0101e-07
319.4	4.6679e-07
319.6	5.4336e-07
319.8	6.325e-07
320.0	7.3626e-07
320.2	8.5703e-07
320.4	9.9762e-07
320.6	9.1326e-07
320.8	7.797e-07
321.0	6.6567e-07
321.2	5.6832e-07
321.4	4.8521e-07
321.6	4.1425e-07
321.8	3.5367e-07
322.0	3.0195e-07
322.2	2.5779e-07
322.4	2.2009e-07
322.6	1.879e-07
322.8	1.6042e-07
323.0	1.3696e-07
323.2	1.1693e-07
323.4	9.9831e-08
323.6	8.5232e-08
323.8	7.2767e-08
324.0	6.2125e-08
324.2	5.4337e-08
324.4	5.3703e-08
324.6	5.3077e-08
324.8	5.2458e-08
325.0	5.1846e-08
325.2	5.1242e-08
325.4	5.0644e-08
325.6	5.0054e-08
325.8	4.947e-08
326.0	4.8893e-08
326.2	4.8323e-08
326.4	4.776e-08
326.6	4.7203e-08
326.8	4.6653e-08
327.0	4.6109e-08
327.2	4.5571e-08
327.4	4.504e-08
327.6	4.4514e-08
327.8	4.3995e-08
328.0	4.3512e-08
328.2	4.3056e-08
328.4	4.2605e-08
328.6	4.2159e-08
328.8	4.1717e-08
329.0	4.128e-08
329.2	4.0848e-08
329.4	4.042e-08
329.6	3.9997e-08
329.8	3.9578e-08
330.0	3.9163e-08
330.2	3.8753e-08
330.4	3.8347e-08
330.6	3.7945e-08
330.8	3.7548e-08
331.0	3.7154e-08
331.2	3.6765e-08
331.4	3.638e-08
331.6	3.5999e-08
331.8	4.0597e-08
332.0	4.5937e-08
332.2	5.1979e-08
332.4	5.8815e-08
332.6	6.6551e-08
332.8	7.5304e-08
333.0	8.5208e-08
333.2	9.6415e-08
333.4	1.091e-07
333.6	1.2344e-07
333.8	1.3968e-07
334.0	1.5805e-07
334.2	1.7884e-07
334.4	2.0236e-07
334.6	2.2898e-07
334.8	2.5909e-07
335.0	2.9317e-07
335.2	1.2756e-07
335.4	5.5506e-08
335.6	3.1759e-08
335.8	3.3912e-08
336.0	3.6212e-08
336.2	3.8668e-08
336.4	4.129e-08
336.6	4.409e-08
336.8	4.708e-08
337.0	5.0273e-08
337.2	5.3682e-08
337.4	5.7322e-08
337.6	6.121e-08
337.8	6.536e-08
338.0	6.9793e-08
338.2	7.4526e-08
338.4	7.958e-08
338.6	8.4976e-08
338.8	9.0739e-08
339.0	9.6892e-08
339.2	1.0346e-07
339.4	9.9775e-08
339.6	9.2011e-08
339.8	8.4851e-08
340.0	7.8248e-08
340.2	7.2159e-08
340.4	6.6543e-08
340.6	6.1365e-08
340.8	5.659e-08
341.0	5.2186e-08
341.2	4.8125e-08
341.4	4.438e-08
341.6	4.0927e-08
341.8	3.7742e-08
342.0	3.4805e-08
342.2	3.2096e-08
342.4	2.9599e-08
342.6	2.7295e-08
342.8	2.5171e-08
343.0	2.3377e-08
343.2	2.3315e-08
343.4	2.3253e-08
343.6	2.3192e-08
343.8	2.313e-08
344.0	2.3069e-08
344.2	2.3008e-08
344.4	2.2947e-08
344.6	2.2886e-08
344.8	2.2826e-08
345.0	2.2765e-08
345.2	2.2705e-08
345.4	2.2645e-08
345.6	2.2585e-08
345.8	2.2525e-08
346.0	2.2465e-08
346.2	2.2406e-08
346.4	2.2347e-08
346.6	2.2287e-08
346.8	2.3788e-08
347.0	2.7247e-08
347.2	3.121e-08
347.4	3.5748e-08
347.6	4.0946e-08
347.8	4.69e-08
348.0	5.372e-08
348.2	6.1532e-08
348.4	7.0479e-08
348.6	8.0728e-08
348.8	9.2467e-08
349.0	1.0591e-07
349.2	1.2131e-07
349.4	1.3895e-07
349.6	1.5916e-07
349.8	1.823e-07
350.0	2.0881e-07
350.2	2.3918e-07
350.4	2.7396e-07
350.6	2.4611e-07
350.8	2.1552e-07
351.0	1.8873e-07
351.2	1.6528e-07
351.4	1.4473e-07
351.6	1.2675e-07
351.8	1.1099e-07
352.0	9.7199e-08
352.2	8.5119e-08
352.4	7.454e-08
352.6	6.5276e-08
352.8	5.7163e-08
353.0	5.0058e-08
353.2	4.3837e-08
353.4	3.8389e-08
353.6	3.3618e-08
353.8	2.9439e-08
354.0	2.578e-08
354.2	2.3563e-08
354.4	2.3584e-08
354.6	2.3606e-08
354.8	2.3627e-08
355.0	2.3649e-08
355.2	2.3671e-08
355.4	2.3692e-08
355.6	2.3714e-08
355.8	2.3736e-08
356.0	2.3757e-08
356.2	2.3779e-08
356.4	2.3801e-08
356.6	2.3823e-08
356.8	2.3844e-08
357.0	2.3866e-08
357.2	2.3888e-08
357.4	2.391e-08
357.6	2.3932e-08
357.8	2.3954e-08
358.0	2.4142e-08
358.2	2.4388e-08
358.4	2.4636e-08
358.6	2.4886e-08
358.8	2.514e-08
359.0	2.5396e-08
359.2	2.5654e-08
359.4	2.5915e-08
359.6	2.6179e-08
359.8	2.6445e-08
360.0	2.6715e-08
360.2	2.6986e-08
360.4	2.7261e-08
360.6	2.7539e-08
360.8	2.7819e-08
361.0	2.8102e-08
361.2	2.8388e-08
361.4	2.8677e-08
361.6	2.9366e-08
361.8	3.1932e-08
362.0	3.4722e-08
362.2	3.7756e-08
362.4	4.1055e-08
362.6	4.4642e-08
362.8	4.8543e-08
363.0	5.2785e-08
363.2	5.7397e-08
363.4	6.2412e-08
363.6	6.7866e-08
363.8	7.3795e-08
364.0	8.0243e-08
364.2	8.7255e-08
364.4	9.4879e-08
364.6	1.0317e-07
364.8	1.1218e-07
365.0	1.2199e-07
365.2	1.1545e-07
365.4	1.0927e-07
365.6	1.0342e-07
365.8	9.7878e-08
366.0	9.2636e-08
366.2	8.7674e-08
366.4	8.2979e-08
366.6	7.8534e-08
366.8	7.4328e-08
367.0	7.0549e-08
367.2	6.7334e-08
367.4	6.4266e-08
367.6	6.1338e-08
367.8	5.8544e-08
368.0	5.5876e-08
368.2	5.333e-08
368.4	5.09e-08
368.6	4.8581e-08
368.8	4.6368e-08
369.0	4.4255e-08
369.2	4.2239e-08
369.4	4.0314e-08
369.6	3.8477e-08
369.8	3.6724e-08
370.0	3.5051e-08
370.2	3.3454e-08
370.4	3.193e-08
370.6	3.0475e-08
370.8	2.9086e-08
371.0	2.7761e-08
371.2	2.6496e-08
371.4	2.5289e-08
371.6	2.4733e-08
371.8	2.4658e-08
372.0	2.4583e-08
372.2	2.4508e-08
372.4	2.4433e-08
372.6	2.4359e-08
372.8	2.4285e-08
373.0	2.4211e-08
373.2	2.4137e-08
373.4	2.4063e-08
373.6	2.399e-08
373.8	2.3917e-08
374.0	2.3844e-08
374.2	2.3771e-08
374.4	2.3699e-08
374.6	2.3627e-08
374.8	2.3555e-08
375.0	2.3483e-08
375.2	2.5289e-08
375.4	2.7714e-08
375.6	3.0372e-08
375.8	3.3284e-08
376.0	3.6476e-08
376.2	3.9975e-08
376.4	4.3808e-08
376.6	4.801e-08
376.8	5.2614e-08
377.0	5.766e-08
377.2	6.3189e-08
377.4	6.9249e-08
377.6	7.589e-08
377.8	8.3168e-08
378.0	9.1144e-08
378.2	9.9885e-08
378.4	1.0946e-07
378.6	1.1996e-07
378.8	1.3147e-07
379.0	1.4408e-07
379.2	1.5789e-07
379.4	1.7303e-07
379.6	1.8963e-07
379.8	2.0781e-07
380.0	2.2774e-07
380.2	2.1085e-07
380.4	1.874e-07
380.6	1.6656e-07
380.8	1.4803e-07
381.0	1.3157e-07
381.2	1.1694e-07
381.4	1.0393e-07
381.6	9.2372e-08
381.8	8.2098e-08
382.0	7.2967e-08
382.2	6.4851e-08
382.4	5.7639e-08
382.6	5.1228e-08
382.8	4.553e-08
383.0	4.0466e-08
383.2	3.5966e-08
383.4	3.1966e-08
383.6	2.841e-08
383.8	2.525e-08
384.0	2.2442e-08
384.2	1.9946e-08
384.4	1.9133e-08
384.6	1.9039e-08
384.8	1.8945e-08
385.0	1.8852e-08
385.2	1.876e-08
385.4	1.8668e-08
385.6	1.8576e-08
385.8	1.8485e-08
386.0	1.8395e-08
386.2	1.8304e-08
386.4	1.8215e-08
386.6	1.8125e-08
386.8	1.8036e-08
387.0	1.7948e-08
387.2	1.786e-08
387.4	1.7772e-08
387.6	1.7685e-08
387.8	1.7598e-08
388.0	1.888e-08
388.2	2.0344e-08
388.4	2.1921e-08
388.6	2.3621e-08
388.8	2.5453e-08
389.0	2.7426e-08
389.2	2.9553e-08
389.4	3.1845e-08
389.6	3.4314e-08
389.8	3.6975e-08
390.0	3.9842e-08
390.2	4.2931e-08
390.4	4.626e-08
390.6	4.9352e-08
390.8	4.7599e-08
391.0	4.5908e-08
391.2	4.4277e-08
391.4	4.2704e-08
391.6	4.1187e-08
391.8	3.9724e-08
392.0	3.8313e-08
392.2	3.6952e-08
392.4	3.5639e-08
392.6	3.4373e-08
392.8	3.3152e-08
393.0	3.1974e-08
393.2	3.0838e-08
393.4	2.9743e-08
393.6	2.8433e-08
393.8	2.7169e-08
394.0	2.5962e-08
394.2	2.4808e-08
394.4	2.3705e-08
394.6	2.2652e-08
394.8	2.1645e-08
395.0	2.0683e-08
395.2	1.9764e-08
395.4	1.8885e-08
395.6	1.8046e-08
395.8	1.7244e-08
396.0	1.6478e-08
396.2	1.5745e-08
396.4	1.5045e-08
396.6	1.4377e-08
396.8	1.3738e-08
397.0	1.3456e-08
397.2	1.4354e-08
397.4	1.5312e-08
397.6	1.6333e-08
397.8	1.7423e-08
398.0	1.8585e-08
398.2	1.9825e-08
398.4	2.1148e-08
398.6	2.2559e-08
398.8	2.4064e-08
399.0	2.5669e-08
399.2	2.7382e-08
399.4	2.9209e-08
399.6	3.1158e-08
399.8	3.3236e-08
400.0	3.5454e-08
400.2	3.7819e-08
400.4	4.0342e-08
400.6	4.3034e-08
400.8	4.5905e-08
401.0	4.8967e-08
401.2	5.2234e-08
401.4	5.5719e-08
401.6	5.9437e-08
401.8	6.3402e-08
402.0	6.5602e-08
402.2	6.1466e-08
402.4	5.7591e-08
402.6	5.396e-08
402.8	5.0558e-08
403.0	4.7371e-08
403.2	4.4385e-08
403.4	4.1586e-08
403.6	3.8965e-08
403.8	3.6508e-08
404.0	3.4207e-08
404.2	3.205e-08
404.4	3.003e-08
404.6	2.8136e-08
404.8	2.6363e-08
405.0	2.4701e-08
405.2	2.3143e-08
405.4	2.1684e-08
405.6	2.0317e-08
405.8	1.9037e-08
406.0	1.7836e-08
406.2	1.6712e-08
406.4	1.5658e-08
406.6	1.4671e-08
406.8	1.3746e-08
407.0	1.3118e-08
407.2	1.3248e-08
407.4	1.3379e-08
407.6	1.3511e-08
407.8	1.3644e-08
408.0	1.3779e-08
408.2	1.3915e-08
408.4	1.4052e-08
408.6	1.4191e-08
408.8	1.4331e-08
409.0	1.4472e-08
409.2	1.4615e-08
409.4	1.4759e-08
409.6	1.4905e-08
409.8	1.5052e-08
410.0	1.5201e-08
410.2	1.5351e-08
410.4	1.5502e-08
410.6	1.5655e-08
410.8	1.581e-08
411.0	1.5966e-08
411.2	1.6123e-08
411.4	1.6282e-08
411.6	1.6443e-08
411.8	1.6605e-08
412.0	1.7042e-08
412.2	1.8405e-08
412.4	1.9877e-08
412.6	2.1466e-08
412.8	2.3183e-08
413.0	2.5037e-08
413.2	2.704e-08
413.4	2.9203e-08
413.6	3.1538e-08
413.8	3.4061e-08
414.0	3.6785e-08
414.2	3.9727e-08
414.4	4.2904e-08
414.6	4.6336e-08
414.8	5.0042e-08
415.0	5.4044e-08
415.2	5.8367e-08
415.4	6.3035e-08
415.6	6.8076e-08
415.8	7.3521e-08
416.0	7.9401e-08
416.2	8.5752e-08
416.4	9.261e-08
416.6	1.0002e-07
416.8	1.0802e-07
417.0	1.1434e-07
417.2	1.1356e-07
417.4	1.1279e-07
417.6	1.1203e-07
417.8	1.1127e-07
418.0	1.1052e-07
418.2	1.0978e-07
418.4	1.0903e-07
418.6	1.083e-07
418.8	1.0756e-07
419.0	1.0684e-07
419.2	1.0611e-07
419.4	1.054e-07
419.6	1.0468e-07
419.8	1.0398e-07
420.0	1.0327e-07
420.2	1.0258e-07
420.4	1.0188e-07
420.6	1.0119e-07
420.8	1.0051e-07
421.0	1.0e-07
421.2	1.0e-07
421.4	1.0e-07
421.6	1.0e-07
421.8	1.0e-07
422.0	1.0e-07
422.2	1.0e-07
422.4	1.0e-07
422.6	1.0e-07
422.8	1.0e-07
423.0	1.0e-07
423.2	1.0e-07
423.4	1.0e-07
423.6	1.0e-07
423.8	1.0e-07
424.0	1.0e-07
424.2	1.0e-07
424.4	1.0e-07
424.6	1.0e-07
424.8	1.0e-07
425.0	1.0e-07
425.2	1.0e-07
425.4	1.0e-07
425.6	1.0e-07
425.8	1.0e-07
426.0	1.0e-07
426.2	1.0e-07
426.4	1.0e-07
426.6	1.0e-07
426.8	1.0e-07
427.0	1.0e-07
427.2	1.0e-07
427.4	1.0e-07
427.6	1.0e-07
427.8	1.0e-07
428.0	1.0e-07
428.2	1.0e-07
428.4	1.0e-07
428.6	9.8862e-08
428.8	9.6878e-08
429.0	9.4935e-08
429.2	9.3031e-08
429.4	9.1165e-08
429.6	8.9336e-08
429.8	8.7544e-08
430.0	8.5788e-08
430.2	1.4393e-07
430.4	9.2272e-08
430.6	1.8531e-07
430.8	3.6849e-07
431.0	2.2553e-07
431.2	2.2563e-07
431.4	1.3147e-07
431.6	7.5296e-08
431.8	7.5219e-08
432.0	7.5141e-08
432.2	1.2059e-07
432.4	1.501e-07
432.6	7.5076e-08
432.8	7.4991e-08
433.0	7.4869e-08
433.2	7.4661e-08
433.4	7.4404e-08
433.6	7.4167e-08
433.8	7.4067e-08
434.0	1.0568e-07
434.2	7.3499e-08
434.4	7.3177e-08
434.6	7.2816e-08
434.8	2.1116e-07
435.0	2.8629e-07
435.2	2.7006e-07
435.4	5.952e-07
435.6	1.3621e-07
435.8	7.1408e-08
436.0	7.1185e-08
436.2	7.0967e-08
436.4	7.093e-08
436.6	2.14e-07
436.8	7.0885e-08
437.0	8.4907e-08
437.2	4.3947e-07
437.4	3.5656e-07
437.6	1.4975e-07
437.8	1.1612e-07
438.0	3.787e-07
438.2	1.202e-07
438.4	7.1659e-08
438.6	9.8994e-08
438.8	2.0845e-07
439.0	1.514e-07
439.2	7.2102e-08
439.4	1.0813e-07
439.6	2.5677e-07
439.8	8.5479e-08
440.0	7.2132e-08
440.2	1.7696e-07
440.4	7.2451e-08
440.6	7.2629e-08
440.8	1.1859e-07
441.0	1.0358e-07
441.2	1.1664e-07
441.4	3.9198e-07
441.6	7.3551e-07
441.8	3.6467e-07
442.0	6.9579e-07
442.2	8.2014e-07
442.4	1.5313e-06
442.6	1.6493e-06
442.8	2.0701e-06
443.0	4.213e-06
443.2	4.8371e-06
443.4	6.7069e-06
443.6	1.0164e-05
443.8	1.5868e-05
444.0	2.4362e-05
444.2	3.7782e-05
444.4	6.3559e-05
444.6	9.9592e-05
444.8	1.6189e-04
445.0	2.6607e-04
445.2	4.4298e-04
445.4	7.6026e-04
445.6	0.00157
445.8	0.00274
446.0	0.00479
446.2	0.00895
446.4	0.01738
446.6	0.03496
446.8	0.07374
447.0	0.13277
447.2	0.27055
447.4	0.49105
447.6	0.72806
447.8	0.88455
448.0	0.94367
448.2	0.95611
448.4	0.95842
448.6	0.95941
448.8	0.96408
449.0	0.96802
449.2	0.9706
449.4	0.97281
449.6	0.97486
449.8	0.97603
450.0	0.97859
450.2	0.98057
450.4	0.98167
450.6	0.98173
450.8	0.98205
451.0	0.98258
451.2	0.98167
451.4	0.9813
451.6	0.98169
451.8	0.98116
452.0	0.98153
452.2	0.98199
452.4	0.98224
452.6	0.98278
452.8	0.98224
453.0	0.98154
453.2	0.98061
453.4	0.9801
453.6	0.97852
453.8	0.97727
454.0	0.97522
454.2	0.97471
454.4	0.97428
454.6	0.97358
454.8	0.97409
455.0	0.97584
455.2	0.97612
455.4	0.97749
455.6	0.9789
455.8	0.97973
456.0	0.98051
456.2	0.97937
456.4	0.98043
456.6	0.97899
456.8	0.97897
457.0	0.9785
457.2	0.97794
457.4	0.97938
457.6	0.97911
457.8	0.98037
458.0	0.98077
458.2	0.98157
458.4	0.98227
458.6	0.9828
458.8	0.98467
459.0	0.98459
459.2	0.9859
459.4	0.98477
459.6	0.9865
459.8	0.9862
460.0	0.98615
460.2	0.98768
460.4	0.98797
460.6	0.98932
460.8	0.99024
461.0	0.99034
461.2	0.98977
461.4	0.98885
461.6	0.98765
461.8	0.98549
462.0	0.98449
462.2	0.98058
462.4	0.97831
462.6	0.97499
462.8	0.97285
463.0	0.97071
463.2	0.96824
463.4	0.96626
463.6	0.96606
463.8	0.96549
464.0	0.96351
464.2	0.96401
464.4	0.96425
464.6	0.96409
464.8	0.9638
465.0	0.96251
465.2	0.96319
465.4	0.96264
465.6	0.96372
465.8	0.96443
466.0	0.96608
466.2	0.96755
466.4	0.96927
466.6	0.97242
466.8	0.97556
467.0	0.97713
467.2	0.97944
467.4	0.98219
467.6	0.9829
467.8	0.98514
468.0	0.98449
468.2	0.98368
468.4	0.98435
468.6	0.98362
468.8	0.98415
469.0	0.98426
469.2	0.98493
469.4	0.98537
469.6	0.98556
469.8	0.98489
470.0	0.98615
470.2	0.98487
470.4	0.98462
470.6	0.98356
470.8	0.98183
471.0	0.98046
471.2	0.97861
471.4	0.97704
471.6	0.9745
471.8	0.97425
472.0	0.97192
472.2	0.97111
472.4	0.97164
472.6	0.96921
472.8	0.96927
473.0	0.96925
473.2	0.96895
473.4	0.96779
473.6	0.96718
473.8	0.96577
474.0	0.9657
474.2	0.96425
474.4	0.96324
474.6	0.9634
474.8	0.96399
475.0	0.9641
475.2	0.96523
475.4	0.96669
475.6	0.96929
475.8	0.97174
476.0	0.97376
476.2	0.97678
476.4	0.9787
476.6	0.98165
476.8	0.98251
477.0	0.98402
477.2	0.98523
477.4	0.98663
477.6	0.98764
477.8	0.98801
478.0	0.98827
478.2	0.98822
478.4	0.98831
478.6	0.98853
478.8	0.98862
479.0	0.98585
479.2	0.9841
479.4	0.9811
479.6	0.97811
479.8	0.9746
480.0	0.97111
480.2	0.96798
480.4	0.96512
480.6	0.96198
480.8	0.96114
481.0	0.95887
481.2	0.95781
481.4	0.95742
481.6	0.95642
481.8	0.95663
482.0	0.95698
482.2	0.95626
482.4	0.95737
482.6	0.95544
482.8	0.9566
483.0	0.95538
483.2	0.95644
483.4	0.95694
483.6	0.95721
483.8	0.95928
484.0	0.96311
484.2	0.96464
484.4	0.96883
484.6	0.97196
484.8	0.97636
485.0	0.97865
485.2	0.98199
485.4	0.98295
485.6	0.98559
485.8	0.98614
486.0	0.98692
486.2	0.98715
486.4	0.98785
486.6	0.98846
486.8	0.98916
487.0	0.98873
487.2	0.98947
487.4	0.98882
487.6	0.9887
487.8	0.98773
488.0	0.98622
488.2	0.9842
488.4	0.98173
488.6	0.97892
488.8	0.97669
489.0	0.97464
489.2	0.97363
489.4	0.9719
489.6	0.97199
489.8	0.97336
490.0	0.97478
490.2	0.97586
490.4	0.97769
490.6	0.9794
490.8	0.98035
491.0	0.98061
491.2	0.98088
491.4	0.98036
491.6	0.97965
491.8	0.97892
492.0	0.97876
492.2	0.9789
492.4	0.9799
492.6	0.98115
492.8	0.98292
493.0	0.98337
493.2	0.98422
493.4	0.98396
493.6	0.98428
493.8	0.98321
494.0	0.98224
494.2	0.98035
494.4	0.97936
494.6	0.97881
494.8	0.97916
495.0	0.98083
495.2	0.98133
495.4	0.98309
495.6	0.9832
495.8	0.98394
496.0	0.98279
496.2	0.98196
496.4	0.98074
496.6	0.97901
496.8	0.97756
497.0	0.97704
497.2	0.97729
497.4	0.9771
497.6	0.97794
497.8	0.97903
498.0	0.97987
498.2	0.98005
498.4	0.98015
498.6	0.97943
498.8	0.97819
499.0	0.97768
499.2	0.97568
499.4	0.97364
499.6	0.96976
499.8	0.96314
500.0	0.95567
500.2	0.94864
500.4	0.94176
500.6	0.93823
500.8	0.93919
501.0	0.94583
501.2	0.9556
501.4	0.96355
501.6	0.96517
501.8	0.95868
502.0	0.94713
502.2	0.93877
502.4	0.93918
502.6	0.9487
502.8	0.93895
503.0	0.83712
503.2	0.58555
503.4	0.30091
503.6	0.11882
503.8	0.04135
504.0	0.0148
504.2	0.00597
504.4	0.00276
504.6	8.5548e-04
504.8	3.6331e-04
505.0	1.5533e-04
505.2	7.0185e-05
505.4	3.4464e-05
505.6	1.8278e-05
505.8	1.0092e-05
506.0	6.2389e-06
506.2	3.6021e-06
506.4	2.0797e-06
506.6	1.4278e-06
506.8	9.837e-07
507.0	7.3206e-07
507.2	5.9791e-07
507.4	5.5253e-07
507.6	5.106e-07
507.8	4.5279e-07
508.0	3.8562e-07
508.2	3.2841e-07
508.4	3.7423e-07
508.6	3.9163e-07
508.8	3.7596e-07
509.0	3.6091e-07
509.2	2.948e-07
509.4	2.4041e-07
509.6	2.2705e-07
509.8	2.522e-07
510.0	2.6541e-07
510.2	2.7924e-07
510.4	2.8415e-07
510.6	2.7868e-07
510.8	2.7332e-07
511.0	2.8805e-07
511.2	2.924e-07
511.4	2.8615e-07
511.6	2.792e-07
511.8	2.0379e-07
512.0	1.4874e-07
512.2	1.4366e-07
512.4	1.8389e-07
512.6	1.7847e-07
512.8	1.732e-07
513.0	1.63e-07
513.2	1.4876e-07
513.4	1.3576e-07
513.6	1.4298e-07
513.8	1.161e-07
514.0	7.2532e-08
514.2	4.5314e-08
514.4	6.1757e-08
514.6	8.5173e-08
514.8	1.1058e-07
515.0	1.3413e-07
515.2	1.5009e-07
515.4	1.6774e-07
515.6	1.4789e-07
515.8	9.9789e-08
516.0	6.7332e-08
516.2	7.9888e-08
516.4	8.7463e-08
516.6	8.6921e-08
516.8	8.6384e-08
517.0	8.5911e-08
517.2	8.5441e-08
517.4	2.1261e-08
517.6	4.1689e-08
517.8	8.1745e-08
518.0	9.4949e-08
518.2	6.3248e-08
518.4	4.2131e-08
518.6	5.4281e-08
518.8	7.1378e-08
519.0	9.3859e-08
519.2	1.2342e-07
519.4	1.6229e-07
519.6	2.1341e-07
519.8	2.8062e-07
520.0	3.3282e-07
520.2	3.2723e-07
520.4	3.2173e-07
520.6	3.1632e-07
520.8	3.1101e-07
521.0	3.0579e-07
521.2	3.0065e-07
521.4	2.956e-07
521.6	2.9063e-07
521.8	2.8575e-07
522.0	2.8095e-07
522.2	2.7623e-07
522.4	2.7159e-07
522.6	2.6703e-07
522.8	2.6254e-07
523.0	2.5813e-07
523.2	2.538e-07
523.4	2.4953e-07
523.6	2.4672e-07
523.8	2.4439e-07
524.0	2.4207e-07
524.2	2.3978e-07
524.4	2.3751e-07
524.6	2.3526e-07
524.8	2.3303e-07
525.0	2.3082e-07
525.2	2.2864e-07
525.4	2.2647e-07
525.6	2.2433e-07
525.8	2.222e-07
526.0	2.201e-07
526.2	2.1801e-07
526.4	2.1595e-07
526.6	2.1391e-07
526.8	2.1188e-07
527.0	2.0987e-07
527.2	2.0789e-07
527.4	2.0592e-07
527.6	2.0397e-07
527.8	2.0203e-07
528.0	2.0012e-07
528.2	1.9823e-07
528.4	1.9679e-07
528.6	1.9669e-07
528.8	1.966e-07
529.0	1.9651e-07
529.2	1.9642e-07
529.4	1.9633e-07
529.6	1.9624e-07
529.8	1.9614e-07
530.0	1.9605e-07
530.2	1.9596e-07
530.4	1.9587e-07
530.6	1.9578e-07
530.8	1.9569e-07
531.0	1.956e-07
531.2	1.955e-07
531.4	1.9541e-07
531.6	1.9532e-07
531.8	1.9523e-07
532.0	1.9514e-07
532.2	1.9505e-07
532.4	1.9496e-07
532.6	1.9487e-07
532.8	1.9478e-07
533.0	1.9469e-07
533.2	1.946e-07
533.4	1.9517e-07
533.6	1.9598e-07
533.8	1.968e-07
534.0	1.9762e-07
534.2	1.9844e-07
534.4	1.9927e-07
534.6	2.001e-07
534.8	2.0094e-07
535.0	2.0178e-07
535.2	2.0262e-07
535.4	2.0346e-07
535.6	2.0431e-07
535.8	2.0516e-07
536.0	2.0602e-07
536.2	2.0688e-07
536.4	2.0774e-07
536.6	2.0861e-07
536.8	2.0948e-07
537.0	2.1035e-07
537.2	2.1123e-07
537.4	2.1211e-07
537.6	2.13e-07
537.8	2.1388e-07
538.0	2.1478e-07
538.2	2.151e-07
538.4	2.1362e-07
538.6	2.1215e-07
538.8	2.1069e-07
539.0	2.0923e-07
539.2	2.0779e-07
539.4	2.0636e-07
539.6	2.0494e-07
539.8	2.0353e-07
540.0	2.0213e-07
540.2	2.0073e-07
540.4	1.9935e-07
540.6	1.9798e-07
540.8	1.9661e-07
541.0	1.9526e-07
541.2	1.9392e-07
541.4	1.9258e-07
541.6	1.9125e-07
541.8	1.8994e-07
542.0	1.8863e-07
542.2	1.8733e-07
542.4	1.8604e-07
542.6	1.8476e-07
542.8	1.8348e-07
543.0	1.8222e-07
543.2	1.8066e-07
543.4	1.7902e-07
543.6	1.7739e-07
543.8	1.7577e-07
544.0	1.7417e-07
544.2	1.7259e-07
544.4	1.7102e-07
544.6	1.6946e-07
544.8	1.6792e-07
545.0	1.6639e-07
545.2	1.6488e-07
545.4	1.6338e-07
545.6	1.6189e-07
545.8	1.6042e-07
546.0	1.5896e-07
546.2	1.5751e-07
546.4	1.5608e-07
546.6	1.5466e-07
546.8	1.5325e-07
547.0	1.5185e-07
547.2	1.5047e-07
547.4	1.491e-07
547.6	1.4775e-07
547.8	1.464e-07
548.0	1.4525e-07
548.2	1.4467e-07
548.4	1.4409e-07
548.6	1.4351e-07
548.8	1.4294e-07
549.0	1.4237e-07
549.2	1.418e-07
549.4	1.4123e-07
549.6	1.4066e-07
549.8	1.401e-07
550.0	1.3954e-07
550.2	1.3898e-07
550.4	1.3842e-07
550.6	1.3786e-07
550.8	1.3731e-07
551.0	1.3676e-07
551.2	1.3621e-07
551.4	1.3567e-07
551.6	1.3512e-07
551.8	1.3458e-07
552.0	1.3404e-07
552.2	1.335e-07
552.4	1.3297e-07
552.6	1.3244e-07
552.8	1.319e-07
553.0	1.3118e-07
553.2	1.304e-07
553.4	1.2962e-07
553.6	1.2884e-07
553.8	1.2807e-07
554.0	1.273e-07
554.2	1.2654e-07
554.4	1.2578e-07
554.6	1.2503e-07
554.8	1.2428e-07
555.0	1.2354e-07
555.2	1.228e-07
555.4	1.2207e-07
555.6	1.2134e-07
555.8	1.2061e-07
556.0	1.1989e-07
556.2	1.1917e-07
556.4	1.1846e-07
556.6	1.1775e-07
556.8	1.1704e-07
557.0	1.1634e-07
557.2	1.1565e-07
557.4	1.1495e-07
557.6	1.1427e-07
557.8	1.1391e-07
558.0	1.146e-07
558.2	1.1529e-07
558.4	1.16e-07
558.6	1.167e-07
558.8	1.1741e-07
559.0	1.1812e-07
559.2	1.1884e-07
559.4	1.1956e-07
559.6	1.2029e-07
559.8	1.2102e-07
560.0	1.2176e-07
560.2	1.225e-07
560.4	1.2324e-07
560.6	1.2399e-07
560.8	1.2474e-07
561.0	1.255e-07
561.2	1.2626e-07
561.4	1.2703e-07
561.6	1.278e-07
561.8	1.2858e-07
562.0	1.2936e-07
562.2	1.3015e-07
562.4	1.3094e-07
562.6	1.3173e-07
562.8	1.3133e-07
563.0	1.3047e-07
563.2	1.2962e-07
563.4	1.2877e-07
563.6	1.2793e-07
563.8	1.2709e-07
564.0	1.2626e-07
564.2	1.2544e-07
564.4	1.2462e-07
564.6	1.238e-07
564.8	1.2299e-07
565.0	1.2219e-07
565.2	1.2139e-07
565.4	1.206e-07
565.6	1.1981e-07
565.8	1.1902e-07
566.0	1.1825e-07
566.2	1.1747e-07
566.4	1.167e-07
566.6	1.1594e-07
566.8	1.1518e-07
567.0	1.1443e-07
567.2	1.1368e-07
567.4	1.1294e-07
567.6	1.1243e-07
567.8	1.1265e-07
568.0	1.1286e-07
568.2	1.1308e-07
568.4	1.133e-07
568.6	1.1351e-07
568.8	1.1373e-07
569.0	1.1395e-07
569.2	1.1417e-07
569.4	1.1439e-07
569.6	1.1461e-07
569.8	1.1483e-07
570.0	1.1505e-07
570.2	1.1527e-07
570.4	1.1549e-07
570.6	1.1571e-07
570.8	1.1593e-07
571.0	1.1616e-07
571.2	1.1638e-07
571.4	1.166e-07
571.6	1.1683e-07
571.8	1.1705e-07
572.0	1.1728e-07
572.2	1.175e-07
572.4	1.1693e-07
572.6	1.1563e-07
572.8	1.1435e-07
573.0	1.1307e-07
573.2	1.1182e-07
573.4	1.1057e-07
573.6	1.0934e-07
573.8	1.0813e-07
574.0	1.0692e-07
574.2	1.0573e-07
574.4	1.0456e-07
574.6	1.0339e-07
574.8	1.0224e-07
575.0	1.0111e-07
575.2	9.998e-08
575.4	9.8868e-08
575.6	9.7768e-08
575.8	9.668e-08
576.0	9.5966e-08
576.2	9.5267e-08
576.4	9.4574e-08
576.6	9.3886e-08
576.8	9.3203e-08
577.0	9.2525e-08
577.2	9.1852e-08
577.4	9.1183e-08
577.6	9.052e-08
577.8	8.9861e-08
578.0	8.9208e-08
578.2	8.8558e-08
578.4	8.7914e-08
578.6	8.7274e-08
578.8	8.664e-08
579.0	8.6009e-08
579.2	8.6132e-08
579.4	8.9529e-08
579.6	9.3059e-08
579.8	9.6729e-08
580.0	1.0054e-07
580.2	1.0451e-07
580.4	1.0863e-07
580.6	1.1291e-07
580.8	1.1736e-07
581.0	1.2199e-07
581.2	1.268e-07
581.4	1.318e-07
581.6	1.37e-07
581.8	1.424e-07
582.0	1.4802e-07
582.2	1.5385e-07
582.4	1.5992e-07
582.6	1.6623e-07
582.8	1.7278e-07
583.0	1.7959e-07
583.2	1.8668e-07
583.4	1.9404e-07
583.6	2.0169e-07
583.8	2.0964e-07
584.0	2.1791e-07
584.2	2.265e-07
584.4	2.2466e-07
584.6	2.2161e-07
584.8	2.1861e-07
585.0	2.1564e-07
585.2	2.1272e-07
585.4	2.0984e-07
585.6	2.0699e-07
585.8	2.0418e-07
586.0	2.0142e-07
586.2	1.9868e-07
586.4	1.9599e-07
586.6	1.9333e-07
586.8	1.9071e-07
587.0	1.8813e-07
587.2	1.8557e-07
587.4	1.8306e-07
587.6	1.8058e-07
587.8	1.7813e-07
588.0	1.7618e-07
588.2	1.7464e-07
588.4	1.7311e-07
588.6	1.7159e-07
588.8	1.7009e-07
589.0	1.686e-07
589.2	1.6713e-07
589.4	1.6566e-07
589.6	1.6421e-07
589.8	1.6278e-07
590.0	1.6135e-07
590.2	1.5994e-07
590.4	1.5854e-07
590.6	1.5715e-07
590.8	1.5577e-07
591.0	1.5441e-07
591.2	1.5306e-07
591.4	1.5172e-07
591.6	1.5048e-07
591.8	1.4955e-07
592.0	1.4864e-07
592.2	1.4773e-07
592.4	1.4683e-07
592.6	1.4593e-07
592.8	1.4504e-07
593.0	1.4415e-07
593.2	1.4327e-07
593.4	1.4239e-07
593.6	1.4152e-07
593.8	1.4065e-07
594.0	1.3979e-07
594.2	1.3894e-07
594.4	1.3809e-07
594.6	1.3724e-07
594.8	1.364e-07
595.0	1.3557e-07
595.2	1.3474e-07
595.4	1.3257e-07
595.6	1.3027e-07
595.8	1.2801e-07
596.0	1.2578e-07
596.2	1.236e-07
596.4	1.2145e-07
596.6	1.1934e-07
596.8	1.1727e-07
597.0	1.1523e-07
597.2	1.1323e-07
597.4	1.1126e-07
597.6	1.0933e-07
597.8	1.0743e-07
598.0	1.0557e-07
598.2	1.0373e-07
598.4	1.0193e-07
598.6	1.0016e-07
598.8	9.8421e-08
599.0	9.8426e-08
599.2	9.9744e-08
599.4	1.0108e-07
599.6	1.0243e-07
599.8	1.0381e-07
600.0	1.052e-07
600.2	1.066e-07
600.4	1.0803e-07
600.6	1.0948e-07
600.8	1.1094e-07
601.0	1.1243e-07
601.2	1.1394e-07
601.4	1.1546e-07
601.6	1.1701e-07
601.8	1.1858e-07
602.0	1.2016e-07
602.2	1.2177e-07
602.4	1.234e-07
602.6	1.2364e-07
602.8	1.2001e-07
603.0	1.165e-07
603.2	1.1308e-07
603.4	1.0977e-07
603.6	1.0655e-07
603.8	1.0343e-07
604.0	1.004e-07
604.2	9.7453e-08
604.4	9.4596e-08
604.6	9.1824e-08
604.8	8.9132e-08
605.0	8.652e-08
605.2	8.3984e-08
605.4	8.1522e-08
605.6	7.9133e-08
605.8	7.6813e-08
606.0	7.4562e-08
606.2	7.2376e-08
606.4	7.2424e-08
606.6	7.2553e-08
606.8	7.2681e-08
607.0	7.281e-08
607.2	7.2938e-08
607.4	7.3067e-08
607.6	7.3197e-08
607.8	7.3326e-08
608.0	7.3456e-08
608.2	7.3854e-08
608.4	7.4253e-08
608.6	7.4655e-08
608.8	7.5059e-08
609.0	7.5133e-08
609.2	7.5106e-08
609.4	7.5079e-08
609.6	7.5052e-08
609.8	7.5024e-08
610.0	7.4997e-08
610.2	7.497e-08
610.4	7.4943e-08
610.6	7.4915e-08
610.8	7.4888e-08
611.0	7.4861e-08
611.2	7.4834e-08
611.4	7.4807e-08
611.6	7.478e-08
611.8	7.4752e-08
612.0	7.4725e-08
612.2	7.4698e-08
612.4	7.4671e-08
612.6	7.42e-08
612.8	7.3002e-08
613.0	7.1823e-08
613.2	7.0663e-08
613.4	6.9522e-08
613.6	6.8399e-08
613.8	6.7295e-08
614.0	6.6208e-08
614.2	6.5139e-08
614.4	6.4087e-08
614.6	6.3052e-08
614.8	6.2034e-08
615.0	6.1032e-08
615.2	6.0047e-08
615.4	5.9077e-08
615.6	5.8123e-08
615.8	5.7185e-08
616.0	5.6261e-08
616.2	5.5353e-08
616.4	5.529e-08
616.6	5.5228e-08
616.8	5.5166e-08
617.0	5.5104e-08
617.2	5.5042e-08
617.4	5.498e-08
617.6	5.4918e-08
617.8	5.4856e-08
618.0	5.4794e-08
618.2	5.4732e-08
618.4	5.4671e-08
618.6	5.4609e-08
618.8	5.4548e-08
619.0	5.4486e-08
619.2	5.4425e-08
619.4	5.4364e-08
619.6	5.4302e-08
619.8	5.4241e-08
620.0	5.4066e-08
620.2	5.3827e-08
620.4	5.3588e-08
620.6	5.335e-08
620.8	5.3114e-08
621.0	5.2879e-08
621.2	5.2644e-08
621.4	5.2411e-08
621.6	5.2179e-08
621.8	5.1947e-08
622.0	5.1717e-08
622.2	5.1488e-08
622.4	5.126e-08
622.6	5.1033e-08
622.8	5.0806e-08
623.0	5.0581e-08
623.2	5.0357e-08
623.4	5.0134e-08
623.6	4.968e-08
623.8	4.8647e-08
624.0	4.7634e-08
624.2	4.6643e-08
624.4	4.5672e-08
624.6	4.4722e-08
624.8	4.3791e-08
625.0	4.288e-08
625.2	4.1988e-08
625.4	4.1114e-08
625.6	4.0258e-08
625.8	3.9421e-08
626.0	3.86e-08
626.2	3.7797e-08
626.4	3.701e-08
626.6	3.624e-08
626.8	3.5486e-08
627.0	3.4748e-08
627.2	3.4025e-08
627.4	3.4751e-08
627.6	3.5597e-08
627.8	3.6464e-08
628.0	3.7352e-08
628.2	3.8262e-08
628.4	3.9194e-08
628.6	4.0148e-08
628.8	4.1126e-08
629.0	4.2128e-08
629.2	4.3153e-08
629.4	4.4204e-08
629.6	4.5281e-08
629.8	4.6384e-08
630.0	4.7513e-08
630.2	4.867e-08
630.4	4.9855e-08
630.6	5.107e-08
630.8	5.2313e-08
631.0	5.2001e-08
631.2	5.0644e-08
631.4	4.9322e-08
631.6	4.8035e-08
631.8	4.6782e-08
632.0	4.5561e-08
632.2	4.4372e-08
632.4	4.3214e-08
632.6	4.2087e-08
632.8	4.0988e-08
633.0	3.9919e-08
633.2	3.8877e-08
633.4	3.7863e-08
633.6	3.6875e-08
633.8	3.5912e-08
634.0	3.4975e-08
634.2	3.4063e-08
634.4	3.3174e-08
634.6	3.2739e-08
634.8	3.3489e-08
635.0	3.4257e-08
635.2	3.5042e-08
635.4	3.5845e-08
635.6	3.6666e-08
635.8	3.7506e-08
636.0	3.8366e-08
636.2	3.9245e-08
636.4	4.0144e-08
636.6	4.1064e-08
636.8	4.2005e-08
637.0	4.2967e-08
637.2	4.3952e-08
637.4	4.4959e-08
637.6	4.5989e-08
637.8	4.7043e-08
638.0	4.8121e-08
638.2	4.9224e-08
638.4	4.9057e-08
638.6	4.8832e-08
638.8	4.8607e-08
639.0	4.8384e-08
639.2	4.8161e-08
639.4	4.794e-08
639.6	4.7719e-08
639.8	4.75e-08
640.0	4.7281e-08
640.2	4.7064e-08
640.4	4.6847e-08
640.6	4.6632e-08
640.8	4.6417e-08
641.0	4.6204e-08
641.2	4.5991e-08
641.4	4.578e-08
641.6	4.5569e-08
641.8	4.536e-08
642.0	4.5152e-08
642.2	4.4945e-08
642.4	4.4739e-08
642.6	4.4535e-08
642.8	4.4331e-08
643.0	4.4128e-08
643.2	4.3926e-08
643.4	4.3725e-08
643.6	4.3525e-08
643.8	4.3325e-08
644.0	4.3127e-08
644.2	4.293e-08
644.4	4.2733e-08
644.6	4.2538e-08
644.8	4.2343e-08
645.0	4.2149e-08
645.2	4.1956e-08
645.4	4.1764e-08
645.6	4.1407e-08
645.8	4.0757e-08
646.0	4.0117e-08
646.2	3.9488e-08
646.4	3.8868e-08
646.6	3.8258e-08
646.8	3.7657e-08
647.0	3.7066e-08
647.2	3.6484e-08
647.4	3.5911e-08
647.6	3.5347e-08
647.8	3.4792e-08
648.0	3.4246e-08
648.2	3.3709e-08
648.4	3.3179e-08
648.6	3.2659e-08
648.8	3.2146e-08
649.0	3.1641e-08
649.2	3.1133e-08
649.4	3.0477e-08
649.6	2.9834e-08
649.8	2.9206e-08
650.0	2.859e-08
650.2	2.7988e-08
650.4	2.7398e-08
650.6	2.6821e-08
650.8	2.6256e-08
651.0	2.5703e-08
651.2	2.5161e-08
651.4	2.4631e-08
651.6	2.4112e-08
651.8	2.3604e-08
652.0	2.3107e-08
652.2	2.262e-08
652.4	2.2143e-08
652.6	2.1677e-08
652.8	2.122e-08
653.0	2.1927e-08
653.2	2.2976e-08
653.4	2.4074e-08
653.6	2.5226e-08
653.8	2.6432e-08
654.0	2.7696e-08
654.2	2.9021e-08
654.4	3.0409e-08
654.6	3.1863e-08
654.8	3.3387e-08
655.0	3.4983e-08
655.2	3.6657e-08
655.4	3.841e-08
655.6	4.0247e-08
655.8	4.2171e-08
656.0	4.4188e-08
656.2	4.6301e-08
656.4	4.8516e-08
656.6	4.8236e-08
656.8	4.5777e-08
657.0	4.3442e-08
657.2	4.1227e-08
657.4	3.9125e-08
657.6	3.713e-08
657.8	3.5237e-08
658.0	3.344e-08
658.2	3.1735e-08
658.4	3.0117e-08
658.6	2.8581e-08
658.8	2.7124e-08
659.0	2.5741e-08
659.2	2.4428e-08
659.4	2.3183e-08
659.6	2.2e-08
659.8	2.0879e-08
660.0	1.9814e-08
660.2	1.9596e-08
660.4	2.1606e-08
660.6	2.3822e-08
660.8	2.6266e-08
661.0	2.8961e-08
661.2	3.1932e-08
661.4	3.5207e-08
661.6	3.8819e-08
661.8	4.2801e-08
662.0	4.7192e-08
662.2	5.2033e-08
662.4	5.7371e-08
662.6	6.3257e-08
662.8	6.9746e-08
663.0	7.6901e-08
663.2	8.479e-08
663.4	9.3488e-08
663.6	1.0308e-07
663.8	1.1359e-07
664.0	1.2313e-07
664.2	1.3347e-07
664.4	1.4469e-07
664.6	1.5684e-07
664.8	1.7002e-07
665.0	1.843e-07
665.2	1.9978e-07
665.4	2.1657e-07
665.6	2.3476e-07
665.8	2.5449e-07
666.0	2.7587e-07
666.2	2.9904e-07
666.4	3.2417e-07
666.6	3.514e-07
666.8	3.8092e-07
667.0	4.1293e-07
667.2	4.4762e-07
667.4	4.8522e-07
667.6	4.6143e-07
667.8	4.2466e-07
668.0	3.9083e-07
668.2	3.5969e-07
668.4	3.3103e-07
668.6	3.0465e-07
668.8	2.8038e-07
669.0	2.5804e-07
669.2	2.3748e-07
669.4	2.1856e-07
669.6	2.0114e-07
669.8	1.8512e-07
670.0	1.7037e-07
670.2	1.5679e-07
670.4	1.443e-07
670.6	1.328e-07
670.8	1.2222e-07
671.0	1.1248e-07
671.2	1.0977e-07
671.4	1.1186e-07
671.6	1.1398e-07
671.8	1.1615e-07
672.0	1.1836e-07
672.2	1.2061e-07
672.4	1.2291e-07
672.6	1.2525e-07
672.8	1.2763e-07
673.0	1.3006e-07
673.2	1.0719e-07
673.4	8.8345e-08
673.6	7.2812e-08
673.8	6.001e-08
674.0	5.1796e-08
674.2	5.8688e-08
674.4	6.6498e-08
674.6	7.5347e-08
674.8	8.5374e-08
675.0	9.6735e-08
675.2	1.0961e-07
675.4	1.2419e-07
675.6	1.4072e-07
675.8	1.5945e-07
676.0	1.8067e-07
676.2	2.0471e-07
676.4	2.3195e-07
676.6	2.6282e-07
676.8	2.9779e-07
677.0	3.3742e-07
677.2	3.8232e-07
677.4	4.332e-07
677.6	4.9085e-07
677.8	4.3715e-07
678.0	3.7125e-07
678.2	3.1528e-07
678.4	2.6774e-07
678.6	2.2738e-07
678.8	1.931e-07
679.0	1.6398e-07
679.2	1.3926e-07
679.4	1.1827e-07
679.6	1.0044e-07
679.8	8.5293e-08
680.0	7.2434e-08
680.2	6.1513e-08
680.4	5.2239e-08
680.6	4.4363e-08
680.8	3.7675e-08
681.0	3.1995e-08
681.2	2.7171e-08
681.4	2.6308e-08
681.6	2.8613e-08
681.8	3.112e-08
682.0	3.3847e-08
682.2	3.6812e-08
682.4	4.0038e-08
682.6	4.3546e-08
682.8	4.7362e-08
683.0	5.1512e-08
683.2	5.6025e-08
683.4	6.0934e-08
683.6	6.6273e-08
683.8	7.208e-08
684.0	7.8396e-08
684.2	8.5265e-08
684.4	9.2736e-08
684.6	1.0086e-07
684.8	1.097e-07
685.0	1.2016e-07
685.2	1.3458e-07
685.4	1.5074e-07
685.6	1.6883e-07
685.8	1.891e-07
686.0	2.118e-07
686.2	2.3722e-07
686.4	2.657e-07
686.6	2.976e-07
686.8	3.3332e-07
687.0	3.7334e-07
687.2	4.1816e-07
687.4	4.6835e-07
687.6	5.2458e-07
687.8	5.8755e-07
688.0	6.5808e-07
688.2	7.3708e-07
688.4	8.2557e-07
688.6	9.2467e-07
688.8	9.2512e-07
689.0	9.2123e-07
689.2	9.1736e-07
689.4	9.135e-07
689.6	9.0965e-07
689.8	9.0583e-07
690.0	9.0202e-07
690.2	8.9822e-07
690.4	8.9444e-07
690.6	8.9068e-07
690.8	8.8693e-07
691.0	8.832e-07
691.2	8.7948e-07
691.4	8.7578e-07
691.6	8.721e-07
691.8	8.6843e-07
692.0	8.6478e-07
692.2	8.6114e-07
692.4	8.29e-07
692.6	7.8576e-07
692.8	7.4476e-07
693.0	7.0591e-07
693.2	6.6908e-07
693.4	6.3418e-07
693.6	6.0109e-07
693.8	5.6974e-07
694.0	5.4001e-07
694.2	5.1184e-07
694.4	4.8514e-07
694.6	4.5983e-07
694.8	4.3584e-07
695.0	4.131e-07
695.2	3.9155e-07
695.4	3.7113e-07
695.6	3.5177e-07
695.8	3.3341e-07
696.0	3.2787e-07
696.2	3.3888e-07
696.4	3.5025e-07
696.6	3.6201e-07
696.8	3.7417e-07
697.0	3.8673e-07
697.2	3.9972e-07
697.4	4.1314e-07
697.6	4.2701e-07
697.8	4.4134e-07
698.0	4.5616e-07
698.2	4.7148e-07
698.4	4.8731e-07
698.6	5.0367e-07
698.8	5.2058e-07
699.0	5.3806e-07
699.2	5.5612e-07
699.4	5.748e-07
699.6	5.7733e-07
699.8	5.0667e-07
700.0	4.4466e-07
700.2	3.9024e-07
700.4	3.4248e-07
700.6	3.0057e-07
700.8	2.6378e-07
701.0	2.315e-07
701.2	2.0317e-07
701.4	1.783e-07
701.6	1.5648e-07
701.8	1.3733e-07
702.0	1.2052e-07
702.2	1.0577e-07
702.4	9.2827e-08
702.6	8.1467e-08
702.8	7.1496e-08
703.0	6.2746e-08
703.2	5.5067e-08
703.4	5.3256e-08
703.6	5.1854e-08
703.8	5.0488e-08
704.0	4.9159e-08
704.2	4.7864e-08
704.4	4.6604e-08
704.6	4.5377e-08
704.8	4.4182e-08
705.0	4.3019e-08
705.2	4.1886e-08
705.4	4.0783e-08
705.6	3.9709e-08
705.8	3.8663e-08
706.0	3.7645e-08
706.2	3.6654e-08
706.4	3.5689e-08
706.6	3.4749e-08
706.8	3.3834e-08
707.0	3.5839e-08
707.2	3.9324e-08
707.4	4.3149e-08
707.6	4.7345e-08
707.8	5.195e-08
708.0	5.7002e-08
708.2	6.2546e-08
708.4	6.8629e-08
708.6	7.5303e-08
708.8	8.2627e-08
709.0	9.0663e-08
709.2	9.948e-08
709.4	1.0916e-07
709.6	1.1977e-07
709.8	1.3142e-07
710.0	1.442e-07
710.2	1.5823e-07
710.4	1.7361e-07
710.6	1.8713e-07
710.8	1.9784e-07
711.0	2.0917e-07
711.2	2.2114e-07
711.4	2.338e-07
711.6	2.4718e-07
711.8	2.6133e-07
712.0	2.7629e-07
712.2	2.9211e-07
712.4	3.0883e-07
712.6	3.265e-07
712.8	3.4519e-07
713.0	3.6495e-07
713.2	3.8584e-07
713.4	4.0793e-07
713.6	4.3128e-07
713.8	4.5597e-07
714.0	4.8207e-07
714.2	4.9597e-07
714.4	4.7404e-07
714.6	4.5309e-07
714.8	4.3306e-07
715.0	4.1391e-07
715.2	3.9561e-07
715.4	3.7813e-07
715.6	3.6141e-07
715.8	3.4543e-07
716.0	3.3016e-07
716.2	3.1557e-07
716.4	3.0162e-07
716.6	2.8828e-07
716.8	2.7554e-07
717.0	2.6336e-07
717.2	2.5172e-07
717.4	2.4059e-07
717.6	2.2995e-07
717.8	2.2141e-07
718.0	2.3513e-07
718.2	2.497e-07
718.4	2.6517e-07
718.6	2.816e-07
718.8	2.9905e-07
719.0	3.1758e-07
719.2	3.3726e-07
719.4	3.5815e-07
719.6	3.8034e-07
719.8	4.0391e-07
720.0	4.2894e-07
720.2	4.5551e-07
720.4	4.8374e-07
720.6	5.1371e-07
720.8	5.4554e-07
721.0	5.7934e-07
721.2	6.1524e-07
721.4	6.5336e-07
721.6	6.8998e-07
721.8	7.2809e-07
722.0	7.6832e-07
722.2	8.1076e-07
722.4	8.5555e-07
722.6	9.0282e-07
722.8	9.527e-07
723.0	1.0053e-06
723.2	1.0609e-06
723.4	1.1195e-06
723.6	1.1813e-06
723.8	1.2466e-06
724.0	1.3155e-06
724.2	1.3881e-06
724.4	1.4648e-06
724.6	1.5457e-06
724.8	1.6311e-06
725.0	1.7212e-06
725.2	1.7428e-06
725.4	1.7336e-06
725.6	1.7245e-06
725.8	1.7154e-06
726.0	1.7063e-06
726.2	1.6973e-06
726.4	1.6884e-06
726.6	1.6795e-06
726.8	1.6706e-06
727.0	1.6618e-06
727.2	1.6531e-06
727.4	1.6444e-06
727.6	1.6357e-06
727.8	1.6271e-06
728.0	1.6185e-06
728.2	1.61e-06
728.4	1.6015e-06
728.6	1.593e-06
728.8	1.4969e-06
729.0	1.3372e-06
729.2	1.1946e-06
729.4	1.0672e-06
729.6	9.5336e-07
729.8	8.5167e-07
730.0	7.6083e-07
730.2	6.7968e-07
730.4	6.0719e-07
730.6	5.4242e-07
730.8	4.8457e-07
731.0	4.3289e-07
731.2	3.8671e-07
731.4	3.4547e-07
731.6	3.0862e-07
731.8	2.757e-07
732.0	2.463e-07
732.2	2.2003e-07
732.4	2.042e-07
732.6	2.0222e-07
732.8	2.0027e-07
733.0	1.9833e-07
733.2	1.9641e-07
733.4	1.9451e-07
733.6	1.9263e-07
733.8	1.9076e-07
734.0	1.8892e-07
734.2	1.8709e-07
734.4	1.8528e-07
734.6	1.8349e-07
734.8	1.8171e-07
735.0	1.7995e-07
735.2	1.7821e-07
735.4	1.7649e-07
735.6	1.7478e-07
735.8	1.7309e-07
736.0	1.7469e-07
736.2	1.8855e-07
736.4	2.0351e-07
736.6	2.1966e-07
736.8	2.3709e-07
737.0	2.559e-07
737.2	2.7621e-07
737.4	2.9813e-07
737.6	3.2178e-07
737.8	3.4732e-07
738.0	3.7487e-07
738.2	3.7752e-07
738.4	4.1481e-07
738.6	4.5579e-07
738.8	5.0081e-07
739.0	5.5029e-07
739.2	5.722e-07
739.4	5.9194e-07
739.6	6.1237e-07
739.8	6.335e-07
740.0	6.8113e-07
740.2	7.4084e-07
740.4	8.0578e-07
740.6	8.7641e-07
740.8	9.9794e-07
741.0	1.168e-06
741.2	1.367e-06
741.4	1.6e-06
741.6	1.8362e-06
741.8	2.0631e-06
742.0	2.318e-06
742.2	2.6044e-06
742.4	2.8772e-06
742.6	3.0739e-06
742.8	3.2841e-06
743.0	3.5086e-06
743.2	3.6963e-06
743.4	3.6679e-06
743.6	3.6397e-06
743.8	3.6117e-06
744.0	3.5745e-06
744.2	3.3639e-06
744.4	3.1658e-06
744.6	2.9793e-06
744.8	2.8039e-06
745.0	2.6591e-06
745.2	2.5239e-06
745.4	2.3956e-06
745.6	2.2737e-06
745.8	2.1861e-06
746.0	2.1101e-06
746.2	2.0368e-06
746.4	1.966e-06
746.6	1.9155e-06
746.8	1.8767e-06
747.0	1.8387e-06
747.2	1.8015e-06
747.4	1.796e-06
747.6	1.8237e-06
747.8	1.8518e-06
748.0	1.8804e-06
748.2	1.9383e-06
748.4	2.0559e-06
748.6	2.1806e-06
748.8	2.3129e-06
749.0	2.4339e-06
749.2	2.4842e-06
749.4	2.5356e-06
749.6	2.588e-06
749.8	2.655e-06
750.0	2.9322e-06
750.2	3.2384e-06
750.4	3.5765e-06
750.6	3.9499e-06
750.8	4.3144e-06
751.0	4.7083e-06
751.2	5.1382e-06
751.4	5.6073e-06
751.6	6.2637e-06
751.8	7.0419e-06
752.0	7.9168e-06
752.2	8.9004e-06
752.4	1.0238e-05
752.6	1.1923e-05
752.8	1.3886e-05
753.0	1.6171e-05
753.2	1.9503e-05
753.4	2.4311e-05
753.6	3.0303e-05
753.8	3.7773e-05
754.0	4.8669e-05
754.2	6.6267e-05
754.4	9.0228e-05
754.6	1.2285e-04
754.8	1.6905e-04
755.0	2.405e-04
755.2	3.4217e-04
755.4	4.868e-04
755.6	6.6694e-04
755.8	6.6254e-04
756.0	6.5817e-04
756.2	6.5382e-04
756.4	6.4951e-04
756.6	5.3959e-04
756.8	4.4581e-04
757.0	3.6832e-04
757.2	3.043e-04
757.4	2.7486e-04
757.6	2.5267e-04
757.8	2.3227e-04
758.0	2.1352e-04
758.2	2.086e-04
758.4	2.0918e-04
758.6	2.0976e-04
758.8	2.1034e-04
759.0	2.1731e-04
759.2	2.2964e-04
759.4	2.4267e-04
759.6	2.5643e-04
759.8	2.7544e-04
760.0	3.022e-04
760.2	3.3156e-04
760.4	3.6377e-04
760.6	3.9589e-04
760.8	4.2297e-04
761.0	4.519e-04
761.2	4.8282e-04
761.4	5.083e-04
761.6	4.98e-04
761.8	4.8791e-04
762.0	4.7802e-04
762.2	4.671e-04
762.4	4.2854e-04
762.6	3.9317e-04
762.8	3.6071e-04
763.0	3.3094e-04
763.2	3.0422e-04
763.4	2.7971e-04
763.6	2.5717e-04
763.8	2.3645e-04
764.0	2.2203e-04
764.2	2.0972e-04
764.4	1.9809e-04
764.6	1.8711e-04
764.8	1.796e-04
765.0	1.739e-04
765.2	1.6837e-04
765.4	1.6302e-04
765.6	1.5965e-04
765.8	1.5801e-04
766.0	1.5638e-04
766.2	1.5477e-04
766.4	1.5368e-04
766.6	1.5339e-04
766.8	1.5311e-04
767.0	1.5282e-04
767.2	1.5243e-04
767.4	1.5175e-04
767.6	1.5107e-04
767.8	1.504e-04
768.0	1.4945e-04
768.2	1.4676e-04
768.4	1.4412e-04
768.6	1.4152e-04
768.8	1.3896e-04
769.0	1.3508e-04
769.2	1.313e-04
769.4	1.2763e-04
769.6	1.2406e-04
769.8	1.1889e-04
770.0	1.1371e-04
770.2	1.0876e-04
770.4	1.0403e-04
770.6	1.0043e-04
770.8	9.725e-05
771.0	9.4171e-05
771.2	9.1189e-05
771.4	8.836e-05
771.6	8.5652e-05
771.8	8.3026e-05
772.0	8.0481e-05
772.2	7.884e-05
772.4	7.8035e-05
772.6	7.7239e-05
772.8	7.645e-05
773.0	7.5995e-05
773.2	7.6071e-05
773.4	7.6148e-05
773.6	7.6225e-05
773.8	7.6906e-05
774.0	7.9399e-05
774.2	8.1973e-05
774.4	8.463e-05
774.6	8.7515e-05
774.8	9.1489e-05
775.0	9.5644e-05
775.2	9.9987e-05
775.4	1.0454e-04
775.6	1.1036e-04
775.8	1.1651e-04
776.0	1.2299e-04
776.2	1.2985e-04
776.4	1.365e-04
776.6	1.4343e-04
776.8	1.507e-04
777.0	1.5834e-04
777.2	1.605e-04
777.4	1.609e-04
777.6	1.6131e-04
777.8	1.6171e-04
778.0	1.5646e-04
778.2	1.4837e-04
778.4	1.4071e-04
778.6	1.3344e-04
778.8	1.2427e-04
779.0	1.138e-04
779.2	1.0421e-04
779.4	9.543e-05
779.6	8.7523e-05
779.8	8.0454e-05
780.0	7.3956e-05
780.2	6.7983e-05
780.4	6.2715e-05
780.6	5.8386e-05
780.8	5.4356e-05
781.0	5.0603e-05
781.2	4.7264e-05
781.4	4.4904e-05
781.6	4.2663e-05
781.8	4.0533e-05
782.0	3.8529e-05
782.2	3.7013e-05
782.4	3.5557e-05
782.6	3.4158e-05
782.8	3.2814e-05
783.0	3.1822e-05
783.2	3.0883e-05
783.4	2.9972e-05
783.6	2.9088e-05
783.8	2.9112e-05
784.0	2.9354e-05
784.2	2.9598e-05
784.4	2.9844e-05
784.6	3.0086e-05
784.8	3.0327e-05
785.0	3.0569e-05
785.2	3.0814e-05
785.4	3.144e-05
785.6	3.2367e-05
785.8	3.3322e-05
786.0	3.4304e-05
786.2	3.5677e-05
786.4	3.7561e-05
786.6	3.9544e-05
786.8	4.1631e-05
787.0	4.4239e-05
787.2	4.7867e-05
787.4	5.1792e-05
787.6	5.6039e-05
787.8	6.0842e-05
788.0	6.6839e-05
788.2	7.3426e-05
788.4	8.0662e-05
788.6	8.8924e-05
788.8	1.0086e-04
789.0	1.144e-04
789.2	1.2975e-04
789.4	1.4716e-04
789.6	1.7022e-04
789.8	1.969e-04
790.0	2.2777e-04
790.2	2.6348e-04
790.4	2.9159e-04
790.6	3.2086e-04
790.8	3.5306e-04
791.0	3.8849e-04
791.2	3.8814e-04
791.4	3.7677e-04
791.6	3.6573e-04
791.8	3.5502e-04
792.0	3.2785e-04
792.2	2.9492e-04
792.4	2.653e-04
792.6	2.3865e-04
792.8	2.1501e-04
793.0	1.9396e-04
793.2	1.7498e-04
793.4	1.5785e-04
793.6	1.4384e-04
793.8	1.3281e-04
794.0	1.2263e-04
794.2	1.1322e-04
794.4	1.0608e-04
794.6	1.0254e-04
794.8	9.912e-05
795.0	9.5812e-05
795.2	9.2458e-05
795.4	8.9222e-05
795.6	8.61e-05
795.8	8.3086e-05
796.0	8.2565e-05
796.2	8.2242e-05
796.4	8.1921e-05
796.6	8.1601e-05
796.8	8.19e-05
797.0	8.3122e-05
797.2	8.4362e-05
797.4	8.5621e-05
797.6	8.6898e-05
797.8	9.0172e-05
798.0	9.384e-05
798.2	9.7656e-05
798.4	1.0163e-04
798.6	1.0649e-04
798.8	1.1291e-04
799.0	1.1973e-04
799.2	1.2695e-04
799.4	1.3461e-04
799.6	1.4469e-04
799.8	1.5592e-04
800.0	1.6801e-04
800.2	1.8105e-04
800.4	1.9493e-04
800.6	2.095e-04
800.8	2.2516e-04
801.0	2.42e-04
801.2	2.6009e-04
801.4	2.7115e-04
801.6	2.8065e-04
801.8	2.9049e-04
802.0	3.0068e-04
802.2	3.0582e-04
802.4	2.9801e-04
802.6	2.904e-04
802.8	2.8298e-04
803.0	2.7576e-04
803.2	2.5843e-04
803.4	2.4143e-04
803.6	2.2411e-04
803.8	2.0841e-04
804.0	1.9275e-04
804.2	1.7679e-04
804.4	1.6541e-04
804.6	1.5475e-04
804.8	1.4314e-04
805.0	1.349e-04
805.2	1.2598e-04
805.4	1.1886e-04
805.6	1.1378e-04
805.8	1.0823e-04
806.0	1.0374e-04
806.2	9.9134e-05
806.4	9.4682e-05
806.6	9.1224e-05
806.8	9.0468e-05
807.0	8.6244e-05
807.2	8.4851e-05
807.4	8.1885e-05
807.6	8.0329e-05
807.8	8.0733e-05
808.0	8.0732e-05
808.2	7.7912e-05
808.4	7.7524e-05
808.6	7.8108e-05
808.8	7.6842e-05
809.0	7.8422e-05
809.2	7.953e-05
809.4	7.9172e-05
809.6	8.1939e-05
809.8	8.18e-05
810.0	8.4084e-05
810.2	8.8895e-05
810.4	8.9063e-05
810.6	9.0757e-05
810.8	9.618e-05
811.0	9.9604e-05
811.2	1.0315e-04
811.4	1.0656e-04
811.6	1.1146e-04
811.8	1.1652e-04
812.0	1.2422e-04
812.2	1.2848e-04
812.4	1.3579e-04
812.6	1.46e-04
812.8	1.5715e-04
813.0	1.6739e-04
813.2	1.8145e-04
813.4	1.9227e-04
813.6	2.0845e-04
813.8	2.2376e-04
814.0	2.428e-04
814.2	2.6491e-04
814.4	2.8834e-04
814.6	3.1549e-04
814.8	3.5127e-04
815.0	3.8548e-04
815.2	4.2593e-04
815.4	4.7219e-04
815.6	5.3167e-04
815.8	5.9178e-04
816.0	6.6773e-04
816.2	7.4764e-04
816.4	8.4344e-04
816.6	9.4813e-04
816.8	0.00107
817.0	0.00121
817.2	0.00137
817.4	0.00155
817.6	0.00174
817.8	0.00196
818.0	0.00217
818.2	0.00242
818.4	0.00265
818.6	0.0029
818.8	0.00312
819.0	0.00333
819.2	0.00351
819.4	0.00365
819.6	0.00374
819.8	0.00378
820.0	0.00379
820.2	0.00375
820.4	0.00367
820.6	0.00356
820.8	0.00344
821.0	0.00327
821.2	0.00311
821.4	0.00293
821.6	0.00275
821.8	0.00256
822.0	0.00238
822.2	0.00221
822.4	0.00204
822.6	0.00189
822.8	0.00175
823.0	0.00162
823.2	0.00149
823.4	0.00137
823.6	0.00127
823.8	0.00117
824.0	0.00109
824.2	0.00101
824.4	9.3486e-04
824.6	8.7488e-04
824.8	8.1571e-04
825.0	7.6421e-04
825.2	7.2332e-04
825.4	6.8101e-04
825.6	6.3879e-04
825.8	6.0582e-04
826.0	5.7822e-04
826.2	5.416e-04
826.4	5.2553e-04
826.6	5.0568e-04
826.8	4.834e-04
827.0	4.6593e-04
827.2	4.4917e-04
827.4	4.3715e-04
827.6	4.2826e-04
827.8	4.2097e-04
828.0	4.1002e-04
828.2	4.0292e-04
828.4	3.954e-04
828.6	3.9083e-04
828.8	3.8789e-04
829.0	3.8509e-04
829.2	3.8659e-04
829.4	3.8835e-04
829.6	3.9056e-04
829.8	3.9529e-04
830.0	3.9538e-04
830.2	4.062e-04
830.4	4.1066e-04
830.6	4.2215e-04
830.8	4.3011e-04
831.0	4.4328e-04
831.2	4.6035e-04
831.4	4.7478e-04
831.6	4.9524e-04
831.8	5.142e-04
832.0	5.384e-04
832.2	5.6651e-04
832.4	5.9927e-04
832.6	6.3095e-04
832.8	6.6988e-04
833.0	7.1026e-04
833.2	7.6244e-04
833.4	8.1777e-04
833.6	8.7193e-04
833.8	9.2762e-04
834.0	9.9336e-04
834.2	0.00106
834.4	0.00112
834.6	0.00119
834.8	0.00125
835.0	0.0013
835.2	0.00134
835.4	0.00138
835.6	0.00138
835.8	0.00137
836.0	0.00135
836.2	0.00132
836.4	0.00126
836.6	0.0012
836.8	0.00114
837.0	0.00107
837.2	0.00102
837.4	9.4158e-04
837.6	8.7943e-04
837.8	8.1995e-04
838.0	7.6862e-04
838.2	7.2026e-04
838.4	6.7621e-04
838.6	6.325e-04
838.8	5.9477e-04
839.0	5.6008e-04
839.2	5.3184e-04
839.4	5.0648e-04
839.6	4.828e-04
839.8	4.6107e-04
840.0	4.4356e-04
840.2	4.272e-04
840.4	4.1547e-04
840.6	4.0681e-04
840.8	3.9487e-04
841.0	3.8475e-04
841.2	3.741e-04
841.4	3.6931e-04
841.6	3.6186e-04
841.8	3.6015e-04
842.0	3.5976e-04
842.2	3.5789e-04
842.4	3.5334e-04
842.6	3.546e-04
842.8	3.5664e-04
843.0	3.5984e-04
843.2	3.6577e-04
843.4	3.7303e-04
843.6	3.8008e-04
843.8	3.9067e-04
844.0	3.9626e-04
844.2	4.0752e-04
844.4	4.1945e-04
844.6	4.3447e-04
844.8	4.5119e-04
845.0	4.6768e-04
845.2	4.9068e-04
845.4	5.1587e-04
845.6	5.4249e-04
845.8	5.7128e-04
846.0	6.0532e-04
846.2	6.5034e-04
846.4	6.9648e-04
846.6	7.4302e-04
846.8	8.0015e-04
847.0	8.6167e-04
847.2	9.2895e-04
847.4	0.00101
847.6	0.0011
847.8	0.0012
848.0	0.00131
848.2	0.00144
848.4	0.00157
848.6	0.00171
848.8	0.00187
849.0	0.00202
849.2	0.00216
849.4	0.00231
849.6	0.00243
849.8	0.00252
850.0	0.00259
850.2	0.00261
850.4	0.0026
850.6	0.00256
850.8	0.00249
851.0	0.0024
851.2	0.00229
851.4	0.00216
851.6	0.00205
851.8	0.00195
852.0	0.00183
852.2	0.00173
852.4	0.00163
852.6	0.00154
852.8	0.00147
853.0	0.0014
853.2	0.00134
853.4	0.00128
853.6	0.00123
853.8	0.00119
854.0	0.00116
854.2	0.00113
854.4	0.0011
854.6	0.00108
854.8	0.00107
855.0	0.00105
855.2	0.00105
855.4	0.00105
855.6	0.00104
855.8	0.00105
856.0	0.00106
856.2	0.00107
856.4	0.00109
856.6	0.00112
856.8	0.00114
857.0	0.00118
857.2	0.00121
857.4	0.00126
857.6	0.00131
857.8	0.00136
858.0	0.00143
858.2	0.00151
858.4	0.00158
858.6	0.00167
858.8	0.00178
859.0	0.00187
859.2	0.002
859.4	0.00214
859.6	0.00227
859.8	0.00242
860.0	0.00256
860.2	0.00272
860.4	0.00287
860.6	0.00301
860.8	0.00311
861.0	0.00319
861.2	0.00326
861.4	0.00328
861.6	0.00326
861.8	0.0032
862.0	0.00311
862.2	0.00298
862.4	0.00284
862.6	0.00269
862.8	0.00254
863.0	0.00238
863.2	0.00222
863.4	0.00207
863.6	0.00193
863.8	0.0018
864.0	0.00169
864.2	0.00159
864.4	0.00149
864.6	0.0014
864.8	0.00132
865.0	0.00125
865.2	0.00119
865.4	0.00113
865.6	0.00108
865.8	0.00103
866.0	9.9205e-04
866.2	9.5853e-04
866.4	9.2414e-04
866.6	8.9996e-04
866.8	8.7337e-04
867.0	8.5708e-04
867.2	8.371e-04
867.4	8.298e-04
867.6	8.1615e-04
867.8	8.0393e-04
868.0	7.9138e-04
868.2	7.9137e-04
868.4	7.8699e-04
868.6	7.9443e-04
868.8	7.887e-04
869.0	7.9644e-04
869.2	8.0439e-04
869.4	8.1014e-04
869.6	8.255e-04
869.8	8.4867e-04
870.0	8.605e-04
870.2	8.819e-04
870.4	9.0141e-04
870.6	9.2899e-04
870.8	9.6222e-04
871.0	9.9273e-04
871.2	0.00103
871.4	0.00108
871.6	0.00112
871.8	0.00117
872.0	0.00123
872.2	0.00129
872.4	0.00136
872.6	0.00144
872.8	0.00152
873.0	0.00161
873.2	0.00172
873.4	0.00182
873.6	0.00194
873.8	0.00206
874.0	0.00219
874.2	0.00234
874.4	0.00249
874.6	0.00263
874.8	0.00278
875.0	0.00294
875.2	0.00306
875.4	0.00319
875.6	0.0033
875.8	0.0034
876.0	0.00346
876.2	0.00352
876.4	0.00354
876.6	0.00352
876.8	0.0035
877.0	0.00345
877.2	0.00339
877.4	0.0033
877.6	0.00321
877.8	0.00313
878.0	0.00302
878.2	0.00293
878.4	0.00283
878.6	0.00273
878.8	0.00264
879.0	0.00254
879.2	0.00247
879.4	0.0024
879.6	0.00232
879.8	0.00226
880.0	0.00221
880.2	0.00216
880.4	0.00212
880.6	0.00207
880.8	0.00203
881.0	0.002
881.2	0.00198
881.4	0.00195
881.6	0.00194
881.8	0.00193
882.0	0.00192
882.2	0.00191
882.4	0.0019
882.6	0.0019
882.8	0.0019
883.0	0.00189
883.2	0.00189
883.4	0.00189
883.6	0.00189
883.8	0.00189
884.0	0.00189
884.2	0.00189
884.4	0.00189
884.6	0.00187
884.8	0.00186
885.0	0.00185
885.2	0.00182
885.4	0.00179
885.6	0.00176
885.8	0.00172
886.0	0.00168
886.2	0.00164
886.4	0.0016
886.6	0.00155
886.8	0.0015
887.0	0.00144
887.2	0.00139
887.4	0.00134
887.6	0.00129
887.8	0.00123
888.0	0.00118
888.2	0.00112
888.4	0.00107
888.6	0.00103
888.8	9.8259e-04
889.0	9.3993e-04
889.2	8.9568e-04
889.4	8.6055e-04
889.6	8.2664e-04
889.8	7.94e-04
890.0	7.6362e-04
890.2	7.3239e-04
890.4	7.0031e-04
890.6	6.776e-04
890.8	6.5298e-04
891.0	6.3678e-04
891.2	6.1398e-04
891.4	5.9426e-04
891.6	5.7752e-04
891.8	5.6006e-04
892.0	5.4321e-04
892.2	5.3108e-04
892.4	5.2013e-04
892.6	5.0875e-04
892.8	5.0176e-04
893.0	4.9056e-04
893.2	4.8286e-04
893.4	4.7481e-04
893.6	4.7051e-04
893.8	4.6607e-04
894.0	4.6094e-04
894.2	4.5689e-04
894.4	4.547e-04
894.6	4.5307e-04
894.8	4.507e-04
895.0	4.5377e-04
895.2	4.5247e-04
895.4	4.5138e-04
895.6	4.5528e-04
895.8	4.5749e-04
896.0	4.6232e-04
896.2	4.6268e-04
896.4	4.6737e-04
896.6	4.7669e-04
896.8	4.8386e-04
897.0	4.9295e-04
897.2	4.9776e-04
897.4	5.0589e-04
897.6	5.1734e-04
897.8	5.2857e-04
898.0	5.4221e-04
898.2	5.593e-04
898.4	5.7185e-04
898.6	5.8936e-04
898.8	6.0016e-04
899.0	6.212e-04
899.2	6.4119e-04
899.4	6.5496e-04
899.6	6.744e-04
899.8	7.0217e-04
900.0	7.2179e-04
900.2	7.4762e-04
900.4	7.7058e-04
900.6	7.951e-04
900.8	8.2014e-04
901.0	8.4376e-04
901.2	8.7412e-04
901.4	8.8893e-04
901.6	9.2079e-04
901.8	9.4502e-04
902.0	9.6322e-04
902.2	9.8347e-04
902.4	0.001
902.6	0.00102
902.8	0.00103
903.0	0.00104
903.2	0.00105
903.4	0.00105
903.6	0.00105
903.8	0.00105
904.0	0.00105
904.2	0.00104
904.4	0.00102
904.6	0.00101
904.8	9.9613e-04
905.0	9.8217e-04
905.2	9.6513e-04
905.4	9.5119e-04
905.6	9.2845e-04
905.8	9.1132e-04
906.0	8.8914e-04
906.2	8.676e-04
906.4	8.4963e-04
906.6	8.3786e-04
906.8	8.1649e-04
907.0	8.009e-04
907.2	7.8341e-04
907.4	7.6778e-04
907.6	7.5186e-04
907.8	7.3996e-04
908.0	7.3161e-04
908.2	7.1872e-04
908.4	7.1254e-04
908.6	7.06e-04
908.8	6.94e-04
909.0	6.8612e-04
909.2	6.8275e-04
909.4	6.7664e-04
909.6	6.7654e-04
909.8	6.693e-04
910.0	6.7146e-04
910.2	6.7118e-04
910.4	6.7153e-04
910.6	6.7594e-04
910.8	6.7895e-04
911.0	6.8648e-04
911.2	6.9074e-04
911.4	6.9528e-04
911.6	7.0334e-04
911.8	7.1648e-04
912.0	7.2507e-04
912.2	7.4006e-04
912.4	7.5618e-04
912.6	7.6913e-04
912.8	7.8999e-04
913.0	8.053e-04
913.2	8.3294e-04
913.4	8.5179e-04
913.6	8.7782e-04
913.8	9.0736e-04
914.0	9.38e-04
914.2	9.6904e-04
914.4	0.00101
914.6	0.00104
914.8	0.00109
915.0	0.00113
915.2	0.00118
915.4	0.00123
915.6	0.00129
915.8	0.00134
916.0	0.00142
916.2	0.00148
916.4	0.00155
916.6	0.00162
916.8	0.00171
917.0	0.00178
917.2	0.00186
917.4	0.00194
917.6	0.00203
917.8	0.00212
918.0	0.00221
918.2	0.00228
918.4	0.00236
918.6	0.00242
918.8	0.00248
919.0	0.00254
919.2	0.00259
919.4	0.00263
919.6	0.00265
919.8	0.00267
920.0	0.00268
920.2	0.00268
920.4	0.00266
920.6	0.00263
920.8	0.0026
921.0	0.00258
921.2	0.00252
921.4	0.00249
921.6	0.00245
921.8	0.0024
922.0	0.00236
922.2	0.00231
922.4	0.00225
922.6	0.00222
922.8	0.00218
923.0	0.00214
923.2	0.00211
923.4	0.00207
923.6	0.00203
923.8	0.00201
924.0	0.00198
924.2	0.00196
924.4	0.00194
924.6	0.00192
924.8	0.0019
925.0	0.00189
925.2	0.00188
925.4	0.00188
925.6	0.00189
925.8	0.00188
926.0	0.00188
926.2	0.00189
926.4	0.00188
926.6	0.00189
926.8	0.0019
927.0	0.0019
927.2	0.00192
927.4	0.00193
927.6	0.00194
927.8	0.00195
928.0	0.00196
928.2	0.00197
928.4	0.00197
928.6	0.00197
928.8	0.00197
929.0	0.00196
929.2	0.00196
929.4	0.00194
929.6	0.00193
929.8	0.00191
930.0	0.00188
930.2	0.00185
930.4	0.00181
930.6	0.00176
930.8	0.00172
931.0	0.00168
931.2	0.00163
931.4	0.00156
931.6	0.00151
931.8	0.00144
932.0	0.0014
932.2	0.00138
932.4	0.00131
932.6	0.00126
932.8	0.0012
933.0	0.00115
933.2	0.0011
933.4	0.00105
933.6	0.001
933.8	9.5118e-04
934.0	9.1262e-04
934.2	8.7289e-04
934.4	8.4465e-04
934.6	8.0571e-04
934.8	7.6658e-04
935.0	7.4533e-04
935.2	7.1052e-04
935.4	6.7789e-04
935.6	6.5146e-04
935.8	6.2413e-04
936.0	6.1212e-04
936.2	5.8948e-04
936.4	5.6774e-04
936.6	5.4784e-04
936.8	5.2685e-04
937.0	5.1706e-04
937.2	5.0206e-04
937.4	4.9134e-04
937.6	4.7516e-04
937.8	4.6565e-04
938.0	4.5307e-04
938.2	4.4678e-04
938.4	4.3049e-04
938.6	4.159e-04
938.8	4.1759e-04
939.0	4.0852e-04
939.2	4.0192e-04
939.4	4.0129e-04
939.6	3.9699e-04
939.8	3.9041e-04
940.0	3.8695e-04
940.2	3.818e-04
940.4	3.8381e-04
940.6	3.7883e-04
940.8	3.7756e-04
941.0	3.8073e-04
941.2	3.7437e-04
941.4	3.74e-04
941.6	3.8282e-04
941.8	3.8537e-04
942.0	3.8116e-04
942.2	3.8369e-04
942.4	3.8111e-04
942.6	3.8559e-04
942.8	3.8731e-04
943.0	3.9261e-04
943.2	4.042e-04
943.4	4.0507e-04
943.6	4.1538e-04
943.8	4.2856e-04
944.0	4.2938e-04
944.2	4.316e-04
944.4	4.4419e-04
944.6	4.5201e-04
944.8	4.6119e-04
945.0	4.837e-04
945.2	4.9365e-04
945.4	5.0759e-04
945.6	5.1765e-04
945.8	5.3627e-04
946.0	5.5329e-04
946.2	5.6995e-04
946.4	5.8939e-04
946.6	6.1131e-04
946.8	6.3561e-04
947.0	6.6029e-04
947.2	6.8802e-04
947.4	7.191e-04
947.6	7.567e-04
947.8	7.8681e-04
948.0	8.2005e-04
948.2	8.626e-04
948.4	9.0148e-04
948.6	9.4762e-04
948.8	9.9608e-04
949.0	0.00105
949.2	0.00111
949.4	0.00116
949.6	0.00121
949.8	0.00127
950.0	0.00133
950.2	0.0014
950.4	0.00147
950.6	0.00154
950.8	0.0016
951.0	0.00168
951.2	0.00174
951.4	0.0018
951.6	0.00186
951.8	0.00192
952.0	0.00196
952.2	0.002
952.4	0.00204
952.6	0.00207
952.8	0.00208
953.0	0.00208
953.2	0.00207
953.4	0.00206
953.6	0.00206
953.8	0.00204
954.0	0.002
954.2	0.00197
954.4	0.00194
954.6	0.00189
954.8	0.00185
955.0	0.00182
955.2	0.00178
955.4	0.00172
955.6	0.0017
955.8	0.00165
956.0	0.00162
956.2	0.00157
956.4	0.00155
956.6	0.00151
956.8	0.00149
957.0	0.00145
957.2	0.00143
957.4	0.00141
957.6	0.00139
957.8	0.00137
958.0	0.00135
958.2	0.00135
958.4	0.00134
958.6	0.00134
958.8	0.00133
959.0	0.00132
959.2	0.00132
959.4	0.00132
959.6	0.00134
959.8	0.00133
960.0	0.00134
960.2	0.00135
960.4	0.00136
960.6	0.00138
960.8	0.00141
961.0	0.00142
961.2	0.00145
961.4	0.00148
961.6	0.00151
961.8	0.00155
962.0	0.00159
962.2	0.00163
962.4	0.00168
962.6	0.00174
962.8	0.0018
963.0	0.00187
963.2	0.00194
963.4	0.00202
963.6	0.0021
963.8	0.00221
964.0	0.00231
964.2	0.00243
964.4	0.00256
964.6	0.00269
964.8	0.00284
965.0	0.00304
965.2	0.00322
965.4	0.00341
965.6	0.00365
965.8	0.00388
966.0	0.00414
966.2	0.00441
966.4	0.00471
966.6	0.00502
966.8	0.00535
967.0	0.00569
967.2	0.00603
967.4	0.00636
967.6	0.00667
967.8	0.00695
968.0	0.0072
968.2	0.00742
968.4	0.00754
968.6	0.00762
968.8	0.0076
969.0	0.00753
969.2	0.00739
969.4	0.00724
969.6	0.00699
969.8	0.00672
970.0	0.00646
970.2	0.00613
970.4	0.00583
970.6	0.00554
970.8	0.00524
971.0	0.00497
971.2	0.00469
971.4	0.00444
971.6	0.00421
971.8	0.00401
972.0	0.00385
972.2	0.00369
972.4	0.00353
972.6	0.00335
972.8	0.00321
973.0	0.00308
973.2	0.00294
973.4	0.00284
973.6	0.00274
973.8	0.00263
974.0	0.00257
974.2	0.0025
974.4	0.00242
974.6	0.00234
974.8	0.0023
975.0	0.00225
975.2	0.00221
975.4	0.00217
975.6	0.00214
975.8	0.00211
976.0	0.00209
976.2	0.00206
976.4	0.00206
976.6	0.00205
976.8	0.00204
977.0	0.00203
977.2	0.00203
977.4	0.00203
977.6	0.00205
977.8	0.00206
978.0	0.00207
978.2	0.0021
978.4	0.00212
978.6	0.00214
978.8	0.00217
979.0	0.00223
979.2	0.00225
979.4	0.00231
979.6	0.00236
979.8	0.0024
980.0	0.00248
980.2	0.00254
980.4	0.00261
980.6	0.00268
980.8	0.00277
981.0	0.00285
981.2	0.00294
981.4	0.00304
981.6	0.00313
981.8	0.00326
982.0	0.00334
982.2	0.00346
982.4	0.00357
982.6	0.00369
982.8	0.0038
983.0	0.00394
983.2	0.00403
983.4	0.00412
983.6	0.00422
983.8	0.0043
984.0	0.00439
984.2	0.00443
984.4	0.00447
984.6	0.0045
984.8	0.0045
985.0	0.00448
985.2	0.00447
985.4	0.00438
985.6	0.00434
985.8	0.00425
986.0	0.00417
986.2	0.00404
986.4	0.00394
986.6	0.00381
986.8	0.00368
987.0	0.00358
987.2	0.00343
987.4	0.0033
987.6	0.00318
987.8	0.00305
988.0	0.00294
988.2	0.00283
988.4	0.00271
988.6	0.00262
988.8	0.00251
989.0	0.00242
989.2	0.00232
989.4	0.00225
989.6	0.00217
989.8	0.00211
990.0	0.00204
990.2	0.00198
990.4	0.00191
990.6	0.00185
990.8	0.00183
991.0	0.00177
991.2	0.00172
991.4	0.00168
991.6	0.00164
991.8	0.00163
992.0	0.00159
992.2	0.00156
992.4	0.00155
992.6	0.00152
992.8	0.00151
993.0	0.0015
993.2	0.00149
993.4	0.00147
993.6	0.00146
993.8	0.00145
994.0	0.00145
994.2	0.00144
994.4	0.00144
994.6	0.00145
994.8	0.00145
995.0	0.00145
995.2	0.00147
995.4	0.00148
995.6	0.0015
995.8	0.00153
996.0	0.00154
996.2	0.00156
996.4	0.00158
996.6	0.0016
996.8	0.00165
997.0	0.00168
997.2	0.00171
997.4	0.00175
997.6	0.0018
997.8	0.00185
998.0	0.0019
998.2	0.00196
998.4	0.00201
998.6	0.0021
998.8	0.00216
999.0	0.00224
999.2	0.00232
999.4	0.00242
999.6	0.00251
999.8	0.00262
1000.0	0.00269
1000.2	0.00272
1000.4	0.00284
1000.6	0.00296
1000.8	0.00309
1001.0	0.00323
1001.2	0.00335
1001.4	0.00349
1001.6	0.00363
1001.8	0.00375
1002.0	0.00388
1002.2	0.004
1002.4	0.00412
1002.6	0.00419
1002.8	0.00428
1003.0	0.00432
1003.2	0.00436
1003.4	0.00437
1003.6	0.00436
1003.8	0.00431
1004.0	0.00425
1004.2	0.00417
1004.4	0.00405
1004.6	0.00393
1004.8	0.00379
1005.0	0.00364
1005.2	0.00351
1005.4	0.00336
1005.6	0.00321
1005.8	0.00306
1006.0	0.00293
1006.2	0.00276
1006.4	0.00264
1006.6	0.0025
1006.8	0.00237
1007.0	0.00225
1007.2	0.00215
1007.4	0.00204
1007.6	0.00194
1007.8	0.00186
1008.0	0.00176
1008.2	0.00169
1008.4	0.00161
1008.6	0.00155
1008.8	0.00149
1009.0	0.00143
1009.2	0.00137
1009.4	0.00132
1009.6	0.00127
1009.8	0.00122
1010.0	0.00118
1010.2	0.00115
1010.4	0.00111
1010.6	0.00108
1010.8	0.00105
1011.0	0.00102
1011.2	9.9439e-04
1011.4	9.655e-04
1011.6	9.438e-04
1011.8	9.2445e-04
1012.0	9.0596e-04
1012.2	8.8244e-04
1012.4	8.7695e-04
1012.6	8.6239e-04
1012.8	8.4157e-04
1013.0	8.2792e-04
1013.2	8.2288e-04
1013.4	8.0605e-04
1013.6	7.9573e-04
1013.8	7.9242e-04
1014.0	7.8008e-04
1014.2	7.7418e-04
1014.4	7.6527e-04
1014.6	7.6338e-04
1014.8	7.5642e-04
1015.0	7.5812e-04
1015.2	7.5323e-04
1015.4	7.4994e-04
1015.6	7.5288e-04
1015.8	7.4803e-04
1016.0	7.5559e-04
1016.2	7.5085e-04
1016.4	7.5436e-04
1016.6	7.5833e-04
1016.8	7.5917e-04
1017.0	7.6659e-04
1017.2	7.698e-04
1017.4	7.8734e-04
1017.6	7.8375e-04
1017.8	7.9096e-04
1018.0	7.9756e-04
1018.2	8.1096e-04
1018.4	8.1433e-04
1018.6	8.2584e-04
1018.8	8.3977e-04
1019.0	8.488e-04
1019.2	8.6287e-04
1019.4	8.7735e-04
1019.6	8.9203e-04
1019.8	9.102e-04
1020.0	9.1813e-04
1020.2	9.463e-04
1020.4	9.6069e-04
1020.6	9.848e-04
1020.8	0.00101
1021.0	0.00103
1021.2	0.00105
1021.4	0.00108
1021.6	0.00111
1021.8	0.00113
1022.0	0.00116
1022.2	0.00119
1022.4	0.00123
1022.6	0.00126
1022.8	0.00129
1023.0	0.00132
1023.2	0.00136
1023.4	0.00141
1023.6	0.00145
1023.8	0.00149
1024.0	0.00153
1024.2	0.00158
1024.4	0.00162
1024.6	0.00166
1024.8	0.00171
1025.0	0.00177
1025.2	0.00182
1025.4	0.00188
1025.6	0.00193
1025.8	0.00197
1026.0	0.00201
1026.2	0.00206
1026.4	0.0021
1026.6	0.00214
1026.8	0.00218
1027.0	0.00222
1027.2	0.00227
1027.4	0.00232
1027.6	0.00235
1027.8	0.00239
1028.0	0.00241
1028.2	0.00244
1028.4	0.00246
1028.6	0.00247
1028.8	0.0025
1029.0	0.00252
1029.2	0.00253
1029.4	0.00254
1029.6	0.00254
1029.8	0.00254
1030.0	0.00255
1030.2	0.00255
1030.4	0.00255
1030.6	0.00254
1030.8	0.00254
1031.0	0.00254
1031.2	0.00253
1031.4	0.00253
1031.6	0.00251
1031.8	0.00249
1032.0	0.00248
1032.2	0.00247
1032.4	0.00246
1032.6	0.00245
1032.8	0.00244
1033.0	0.00243
1033.2	0.00242
1033.4	0.00241
1033.6	0.00241
1033.8	0.0024
1034.0	0.00239
1034.2	0.00238
1034.4	0.00238
1034.6	0.00238
1034.8	0.00239
1035.0	0.00239
1035.2	0.0024
1035.4	0.0024
1035.6	0.0024
1035.8	0.00241
1036.0	0.00242
1036.2	0.00243
1036.4	0.00245
1036.6	0.00247
1036.8	0.00248
1037.0	0.0025
1037.2	0.00253
1037.4	0.00256
1037.6	0.00259
1037.8	0.00263
1038.0	0.00267
1038.2	0.0027
1038.4	0.00274
1038.6	0.0028
1038.8	0.00285
1039.0	0.00289
1039.2	0.00294
1039.4	0.003
1039.6	0.00306
1039.8	0.00313
1040.0	0.00321
1040.2	0.00328
1040.4	0.00336
1040.6	0.00344
1040.8	0.00352
1041.0	0.00362
1041.2	0.00371
1041.4	0.00381
1041.6	0.00392
1041.8	0.00404
1042.0	0.00417
1042.2	0.00429
1042.4	0.00442
1042.6	0.00457
1042.8	0.00472
1043.0	0.00486
1043.2	0.00501
1043.4	0.00517
1043.6	0.00534
1043.8	0.00553
1044.0	0.00572
1044.2	0.00591
1044.4	0.0061
1044.6	0.0063
1044.8	0.0065
1045.0	0.00678
1045.2	0.007
1045.4	0.00723
1045.6	0.00747
1045.8	0.00767
1046.0	0.00784
1046.2	0.00801
1046.4	0.00818
1046.6	0.00835
1046.8	0.00848
1047.0	0.00861
1047.2	0.00875
1047.4	0.00888
1047.6	0.00897
1047.8	0.00902
1048.0	0.00906
1048.2	0.00911
1048.4	0.00915
1048.6	0.00914
1048.8	0.00913
1049.0	0.00912
1049.2	0.00911
1049.4	0.00906
1049.6	0.00899
1049.8	0.00892
1050.0	0.00885
1050.2	0.00878
1050.4	0.00868
1050.6	0.00859
1050.8	0.00849
1051.0	0.0084
1051.2	0.0083
1051.4	0.0082
1051.6	0.0081
1051.8	0.008
1052.0	0.00791
1052.2	0.00782
1052.4	0.00774
1052.6	0.00766
1052.8	0.00758
1053.0	0.00752
1053.2	0.00748
1053.4	0.00743
1053.6	0.00738
1053.8	0.00734
1054.0	0.0073
1054.2	0.00727
1054.4	0.00723
1054.6	0.0072
1054.8	0.00718
1055.0	0.00717
1055.2	0.00715
1055.4	0.00714
1055.6	0.00713
1055.8	0.00713
1056.0	0.00714
1056.2	0.00714
1056.4	0.00714
1056.6	0.00718
1056.8	0.00721
1057.0	0.00725
1057.2	0.00728
1057.4	0.00733
1057.6	0.00739
1057.8	0.00746
1058.0	0.00752
1058.2	0.00758
1058.4	0.00764
1058.6	0.0077
1058.8	0.00776
1059.0	0.00782
1059.2	0.00788
1059.4	0.00794
1059.6	0.00801
1059.8	0.00807
1060.0	0.00813
1060.2	0.00818
1060.4	0.00823
1060.6	0.00828
1060.8	0.00833
1061.0	0.00835
1061.2	0.00836
1061.4	0.00837
1061.6	0.00838
1061.8	0.00837
1062.0	0.00833
1062.2	0.00829
1062.4	0.00824
1062.6	0.0082
1062.8	0.0081
1063.0	0.00799
1063.2	0.00788
1063.4	0.00777
1063.6	0.00765
1063.8	0.0075
1064.0	0.00736
1064.2	0.00722
1064.4	0.00708
1064.6	0.00694
1064.8	0.00681
1065.0	0.00668
1065.2	0.00625
1065.4	0.00594
1065.6	0.00577
1065.8	0.00561
1066.0	0.00545
1066.2	0.00529
1066.4	0.00514
1066.6	0.00499
1066.8	0.00485
1067.0	0.00471
1067.2	0.00457
1067.4	0.00443
1067.6	0.00429
1067.8	0.00416
1068.0	0.00404
1068.2	0.00391
1068.4	0.0038
1068.6	0.00368
1068.8	0.00357
1069.0	0.00347
1069.2	0.00338
1069.4	0.00329
1069.6	0.0032
1069.8	0.00311
1070.0	0.00303
1070.2	0.00295
1070.4	0.00287
1070.6	0.00279
1070.8	0.00273
1071.0	0.00267
1071.2	0.00261
1071.4	0.00256
1071.6	0.00251
1071.8	0.00245
1072.0	0.0024
1072.2	0.00235
1072.4	0.0023
1072.6	0.00226
1072.8	0.00223
1073.0	0.0022
1073.2	0.00217
1073.4	0.00214
1073.6	0.00211
1073.8	0.00208
1074.0	0.00205
1074.2	0.00202
1074.4	0.00201
1074.6	0.002
1074.8	0.002
1075.0	0.00199
1075.2	0.00198
1075.4	0.00198
1075.6	0.00197
1075.8	0.00196
1076.0	0.00196
1076.2	0.00195
1076.4	0.00194
1076.6	0.00194
1076.8	0.00195
1077.0	0.00195
1077.2	0.00196
1077.4	0.00196
1077.6	0.00197
1077.8	0.00197
1078.0	0.00198
1078.2	0.00198
1078.4	0.00199
1078.6	0.00199
1078.8	0.002
1079.0	0.002
1079.2	0.002
1079.4	0.00201
1079.6	0.00201
1079.8	0.00202
1080.0	0.00205
1080.2	0.00209
1080.4	0.00214
1080.6	0.00218
1080.8	0.00222
1081.0	0.00227
1081.2	0.00232
1081.4	0.00236
1081.6	0.00241
1081.8	0.00246
1082.0	0.00251
1082.2	0.00256
1082.4	0.00261
1082.6	0.00267
1082.8	0.00272
1083.0	0.00277
1083.2	0.00283
1083.4	0.00289
1083.6	0.00295
1083.8	0.00301
1084.0	0.00307
1084.2	0.00313
1084.4	0.00319
1084.6	0.00326
1084.8	0.00334
1085.0	0.00343
1085.2	0.00353
1085.4	0.00363
1085.6	0.00373
1085.8	0.00383
1086.0	0.00394
1086.2	0.00405
1086.4	0.00417
1086.6	0.00428
1086.8	0.0044
1087.0	0.00453
1087.2	0.00465
1087.4	0.00478
1087.6	0.00492
1087.8	0.00506
1088.0	0.0052
1088.2	0.00534
1088.4	0.00549
1088.6	0.00565
1088.8	0.00581
1089.0	0.00597
1089.2	0.00614
1089.4	0.00631
1089.6	0.00645
1089.8	0.00649
1090.0	0.00652
1090.2	0.00656
1090.4	0.0066
1090.6	0.00664
1090.8	0.00668
1091.0	0.00671
1091.2	0.00675
1091.4	0.00679
1091.6	0.00683
1091.8	0.00687
1092.0	0.00691
1092.2	0.00695
1092.4	0.00699
1092.6	0.00703
1092.8	0.00707
1093.0	0.00712
1093.2	0.00716
1093.4	0.0072
1093.6	0.00724
1093.8	0.00728
1094.0	0.00732
1094.2	0.00737
1094.4	0.00741
1094.6	0.00732
1094.8	0.00723
1095.0	0.00714
1095.2	0.00706
1095.4	0.00697
1095.6	0.00689
1095.8	0.00681
1096.0	0.00673
1096.2	0.00665
1096.4	0.00657
1096.6	0.00649
1096.8	0.00641
1097.0	0.00633
1097.2	0.00626
1097.4	0.00618
1097.6	0.00611
1097.8	0.00604
1098.0	0.00596
1098.2	0.00589
1098.4	0.00582
1098.6	0.00575
1098.8	0.00568
1099.0	0.00562
1099.2	0.00555
1099.4	0.00548
1099.6	0.00542
1099.8	0.00535
1100.0	0.00529
1100.2	0.00522
1100.4	0.00516
1100.6	0.00512
1100.8	0.00509
1101.0	0.00507
1101.2	0.00505
1101.4	0.00502
1101.6	0.005
1101.8	0.00498
1102.0	0.00495
1102.2	0.00493
1102.4	0.0049
1102.6	0.00488
1102.8	0.00486
1103.0	0.00484
1103.2	0.00481
1103.4	0.00479
1103.6	0.00477
1103.8	0.00474
1104.0	0.00476
1104.2	0.0048
1104.4	0.00484
1104.6	0.00488
1104.8	0.00492
1105.0	0.00496
1105.2	0.005
1105.4	0.00504
1105.6	0.00508
1105.8	0.00513
1106.0	0.00517
1106.2	0.00521
1106.4	0.00526
1106.6	0.0053
1106.8	0.00534
1107.0	0.00539
1107.2	0.00543
1107.4	0.00548
1107.6	0.00552
1107.8	0.00557
1108.0	0.00562
1108.2	0.00566
1108.4	0.00571
1108.6	0.00576
1108.8	0.00581
1109.0	0.00585
